kernel line : count latency dram_traffic smem_bk_conflicts smem_warp gmem_access_generated gmem_warp exposed_latency warp_divergence
_1.ptx 199 : 19456000 114907136 0 0 0 0 0 0 0 
_1.ptx 200 : 3891200 29081600 0 0 0 0 0 0 0 
_1.ptx 205 : 199424 1325984 0 0 0 0 0 0 0 
_1.ptx 207 : 4090624 1334720 0 0 0 0 0 0 0 
_1.ptx 209 : 3891200 13029568 0 0 0 0 0 0 0 
_1.ptx 210 : 3891200 31575040 0 0 0 0 0 0 0 
_1.ptx 211 : 3891200 40985792 0 0 0 0 0 0 0 
_1.ptx 212 : 3891200 46627616 0 0 0 0 0 0 0 
_1.ptx 213 : 3891200 21393600 15564800 0 0 121600 121600 0 0 
_1.ptx 216 : 4090624 30070336 0 0 0 0 0 0 0 
_1.ptx 63 : 215296 1318880 0 0 0 0 0 0 0 
_1.ptx 64 : 215296 1326464 0 0 0 0 0 0 0 
_1.ptx 65 : 215296 3101728 0 0 0 0 0 0 0 
_1.ptx 66 : 215296 1307456 0 0 0 0 0 0 0 
_1.ptx 67 : 215296 2388800 0 0 0 0 0 0 0 
_1.ptx 68 : 215296 15402752 128 0 0 0 0 0 0 
_1.ptx 69 : 215296 1746240 0 0 0 0 0 0 0 
_1.ptx 70 : 215296 66208 0 0 0 0 0 0 0 
_1.ptx 71 : 204800 13395296 0 0 0 0 0 0 0 
_1.ptx 72 : 204800 1281248 0 0 0 0 0 0 0 
_1.ptx 73 : 204800 1669344 0 0 0 0 0 0 0 
_1.ptx 74 : 204800 0 0 0 0 0 0 0 0 
_1.ptx 75 : 204800 1480096 0 0 0 0 0 0 0 
_1.ptx 76 : 204800 2301504 0 0 0 0 0 0 0 
_1.ptx 77 : 204800 1460448 0 0 0 0 0 0 0 
_1.ptx 78 : 204800 2273632 0 0 0 0 0 0 0 
_1.ptx 79 : 204800 1442016 0 0 0 0 0 0 0 
_1.ptx 80 : 204800 2311488 0 0 0 0 0 0 0 
_1.ptx 81 : 204800 15264704 0 0 0 0 0 0 0 
_1.ptx 82 : 204800 1442336 0 0 0 0 0 0 0 
_1.ptx 83 : 204800 2389792 0 0 0 0 0 0 0 
_1.ptx 84 : 204800 2268064 0 0 0 0 0 0 0 
_1.ptx 85 : 204800 22416320 0 0 0 0 0 0 0 
_1.ptx 86 : 204800 1470144 0 0 0 0 0 0 0 
_1.ptx 87 : 204800 2301440 0 0 0 0 0 0 0 
_1.ptx 88 : 204800 2261888 0 0 0 0 0 0 0 
_1.ptx 89 : 204800 1494368 0 0 0 0 0 0 0 
_1.ptx 93 : 6963200 898468608 27982336 0 0 6963200 217600 0 0 
_1.ptx 94 : 6963200 557278336 27852800 0 0 217600 217600 0 0 
_1.ptx 95 : 6963200 69779648 0 0 0 0 0 0 0 
_1.ptx 96 : 6963200 69694144 0 0 0 0 0 0 0 
_1.ptx 97 : 6963200 76684992 0 0 0 0 0 0 0 
_1.ptx 98 : 6963200 55928224 0 0 0 0 0 0 0 
_1.ptx 99 : 6963200 40569472 0 0 0 0 0 0 0 
_1.ptx 103 : 215296 1293632 0 0 0 0 0 0 0 
_1.ptx 125 : 4090624 28034784 0 0 0 0 0 0 0 
_1.ptx 126 : 4090624 28210176 0 0 0 0 0 0 0 
_1.ptx 127 : 4090624 55803488 0 0 0 0 0 0 0 
_1.ptx 128 : 4090624 28242784 0 0 0 0 0 0 0 
_1.ptx 129 : 4090624 48833824 0 0 0 0 0 0 0 
_1.ptx 130 : 4090624 28842496 0 0 0 0 0 0 0 
_1.ptx 131 : 4090624 51700640 0 0 0 0 0 0 0 
_1.ptx 132 : 4090624 29025280 0 0 0 0 0 0 0 
_1.ptx 133 : 4090624 53253952 0 0 0 0 0 0 0 
_1.ptx 134 : 4090624 28903520 0 0 0 0 0 0 0 
_1.ptx 135 : 4090624 47699200 0 0 0 0 0 0 0 
_1.ptx 136 : 4090624 12958816 0 0 0 0 0 0 0 
_1.ptx 137 : 4090624 35906048 0 0 0 0 0 0 0 
_1.ptx 138 : 4090624 1342080 0 0 0 0 0 0 0 
_1.ptx 139 : 3891200 12278176 0 0 0 0 0 0 0 
_1.ptx 140 : 3891200 26360320 0 0 0 0 0 0 0 
_1.ptx 141 : 3891200 33676704 0 0 0 0 0 0 0 
_1.ptx 142 : 3891200 0 0 0 0 0 0 0 0 
_1.ptx 143 : 3891200 30170560 0 0 0 0 0 0 0 
_1.ptx 144 : 3891200 12264608 0 0 0 0 0 0 0 
_1.ptx 145 : 3891200 26488352 0 0 0 0 0 0 0 
_1.ptx 146 : 3891200 33883616 0 0 0 0 0 0 0 
_1.ptx 147 : 3891200 27363712 0 0 0 0 0 0 0 
_1.ptx 148 : 3891200 27334496 0 0 0 0 0 0 0 
_1.ptx 149 : 3891200 26896832 0 0 0 0 0 0 0 
_1.ptx 150 : 3891200 27140736 0 0 0 0 0 0 0 
_1.ptx 151 : 3891200 30983552 0 0 0 0 0 0 0 
_1.ptx 154 : 19456000 0 0 0 0 0 0 0 0 
_1.ptx 155 : 19456000 159869504 0 0 0 0 0 0 0 
_1.ptx 156 : 19456000 222313472 0 0 0 0 0 0 0 
_1.ptx 157 : 19456000 161604736 0 0 0 0 0 0 0 
_1.ptx 158 : 19456000 231161376 0 0 0 0 0 0 0 
_1.ptx 159 : 19456000 166785440 0 0 0 0 0 0 0 
_1.ptx 160 : 19456000 205946816 0 0 0 0 0 0 0 
_1.ptx 161 : 19456000 232424672 0 0 0 0 0 0 0 
_1.ptx 162 : 19456000 164403712 0 0 0 0 0 0 0 
_1.ptx 163 : 19456000 146797600 0 0 0 0 0 0 0 
_1.ptx 164 : 19456000 161518016 0 0 0 0 0 0 0 
_1.ptx 168 : 661504000 5780706368 0 0 0 0 0 0 0 
_1.ptx 169 : 661504000 5016018816 0 0 0 0 0 0 0 
_1.ptx 170 : 661504000 5660198496 0 0 0 0 0 0 0 
_1.ptx 171 : 661504000 4947108704 0 0 0 0 0 0 0 
_1.ptx 172 : 661504000 5637689280 0 0 0 0 0 0 0 
_1.ptx 173 : 661504000 4912126656 0 0 0 0 0 0 0 
_1.ptx 174 : 661504000 5505025216 0 0 0 0 0 0 0 
_1.ptx 175 : 661504000 243808841984 2646016000 0 0 0 0 0 0 
_1.ptx 176 : 661504000 5466046528 0 0 0 0 0 0 0 
_1.ptx 178 : 661504000 3095908480 1408 0 0 0 0 0 0 
_1.ptx 179 : 661504000 7985872800 0 0 0 0 0 0 0 
_1.ptx 180 : 661504000 6764581568 0 0 0 0 0 0 0 
_1.ptx 181 : 661504000 7730034272 0 0 0 0 0 0 0 
_1.ptx 182 : 661504000 7681844992 0 0 0 0 0 0 0 
_1.ptx 183 : 661504000 8210016768 0 0 0 0 0 0 0 
_1.ptx 184 : 661504000 6237333472 0 0 0 0 0 0 0 
_1.ptx 185 : 661504000 4955741728 0 0 0 0 0 0 0 
_1.ptx 186 : 19456000 153262272 0 0 0 0 0 0 0 
_1.ptx 190 : 19456000 177225280 0 0 0 0 0 0 0 
_1.ptx 191 : 19456000 94309037 0 0 0 0 0 0 10162 
_1.ptx 193 : 6990785 58333968 0 0 0 0 0 0 0 
_1.ptx 195 : 6990785 60139353 0 0 0 0 0 0 0 
_1.ptx 197 : 19456000 221170688 0 0 0 0 0 0 0 
_1.ptx 198 : 19456000 177242464 0 0 0 0 0 0 0 
