kernel line : count latency dram_traffic smem_bk_conflicts smem_warp gmem_access_generated gmem_warp exposed_latency warp_divergence
_1.ptx 823 : 4096 24576 0 0 0 0 0 0 0 
_1.ptx 824 : 4096 24576 0 0 0 0 0 0 0 
_1.ptx 825 : 4096 60672 0 0 0 0 0 0 0 
_1.ptx 826 : 4096 24576 0 0 0 0 0 0 0 
_1.ptx 827 : 4096 45504 0 0 0 0 0 0 0 
_1.ptx 828 : 4096 29280 0 0 0 0 0 0 0 
_1.ptx 829 : 4096 24576 0 0 0 0 0 0 0 
_1.ptx 830 : 4096 33344 0 0 0 0 0 0 0 
_1.ptx 831 : 4096 0 0 0 0 0 0 0 0 
_1.ptx 832 : 4096 12288 0 0 0 0 0 0 0 
_1.ptx 833 : 4096 24576 0 0 0 0 0 0 0 
_1.ptx 834 : 4096 32768 0 0 0 0 0 0 0 
_1.ptx 835 : 4096 12288 0 0 0 0 0 0 0 
_1.ptx 836 : 4096 26048 0 0 0 0 0 0 0 
_1.ptx 837 : 4096 34848 0 0 0 0 0 0 0 
_1.ptx 838 : 4096 47392 0 0 0 0 0 0 0 
_1.ptx 839 : 4096 12288 0 0 0 0 0 0 0 
_1.ptx 840 : 4096 30048 0 0 0 0 0 0 0 
_1.ptx 841 : 4096 36960 0 0 0 0 0 0 0 
_1.ptx 842 : 4096 35520 0 0 0 0 0 0 0 
_1.ptx 843 : 4096 45248 0 0 0 0 0 0 0 
_1.ptx 844 : 4096 30176 0 0 0 0 0 0 0 
_1.ptx 845 : 4096 51680 0 0 0 0 0 0 0 
_1.ptx 846 : 4096 29792 0 0 0 0 0 0 0 
_1.ptx 847 : 4096 35680 0 0 0 0 0 0 0 
_1.ptx 848 : 4096 46720 0 0 0 0 0 0 0 
_1.ptx 849 : 4096 33088 0 0 0 0 0 0 0 
_1.ptx 850 : 4096 46272 0 0 0 0 0 0 0 
_1.ptx 851 : 4096 30400 0 0 0 0 0 0 0 
_1.ptx 852 : 4096 25664 0 0 0 0 0 0 0 
_1.ptx 853 : 4096 33728 0 0 0 0 0 0 0 
_1.ptx 854 : 4096 26752 0 0 0 0 0 0 0 
_1.ptx 855 : 4096 34400 0 0 0 0 0 0 0 
_1.ptx 856 : 4096 12288 0 0 0 0 0 0 0 
_1.ptx 857 : 4096 46752 0 0 0 0 0 0 0 
_1.ptx 858 : 4096 44224 0 0 0 0 0 0 0 
_1.ptx 859 : 4096 12288 0 0 0 0 0 0 0 
_1.ptx 860 : 4096 46848 0 0 0 0 0 0 0 
_1.ptx 861 : 4096 28832 0 0 0 0 0 0 0 
_1.ptx 862 : 4096 29952 0 0 0 0 0 0 0 
_1.ptx 863 : 4096 30368 0 0 0 0 0 0 0 
_1.ptx 864 : 4096 30464 0 0 0 0 0 0 0 
_1.ptx 865 : 4096 28928 0 0 0 0 0 0 0 
_1.ptx 866 : 4096 29728 0 0 0 0 0 0 0 
_1.ptx 867 : 4096 24576 0 0 0 0 0 0 0 
_1.ptx 868 : 4096 24576 0 0 0 0 0 0 0 
_1.ptx 869 : 4096 25600 0 0 0 0 0 0 0 
_1.ptx 870 : 4096 25472 0 0 0 0 0 0 0 
_1.ptx 873 : 4096 0 0 0 0 0 0 0 0 
_1.ptx 874 : 4096 29344 0 0 0 0 0 0 0 
_1.ptx 875 : 4096 27040 0 0 0 0 0 0 0 
_1.ptx 876 : 4096 26784 0 0 0 0 0 0 0 
_1.ptx 877 : 4096 25120 0 0 0 0 0 0 0 
_1.ptx 878 : 4096 29696 0 0 0 0 0 0 0 
_1.ptx 882 : 327680 1970912 0 0 0 0 0 0 0 
_1.ptx 883 : 327680 31288352 1310720 0 0 0 0 0 0 
_1.ptx 885 : 327680 1969280 0 0 0 0 0 0 0 
_1.ptx 886 : 327680 31521376 1310720 0 0 0 0 0 0 
_1.ptx 887 : 327680 3284672 0 0 0 0 0 0 0 
_1.ptx 888 : 327680 3286496 0 0 0 0 0 0 0 
_1.ptx 889 : 327680 3295392 0 0 0 0 0 0 0 
_1.ptx 890 : 327680 2630976 0 0 0 0 0 0 0 
_1.ptx 891 : 327680 1951648 0 0 0 0 0 0 0 
_1.ptx 894 : 4096 0 0 0 0 0 0 0 0 
_1.ptx 895 : 4096 28800 0 0 0 0 0 0 0 
_1.ptx 896 : 4096 24864 0 0 0 0 0 0 0 
_1.ptx 897 : 4096 24576 0 0 0 0 0 0 0 
_1.ptx 898 : 4096 24608 0 0 0 0 0 0 0 
_1.ptx 899 : 4096 28832 0 0 0 0 0 0 0 
_1.ptx 903 : 327680 126900704 1309952 0 0 0 0 0 0 
_1.ptx 904 : 327680 4444544 1284224 0 0 0 0 0 0 
_1.ptx 905 : 327680 3287200 0 0 0 0 0 0 0 
_1.ptx 906 : 327680 3285952 0 0 0 0 0 0 0 
_1.ptx 907 : 327680 3308576 0 0 0 0 0 0 0 
_1.ptx 908 : 327680 2629056 0 0 0 0 0 0 0 
_1.ptx 909 : 327680 1955616 0 0 0 0 0 0 0 
_1.ptx 911 : 4096 0 0 0 0 0 0 0 0 
_1.ptx 912 : 4096 29312 0 0 0 0 0 0 0 
_1.ptx 913 : 4096 26176 0 0 0 0 0 0 0 
_1.ptx 914 : 4096 29024 0 0 0 0 0 0 0 
_1.ptx 918 : 163840 1719168 0 0 0 0 0 0 0 
_1.ptx 919 : 163840 1241504 0 0 0 0 0 0 0 
_1.ptx 920 : 163840 1382176 0 0 0 0 0 0 0 
_1.ptx 921 : 163840 0 0 0 0 0 0 0 0 
_1.ptx 922 : 163840 1868608 0 0 0 0 0 0 0 
_1.ptx 923 : 163840 1721632 0 0 0 0 0 0 0 
_1.ptx 924 : 163840 492224 0 0 0 0 0 0 0 
_1.ptx 925 : 163840 2435552 0 0 0 0 0 0 0 
_1.ptx 926 : 163840 2824992 0 0 0 0 0 0 0 
_1.ptx 927 : 163840 1854336 0 0 0 0 0 0 0 
_1.ptx 928 : 163840 1249344 0 0 0 0 0 0 0 
_1.ptx 929 : 163840 1774080 0 0 0 0 0 0 0 
_1.ptx 930 : 163840 1860576 0 0 0 0 0 0 0 
_1.ptx 931 : 163840 1266208 0 0 0 0 0 0 0 
_1.ptx 932 : 163840 1757216 0 0 0 0 0 0 0 
_1.ptx 933 : 163840 1850240 0 0 0 0 0 0 0 
_1.ptx 934 : 163840 50988224 655360 0 0 0 0 0 0 
_1.ptx 935 : 163840 1849344 0 0 0 0 0 0 0 
_1.ptx 936 : 163840 1240128 0 0 0 0 0 0 0 
_1.ptx 937 : 163840 1147392 0 0 0 0 0 0 0 
_1.ptx 938 : 163840 1243968 0 0 0 0 0 0 0 
_1.ptx 942 : 9748480 110065664 0 0 0 0 0 0 0 
_1.ptx 943 : 9748480 73314464 0 0 0 0 0 0 0 
_1.ptx 944 : 9748480 103810752 0 0 0 0 0 0 0 
_1.ptx 945 : 9748480 110485632 0 0 0 0 0 0 0 
_1.ptx 946 : 9748480 39873472 0 0 0 0 0 0 0 
_1.ptx 948 : 9748480 109983776 0 0 0 0 0 0 0 
_1.ptx 949 : 9748480 2669108736 32649984 0 0 0 0 0 0 
_1.ptx 950 : 9748480 110174240 0 0 0 0 0 0 0 
_1.ptx 951 : 9748480 110515328 0 0 0 0 0 0 0 
_1.ptx 952 : 9748480 73390496 0 0 0 0 0 0 0 
_1.ptx 953 : 9748480 65352608 0 0 0 0 0 0 0 
_1.ptx 954 : 9748480 149841728 0 0 0 0 0 0 0 
_1.ptx 955 : 9748480 72890048 0 0 0 0 0 0 0 
_1.ptx 956 : 9748480 456026304 0 0 0 0 0 0 0 
_1.ptx 957 : 9748480 110106688 0 0 0 0 0 0 0 
_1.ptx 959 : 9748480 110492384 0 0 0 0 0 0 0 
_1.ptx 960 : 9748480 73352512 0 0 0 0 0 0 0 
_1.ptx 961 : 9748480 74423552 0 0 0 0 0 0 0 
_1.ptx 962 : 9748480 75051584 0 0 0 0 0 0 0 
_1.ptx 963 : 9748480 68665952 0 0 0 0 0 0 0 
_1.ptx 964 : 9748480 149892320 0 0 0 0 0 0 0 
_1.ptx 965 : 9748480 148837088 0 0 0 0 0 0 0 
_1.ptx 966 : 9748480 157676096 0 0 0 0 0 0 0 
_1.ptx 967 : 9748480 72655232 0 0 0 0 0 0 0 
_1.ptx 968 : 9748480 64072192 0 0 0 0 0 0 0 
_1.ptx 969 : 9748480 111610464 0 0 0 0 0 0 0 
_1.ptx 970 : 9748480 143823040 0 0 0 0 0 0 0 
_1.ptx 971 : 9748480 110465696 0 0 0 0 0 0 0 
_1.ptx 972 : 9748480 49838976 0 0 0 0 0 0 0 
_1.ptx 974 : 9748480 109993216 0 0 0 0 0 0 0 
_1.ptx 975 : 9748480 73463488 0 0 0 0 0 0 0 
_1.ptx 976 : 9748480 104652800 0 0 0 0 0 0 0 
_1.ptx 977 : 9748480 109886144 0 0 0 0 0 0 0 
_1.ptx 978 : 9748480 49463296 38993920 0 0 0 0 0 0 
_1.ptx 979 : 9748480 100896960 0 0 0 0 0 0 0 
_1.ptx 980 : 9748480 101472704 0 0 0 0 0 0 0 
_1.ptx 981 : 9748480 81670176 0 0 0 0 0 0 0 
_1.ptx 982 : 9748480 62352736 0 0 0 0 0 0 0 
_1.ptx 984 : 163840 1232448 0 0 0 0 0 0 0 
_1.ptx 985 : 163840 1376672 0 0 0 0 0 0 0 
_1.ptx 986 : 163840 1050272 0 0 0 0 0 0 0 
_1.ptx 989 : 4096 0 0 0 0 0 0 0 0 
_1.ptx 990 : 4096 29984 0 0 0 0 0 0 0 
_1.ptx 991 : 4096 29952 0 0 0 0 0 0 0 
_1.ptx 992 : 4096 30144 0 0 0 0 0 0 0 
_1.ptx 993 : 4096 27392 0 0 0 0 0 0 0 
_1.ptx 994 : 4096 26336 0 0 0 0 0 0 0 
_1.ptx 995 : 4096 50432 0 0 0 0 0 0 0 
_1.ptx 996 : 4096 45664 0 0 0 0 0 0 0 
_1.ptx 997 : 4096 12448 0 0 0 0 0 0 0 
_1.ptx 998 : 4096 25664 0 0 0 0 0 0 0 
_1.ptx 999 : 4096 26304 0 0 0 0 0 0 0 
_1.ptx 1000 : 4096 30624 0 0 0 0 0 0 0 
_1.ptx 1004 : 163840 1201696 0 0 0 0 0 0 0 
_1.ptx 1005 : 163840 24748000 141568 0 0 0 0 0 0 
_1.ptx 1006 : 163840 1830144 0 0 0 0 0 0 0 
_1.ptx 1007 : 163840 1192832 0 0 0 0 0 0 0 
_1.ptx 1008 : 163840 1047648 0 0 0 0 0 0 0 
_1.ptx 1009 : 163840 2488640 0 0 0 0 0 0 0 
_1.ptx 1010 : 163840 1193024 0 0 0 0 0 0 0 
_1.ptx 1011 : 163840 8291616 0 0 0 0 0 0 0 
_1.ptx 1013 : 163840 1502112 0 0 0 0 0 0 0 
_1.ptx 1015 : 163840 848544 655360 0 0 0 0 0 0 
_1.ptx 1017 : 163840 830784 655360 0 0 0 0 0 0 
_1.ptx 1018 : 163840 1677088 0 0 0 0 0 0 0 
_1.ptx 1019 : 163840 1688832 0 0 0 0 0 0 0 
_1.ptx 1020 : 163840 1690368 0 0 0 0 0 0 0 
_1.ptx 1021 : 163840 1704000 0 0 0 0 0 0 0 
_1.ptx 1022 : 163840 1356736 0 0 0 0 0 0 0 
_1.ptx 1023 : 163840 1000416 0 0 0 0 0 0 0 
_1.ptx 1025 : 4096 0 0 0 0 0 0 0 0 
_1.ptx 1026 : 4096 30048 0 0 0 0 0 0 0 
_1.ptx 1027 : 4096 26656 0 0 0 0 0 0 0 
_1.ptx 1028 : 4096 26016 0 0 0 0 0 0 0 
_1.ptx 1029 : 4096 25920 0 0 0 0 0 0 0 
_1.ptx 1030 : 4096 29408 0 0 0 0 0 0 0 
_1.ptx 1034 : 163840 1026080 0 0 0 0 0 0 0 
_1.ptx 1035 : 163840 929760 655360 0 0 0 0 0 0 
_1.ptx 1037 : 163840 1018976 0 0 0 0 0 0 0 
_1.ptx 1038 : 163840 920704 655360 0 0 0 0 0 0 
_1.ptx 1039 : 163840 1668832 0 0 0 0 0 0 0 
_1.ptx 1040 : 163840 1673824 0 0 0 0 0 0 0 
_1.ptx 1041 : 163840 1684320 0 0 0 0 0 0 0 
_1.ptx 1042 : 163840 1337920 0 0 0 0 0 0 0 
_1.ptx 1043 : 163840 996256 0 0 0 0 0 0 0 
_1.ptx 1045 : 4096 0 0 0 0 0 0 0 0 
_1.ptx 1046 : 4096 29696 0 0 0 0 0 0 0 
_1.ptx 1047 : 4096 29984 0 0 0 0 0 0 0 
_1.ptx 1048 : 4096 30432 0 0 0 0 0 0 0 
_1.ptx 1049 : 4096 27008 0 0 0 0 0 0 0 
_1.ptx 1050 : 4096 26272 0 0 0 0 0 0 0 
_1.ptx 1051 : 4096 29856 0 0 0 0 0 0 0 
_1.ptx 1055 : 61440 257728 0 0 0 0 0 0 0 
_1.ptx 1056 : 61440 255872 0 0 0 0 0 0 0 
_1.ptx 1057 : 61440 441600 0 0 0 0 0 0 0 
_1.ptx 1058 : 61440 1221312 0 0 0 0 0 0 0 
_1.ptx 1059 : 61440 684288 0 0 0 0 0 0 0 
_1.ptx 1060 : 61440 5502912 47616 0 0 0 0 0 0 
_1.ptx 1061 : 61440 683264 0 0 0 0 0 0 0 
_1.ptx 1062 : 61440 5472992 45696 0 0 0 0 0 0 
_1.ptx 1063 : 61440 561984 0 0 0 0 0 0 0 
_1.ptx 1064 : 61440 444448 0 0 0 0 0 0 0 
_1.ptx 1065 : 61440 387520 0 0 0 0 0 0 0 
_1.ptx 1066 : 61440 931552 0 0 0 0 0 0 0 
_1.ptx 1067 : 61440 444960 0 0 0 0 0 0 0 
_1.ptx 1068 : 61440 398688 0 0 0 0 0 0 0 
_1.ptx 1069 : 61440 502048 0 0 0 0 0 0 0 
_1.ptx 1070 : 61440 0 0 0 0 0 0 0 0 
_1.ptx 1072 : 61440 382656 0 0 0 0 0 0 0 
_1.ptx 1073 : 61440 562592 0 0 0 0 0 0 0 
_1.ptx 1075 : 61440 688064 0 0 0 0 0 0 0 
_1.ptx 1076 : 61440 3460512 2688 0 0 0 0 0 0 
_1.ptx 1077 : 61440 381248 0 0 0 0 0 0 0 
_1.ptx 1078 : 61440 563072 0 0 0 0 0 0 0 
_1.ptx 1079 : 61440 310976 0 0 0 0 0 0 0 
_1.ptx 1081 : 61440 684192 0 0 0 0 0 0 0 
_1.ptx 1082 : 61440 3435712 2560 0 0 0 0 0 0 
_1.ptx 1083 : 61440 381056 0 0 0 0 0 0 0 
_1.ptx 1084 : 61440 685984 0 0 0 0 0 0 0 
_1.ptx 1085 : 61440 312384 0 0 0 0 0 0 0 
_1.ptx 1087 : 61440 623808 0 0 0 0 0 0 0 
_1.ptx 1088 : 61440 625408 0 0 0 0 0 0 0 
_1.ptx 1089 : 61440 634016 0 0 0 0 0 0 0 
_1.ptx 1090 : 61440 501504 0 0 0 0 0 0 0 
_1.ptx 1091 : 61440 356480 0 0 0 0 0 0 0 
_1.ptx 1092 : 4096 25440 0 0 0 0 0 0 0 
_1.ptx 1096 : 4096 0 0 0 0 0 0 0 0 
_1.ptx 1097 : 4096 29440 0 0 0 0 0 0 0 
_1.ptx 1098 : 4096 45568 0 0 0 0 0 0 0 
_1.ptx 1099 : 4096 31360 0 0 0 0 0 0 0 
_1.ptx 1100 : 4096 108256 0 0 0 0 0 0 0 
_1.ptx 1101 : 4096 45344 0 0 0 0 0 0 0 
_1.ptx 1102 : 4096 45248 0 0 0 0 0 0 0 
_1.ptx 1103 : 4096 45440 0 0 0 0 0 0 0 
_1.ptx 1104 : 4096 30144 0 0 0 0 0 0 0 
_1.ptx 1105 : 4096 97472 0 0 0 0 0 0 0 
_1.ptx 1106 : 4096 45760 0 0 0 0 0 0 0 
_1.ptx 1107 : 4096 12384 0 0 0 0 0 0 0 
_1.ptx 1108 : 4096 30688 0 0 0 0 0 0 0 
_1.ptx 1112 : 163840 664480 0 0 0 0 0 0 0 
_1.ptx 1113 : 163840 1165088 0 0 0 0 0 0 0 
_1.ptx 1114 : 163840 666880 0 0 0 0 0 0 0 
_1.ptx 1115 : 163840 1487072 0 0 0 0 0 0 0 
_1.ptx 1116 : 163840 945280 0 0 0 0 0 0 0 
_1.ptx 1118 : 163840 43320192 538624 0 0 0 0 0 0 
_1.ptx 1119 : 163840 1811904 0 0 0 0 0 0 0 
_1.ptx 1120 : 163840 1170048 0 0 0 0 0 0 0 
_1.ptx 1121 : 163840 1011616 0 0 0 0 0 0 0 
_1.ptx 1122 : 163840 2471264 0 0 0 0 0 0 0 
_1.ptx 1123 : 163840 1165984 0 0 0 0 0 0 0 
_1.ptx 1124 : 163840 13120256 0 0 0 0 0 0 0 
_1.ptx 1125 : 163840 48322720 601472 0 0 0 0 0 0 
_1.ptx 1126 : 163840 1811328 0 0 0 0 0 0 0 
_1.ptx 1127 : 163840 1813440 0 0 0 0 0 0 0 
_1.ptx 1128 : 163840 1165632 0 0 0 0 0 0 0 
_1.ptx 1129 : 163840 835168 0 0 0 0 0 0 0 
_1.ptx 1130 : 163840 1327424 0 0 0 0 0 0 0 
_1.ptx 1131 : 163840 24704 0 0 0 0 0 0 0 
_1.ptx 1133 : 159744 46208640 555264 0 0 0 0 0 0 
_1.ptx 1134 : 159744 1766112 0 0 0 0 0 0 0 
_1.ptx 1135 : 159744 825024 0 0 0 0 0 0 0 
_1.ptx 1137 : 159744 45856384 546560 0 0 0 0 0 0 
_1.ptx 1138 : 159744 1767008 0 0 0 0 0 0 0 
_1.ptx 1139 : 159744 1138560 0 0 0 0 0 0 0 
_1.ptx 1140 : 159744 998080 0 0 0 0 0 0 0 
_1.ptx 1141 : 159744 2409248 0 0 0 0 0 0 0 
_1.ptx 1142 : 159744 1136992 0 0 0 0 0 0 0 
_1.ptx 1143 : 159744 12750848 0 0 0 0 0 0 0 
_1.ptx 1144 : 159744 1768992 0 0 0 0 0 0 0 
_1.ptx 1145 : 159744 807360 0 0 0 0 0 0 0 
_1.ptx 1147 : 163840 1653344 0 0 0 0 0 0 0 
_1.ptx 1148 : 163840 1660192 0 0 0 0 0 0 0 
_1.ptx 1149 : 163840 1664608 0 0 0 0 0 0 0 
_1.ptx 1150 : 163840 1672032 0 0 0 0 0 0 0 
_1.ptx 1151 : 163840 1671584 0 0 0 0 0 0 0 
_1.ptx 1152 : 163840 1331360 0 0 0 0 0 0 0 
_1.ptx 1153 : 163840 975776 0 0 0 0 0 0 0 
_1.ptx 1155 : 4096 0 0 0 0 0 0 0 0 
_1.ptx 1156 : 4096 29056 0 0 0 0 0 0 0 
_1.ptx 1157 : 4096 25408 0 0 0 0 0 0 0 
_1.ptx 1158 : 4096 12384 0 0 0 0 0 0 0 
_1.ptx 1159 : 4096 24704 0 0 0 0 0 0 0 
_1.ptx 1160 : 4096 24608 0 0 0 0 0 0 0 
_1.ptx 1161 : 4096 28832 0 0 0 0 0 0 0 
_1.ptx 1165 : 163840 1151072 0 0 0 0 0 0 0 
_1.ptx 1166 : 163840 48721504 655360 0 0 0 0 0 0 
_1.ptx 1167 : 163840 1805312 0 0 0 0 0 0 0 
_1.ptx 1168 : 163840 1152096 0 0 0 0 0 0 0 
_1.ptx 1169 : 163840 988832 0 0 0 0 0 0 0 
_1.ptx 1170 : 163840 2461760 0 0 0 0 0 0 0 
_1.ptx 1171 : 163840 74708832 0 0 0 0 0 0 0 
_1.ptx 1172 : 163840 1150912 0 0 0 0 0 0 0 
_1.ptx 1173 : 163840 1641984 0 0 0 0 0 0 0 
_1.ptx 1174 : 163840 1642080 0 0 0 0 0 0 0 
_1.ptx 1175 : 163840 1313408 0 0 0 0 0 0 0 
_1.ptx 1176 : 163840 961728 0 0 0 0 0 0 0 
_1.ptx 1177 : 4096 24640 0 0 0 0 0 0 0 
_1.ptx 1182 : 4096 45120 0 0 0 0 0 0 0 
_1.ptx 1183 : 4096 0 0 0 0 0 0 0 0 
_1.ptx 1184 : 4096 28832 0 0 0 0 0 0 0 
_1.ptx 1185 : 4096 12320 0 0 0 0 0 0 0 
_1.ptx 1186 : 4096 45056 0 0 0 0 0 0 0 
_1.ptx 1187 : 4096 24576 0 0 0 0 0 0 0 
_1.ptx 1188 : 4096 28992 0 0 0 0 0 0 0 
_1.ptx 1189 : 4096 28928 0 0 0 0 0 0 0 
_1.ptx 1190 : 4096 24608 0 0 0 0 0 0 0 
_1.ptx 1191 : 4096 28896 0 0 0 0 0 0 0 
_1.ptx 1195 : 163840 47058432 642304 0 0 0 0 0 0 
_1.ptx 1196 : 163840 1804512 0 0 0 0 0 0 0 
_1.ptx 1197 : 163840 1151648 0 0 0 0 0 0 0 
_1.ptx 1198 : 163840 1000480 0 0 0 0 0 0 0 
_1.ptx 1199 : 163840 2459744 0 0 0 0 0 0 0 
_1.ptx 1200 : 163840 73711328 0 0 0 0 0 0 0 
_1.ptx 1201 : 163840 1151200 0 0 0 0 0 0 0 
_1.ptx 1202 : 163840 825888 0 0 0 0 0 0 0 
_1.ptx 1203 : 163840 1641728 0 0 0 0 0 0 0 
_1.ptx 1204 : 163840 1642304 0 0 0 0 0 0 0 
_1.ptx 1205 : 163840 1313536 0 0 0 0 0 0 0 
_1.ptx 1206 : 163840 962048 0 0 0 0 0 0 0 
_1.ptx 1209 : 4096 28768 0 0 0 0 0 0 0 
_1.ptx 1210 : 4096 0 0 0 0 0 0 0 0 
_1.ptx 1211 : 4096 28768 0 0 0 0 0 0 0 
_1.ptx 1212 : 4096 28832 0 0 0 0 0 0 0 
_1.ptx 1213 : 4096 386528 0 0 0 0 0 0 0 
_1.ptx 1214 : 4096 45312 0 0 0 0 0 0 0 
_1.ptx 1215 : 4096 28864 0 0 0 0 0 0 0 
_1.ptx 1219 : 163840 47646592 655104 0 0 0 0 0 0 
_1.ptx 1220 : 163840 1805792 0 0 0 0 0 0 0 
_1.ptx 1221 : 163840 823104 0 0 0 0 0 0 0 
_1.ptx 1222 : 163840 1642048 0 0 0 0 0 0 0 
_1.ptx 1223 : 163840 1644704 0 0 0 0 0 0 0 
_1.ptx 1224 : 163840 1314432 0 0 0 0 0 0 0 
_1.ptx 1225 : 163840 962112 0 0 0 0 0 0 0 
_1.ptx 1228 : 4096 20608 16384 0 0 128 128 0 0 
_1.ptx 1230 : 4096 28768 0 0 0 0 0 0 0 
_1.ptx 1231 : 4096 0 0 0 0 0 0 0 0 
_1.ptx 1232 : 4096 28864 0 0 0 0 0 0 0 
_1.ptx 1233 : 4096 40992 0 0 0 0 0 0 0 
_1.ptx 1234 : 4096 28800 0 0 0 0 0 0 0 
_1.ptx 1237 : 163840 1319136 0 0 0 0 0 0 0 
_1.ptx 1238 : 163840 0 0 0 0 0 0 0 0 
_1.ptx 1239 : 163840 1808992 0 0 0 0 0 0 0 
_1.ptx 1240 : 163840 1647744 0 0 0 0 0 0 0 
_1.ptx 1241 : 163840 1811360 0 0 0 0 0 0 0 
_1.ptx 1242 : 163840 2090912 0 0 0 0 0 0 0 
_1.ptx 1243 : 163840 1169824 0 0 0 0 0 0 0 
_1.ptx 1244 : 163840 1955200 0 0 0 0 0 0 0 
_1.ptx 1245 : 163840 1814400 0 0 0 0 0 0 0 
_1.ptx 1246 : 163840 1170112 0 0 0 0 0 0 0 
_1.ptx 1247 : 163840 1874784 0 0 0 0 0 0 0 
_1.ptx 1248 : 163840 1809152 0 0 0 0 0 0 0 
_1.ptx 1249 : 163840 1809440 0 0 0 0 0 0 0 
_1.ptx 1250 : 163840 1159808 0 0 0 0 0 0 0 
_1.ptx 1251 : 163840 1885856 0 0 0 0 0 0 0 
_1.ptx 1252 : 163840 1808992 0 0 0 0 0 0 0 
_1.ptx 1253 : 163840 1810112 0 0 0 0 0 0 0 
_1.ptx 1254 : 163840 1808192 0 0 0 0 0 0 0 
_1.ptx 1255 : 163840 1159712 0 0 0 0 0 0 0 
_1.ptx 1256 : 163840 1877824 0 0 0 0 0 0 0 
_1.ptx 1257 : 163840 1808448 0 0 0 0 0 0 0 
_1.ptx 1258 : 163840 496192 0 0 0 0 0 0 0 
_1.ptx 1259 : 163840 994048 0 0 0 0 0 0 0 
_1.ptx 1260 : 163840 1175968 0 0 0 0 0 0 0 
_1.ptx 1264 : 9748480 2837051232 38582016 0 0 0 0 0 0 
_1.ptx 1265 : 9748480 39523840 0 0 0 0 0 0 0 
_1.ptx 1266 : 9748480 2959957856 38984064 0 0 0 0 0 0 
_1.ptx 1267 : 9748480 107534752 0 0 0 0 0 0 0 
_1.ptx 1268 : 9748480 88030144 0 0 0 0 0 0 0 
_1.ptx 1270 : 9748480 2866207328 38993920 0 0 0 0 0 0 
_1.ptx 1271 : 9748480 68992192 0 0 0 0 0 0 0 
_1.ptx 1272 : 9748480 107598816 0 0 0 0 0 0 0 
_1.ptx 1273 : 9748480 69040352 0 0 0 0 0 0 0 
_1.ptx 1274 : 9748480 60699552 0 0 0 0 0 0 0 
_1.ptx 1275 : 9748480 146575584 0 0 0 0 0 0 0 
_1.ptx 1276 : 9748480 68928960 0 0 0 0 0 0 0 
_1.ptx 1277 : 9748480 453604320 0 0 0 0 0 0 0 
_1.ptx 1279 : 9748480 107608864 0 0 0 0 0 0 0 
_1.ptx 1280 : 9748480 107551392 0 0 0 0 0 0 0 
_1.ptx 1281 : 9748480 107622304 0 0 0 0 0 0 0 
_1.ptx 1282 : 9748480 454584928 0 0 0 0 0 0 0 
_1.ptx 1283 : 9748480 88180576 0 0 0 0 0 0 0 
_1.ptx 1284 : 9748480 49130176 0 0 0 0 0 0 0 
_1.ptx 1285 : 9748480 97952128 0 0 0 0 0 0 0 
_1.ptx 1286 : 9748480 98281984 0 0 0 0 0 0 0 
_1.ptx 1287 : 9748480 98463904 0 0 0 0 0 0 0 
_1.ptx 1288 : 9748480 98586560 0 0 0 0 0 0 0 
_1.ptx 1289 : 9748480 98653120 0 0 0 0 0 0 0 
_1.ptx 1290 : 9748480 60216256 0 0 0 0 0 0 0 
_1.ptx 1291 : 9748480 78543040 0 0 0 0 0 0 0 
_1.ptx 1292 : 9748480 58036576 0 0 0 0 0 0 0 
_1.ptx 1294 : 163840 1649088 0 0 0 0 0 0 0 
_1.ptx 1295 : 163840 996960 0 0 0 0 0 0 0 
_1.ptx 1296 : 163840 1317888 0 0 0 0 0 0 0 
_1.ptx 1297 : 163840 967136 0 0 0 0 0 0 0 
_1.ptx 1300 : 4096 1143136 15616 0 0 0 0 0 0 
_1.ptx 1301 : 4096 20576 16384 0 0 128 128 0 0 
_1.ptx 1302 : 4096 45088 0 0 0 0 0 0 0 
_1.ptx 1303 : 4096 45408 0 0 0 0 0 0 0 
_1.ptx 1304 : 4096 45760 0 0 0 0 0 0 0 
_1.ptx 1305 : 4096 25088 0 0 0 0 0 0 0 
_1.ptx 1306 : 4096 32864 0 0 0 0 0 0 0 
_1.ptx 1307 : 4096 0 0 0 0 0 0 0 0 
_1.ptx 1310 : 4096 24576 0 0 0 0 0 0 0 
_1.ptx 1329 : 4096 24576 0 0 0 0 0 0 0 
_1.ptx 1330 : 4096 24576 0 0 0 0 0 0 0 
_1.ptx 1331 : 4096 60672 0 0 0 0 0 0 0 
_1.ptx 1332 : 4096 24576 0 0 0 0 0 0 0 
_1.ptx 1333 : 4096 45600 0 0 0 0 0 0 0 
_1.ptx 1334 : 4096 28800 0 0 0 0 0 0 0 
_1.ptx 1335 : 4096 24576 0 0 0 0 0 0 0 
_1.ptx 1336 : 4096 33152 0 0 0 0 0 0 0 
_1.ptx 1337 : 4096 0 0 0 0 0 0 0 0 
_1.ptx 1338 : 4096 1040992 128 0 0 0 0 0 0 
_1.ptx 1339 : 4096 24608 0 0 0 0 0 0 0 
_1.ptx 1340 : 4096 32896 0 0 0 0 0 0 0 
_1.ptx 1341 : 4096 12288 0 0 0 0 0 0 0 
_1.ptx 1342 : 4096 25056 0 0 0 0 0 0 0 
_1.ptx 1343 : 4096 33376 0 0 0 0 0 0 0 
_1.ptx 1344 : 4096 34464 0 0 0 0 0 0 0 
_1.ptx 1345 : 4096 1076352 128 0 0 0 0 0 0 
_1.ptx 1346 : 4096 24576 0 0 0 0 0 0 0 
_1.ptx 1347 : 4096 34240 0 0 0 0 0 0 0 
_1.ptx 1348 : 4096 24576 0 0 0 0 0 0 0 
_1.ptx 1349 : 4096 64352 0 0 0 0 0 0 0 
_1.ptx 1350 : 4096 28672 0 0 0 0 0 0 0 
_1.ptx 1351 : 4096 1043680 128 0 0 0 0 0 0 
_1.ptx 1352 : 4096 29024 0 0 0 0 0 0 0 
_1.ptx 1353 : 4096 47904 0 0 0 0 0 0 0 
_1.ptx 1354 : 4096 47072 0 0 0 0 0 0 0 
_1.ptx 1355 : 4096 43488 0 0 0 0 0 0 0 
_1.ptx 1356 : 4096 32640 0 0 0 0 0 0 0 
_1.ptx 1357 : 4096 30976 0 0 0 0 0 0 0 
_1.ptx 1358 : 4096 34688 0 0 0 0 0 0 0 
_1.ptx 1359 : 4096 35840 0 0 0 0 0 0 0 
_1.ptx 1360 : 4096 33056 0 0 0 0 0 0 0 
_1.ptx 1361 : 4096 32800 0 0 0 0 0 0 0 
_1.ptx 1362 : 4096 33056 0 0 0 0 0 0 0 
_1.ptx 1365 : 4096 0 0 0 0 0 0 0 0 
_1.ptx 1366 : 4096 35328 0 0 0 0 0 0 0 
_1.ptx 1367 : 4096 30016 0 0 0 0 0 0 0 
_1.ptx 1368 : 4096 31168 0 0 0 0 0 0 0 
_1.ptx 1369 : 4096 24864 0 0 0 0 0 0 0 
_1.ptx 1370 : 4096 29728 0 0 0 0 0 0 0 
_1.ptx 1374 : 327680 1993600 0 0 0 0 0 0 0 
_1.ptx 1375 : 327680 29928352 1310720 0 0 0 0 0 0 
_1.ptx 1377 : 327680 1990592 0 0 0 0 0 0 0 
_1.ptx 1378 : 327680 30494240 1310720 0 0 0 0 0 0 
_1.ptx 1379 : 327680 3299552 0 0 0 0 0 0 0 
_1.ptx 1380 : 327680 3313856 0 0 0 0 0 0 0 
_1.ptx 1381 : 327680 3318176 0 0 0 0 0 0 0 
_1.ptx 1382 : 327680 2647744 0 0 0 0 0 0 0 
_1.ptx 1383 : 327680 1974240 0 0 0 0 0 0 0 
_1.ptx 1386 : 4096 0 0 0 0 0 0 0 0 
_1.ptx 1387 : 4096 29376 0 0 0 0 0 0 0 
_1.ptx 1388 : 4096 25824 0 0 0 0 0 0 0 
_1.ptx 1389 : 4096 29504 0 0 0 0 0 0 0 
_1.ptx 1393 : 163840 1720768 0 0 0 0 0 0 0 
_1.ptx 1394 : 163840 1248896 0 0 0 0 0 0 0 
_1.ptx 1395 : 163840 1390656 0 0 0 0 0 0 0 
_1.ptx 1396 : 163840 0 0 0 0 0 0 0 0 
_1.ptx 1397 : 163840 1870208 0 0 0 0 0 0 0 
_1.ptx 1398 : 163840 1740576 0 0 0 0 0 0 0 
_1.ptx 1399 : 163840 692224 0 0 0 0 0 0 0 
_1.ptx 1400 : 163840 2578432 0 0 0 0 0 0 0 
_1.ptx 1401 : 163840 1252320 0 0 0 0 0 0 0 
_1.ptx 1402 : 163840 2791392 0 0 0 0 0 0 0 
_1.ptx 1403 : 163840 1868480 0 0 0 0 0 0 0 
_1.ptx 1404 : 163840 1288672 0 0 0 0 0 0 0 
_1.ptx 1405 : 163840 1879552 0 0 0 0 0 0 0 
_1.ptx 1406 : 163840 1863200 0 0 0 0 0 0 0 
_1.ptx 1407 : 163840 49711680 655360 0 0 0 0 0 0 
_1.ptx 1408 : 163840 1871072 0 0 0 0 0 0 0 
_1.ptx 1409 : 163840 1272256 0 0 0 0 0 0 0 
_1.ptx 1410 : 163840 1190080 0 0 0 0 0 0 0 
_1.ptx 1411 : 163840 1284032 0 0 0 0 0 0 0 
_1.ptx 1415 : 9748480 111253120 0 0 0 0 0 0 0 
_1.ptx 1416 : 9748480 73292992 0 0 0 0 0 0 0 
_1.ptx 1417 : 9748480 119660704 0 0 0 0 0 0 0 
_1.ptx 1418 : 9748480 110418304 0 0 0 0 0 0 0 
_1.ptx 1419 : 9748480 41866112 512 0 0 0 0 0 0 
_1.ptx 1421 : 9748480 110153088 0 0 0 0 0 0 0 
_1.ptx 1422 : 9748480 2243483776 23541888 0 0 0 0 0 0 
_1.ptx 1423 : 9748480 111053952 0 0 0 0 0 0 0 
_1.ptx 1424 : 9748480 111405664 0 0 0 0 0 0 0 
_1.ptx 1425 : 9748480 74158592 0 0 0 0 0 0 0 
_1.ptx 1426 : 9748480 66319616 0 0 0 0 0 0 0 
_1.ptx 1427 : 9748480 150231936 0 0 0 0 0 0 0 
_1.ptx 1428 : 9748480 73460128 0 0 0 0 0 0 0 
_1.ptx 1429 : 9748480 471620864 0 0 0 0 0 0 0 
_1.ptx 1430 : 9748480 111075680 0 0 0 0 0 0 0 
_1.ptx 1432 : 9748480 111751136 0 0 0 0 0 0 0 
_1.ptx 1433 : 9748480 74820800 0 0 0 0 0 0 0 
_1.ptx 1434 : 9748480 76151392 0 0 0 0 0 0 0 
_1.ptx 1435 : 9748480 76659520 0 0 0 0 0 0 0 
_1.ptx 1436 : 9748480 70443808 0 0 0 0 0 0 0 
_1.ptx 1437 : 9748480 150739232 0 0 0 0 0 0 0 
_1.ptx 1438 : 9748480 149210880 0 0 0 0 0 0 0 
_1.ptx 1439 : 9748480 158115808 0 0 0 0 0 0 0 
_1.ptx 1440 : 9748480 73615040 0 0 0 0 0 0 0 
_1.ptx 1441 : 9748480 65407552 0 0 0 0 0 0 0 
_1.ptx 1442 : 9748480 113382432 0 0 0 0 0 0 0 
_1.ptx 1443 : 9748480 156997408 0 0 0 0 0 0 0 
_1.ptx 1444 : 9748480 111757568 0 0 0 0 0 0 0 
_1.ptx 1445 : 9748480 50446688 0 0 0 0 0 0 0 
_1.ptx 1446 : 9748480 102332288 0 0 0 0 0 0 0 
_1.ptx 1447 : 9748480 103285792 0 0 0 0 0 0 0 
_1.ptx 1448 : 9748480 82814944 0 0 0 0 0 0 0 
_1.ptx 1449 : 9748480 62633088 0 0 0 0 0 0 0 
_1.ptx 1451 : 163840 1255584 0 0 0 0 0 0 0 
_1.ptx 1452 : 163840 1398560 0 0 0 0 0 0 0 
_1.ptx 1453 : 163840 1045120 0 0 0 0 0 0 0 
_1.ptx 1456 : 4096 0 0 0 0 0 0 0 0 
_1.ptx 1457 : 4096 46080 0 0 0 0 0 0 0 
_1.ptx 1458 : 4096 31136 0 0 0 0 0 0 0 
_1.ptx 1459 : 4096 28672 0 0 0 0 0 0 0 
_1.ptx 1460 : 4096 31520 0 0 0 0 0 0 0 
_1.ptx 1461 : 4096 408160 0 0 0 0 0 0 0 
_1.ptx 1462 : 4096 47008 0 0 0 0 0 0 0 
_1.ptx 1463 : 4096 31264 0 0 0 0 0 0 0 
_1.ptx 1464 : 4096 31456 0 0 0 0 0 0 0 
_1.ptx 1465 : 4096 12288 0 0 0 0 0 0 0 
_1.ptx 1466 : 4096 27104 0 0 0 0 0 0 0 
_1.ptx 1467 : 4096 27264 0 0 0 0 0 0 0 
_1.ptx 1468 : 4096 31200 0 0 0 0 0 0 0 
_1.ptx 1472 : 163840 1192736 0 0 0 0 0 0 0 
_1.ptx 1473 : 163840 19643456 21888 0 0 0 0 0 0 
_1.ptx 1474 : 163840 1830784 0 0 0 0 0 0 0 
_1.ptx 1475 : 163840 1190368 0 0 0 0 0 0 0 
_1.ptx 1476 : 163840 1039520 0 0 0 0 0 0 0 
_1.ptx 1477 : 163840 2480448 0 0 0 0 0 0 0 
_1.ptx 1478 : 163840 78150432 0 0 0 0 0 0 0 
_1.ptx 1479 : 163840 1173824 0 0 0 0 0 0 0 
_1.ptx 1481 : 163840 1491456 0 0 0 0 0 0 0 
_1.ptx 1483 : 163840 837408 655360 0 0 0 0 0 0 
_1.ptx 1485 : 163840 822400 655360 0 0 0 0 0 0 
_1.ptx 1486 : 163840 1663968 0 0 0 0 0 0 0 
_1.ptx 1487 : 163840 1673184 0 0 0 0 0 0 0 
_1.ptx 1488 : 163840 1677440 0 0 0 0 0 0 0 
_1.ptx 1489 : 163840 1684224 0 0 0 0 0 0 0 
_1.ptx 1490 : 163840 1462208 0 0 0 0 0 0 0 
_1.ptx 1491 : 163840 996160 0 0 0 0 0 0 0 
_1.ptx 1493 : 4096 0 0 0 0 0 0 0 0 
_1.ptx 1494 : 4096 29792 0 0 0 0 0 0 0 
_1.ptx 1495 : 4096 30048 0 0 0 0 0 0 0 
_1.ptx 1496 : 4096 30272 0 0 0 0 0 0 0 
_1.ptx 1497 : 4096 26656 0 0 0 0 0 0 0 
_1.ptx 1498 : 4096 25760 0 0 0 0 0 0 0 
_1.ptx 1499 : 4096 29664 0 0 0 0 0 0 0 
_1.ptx 1503 : 61440 325888 256 0 0 0 0 0 0 
_1.ptx 1504 : 61440 434880 0 0 0 0 0 0 0 
_1.ptx 1505 : 61440 8795424 0 0 0 0 0 0 0 
_1.ptx 1506 : 61440 678688 0 0 0 0 0 0 0 
_1.ptx 1507 : 61440 3823904 17024 0 0 0 0 0 0 
_1.ptx 1508 : 61440 336352 384 0 0 0 0 0 0 
_1.ptx 1509 : 61440 678432 0 0 0 0 0 0 0 
_1.ptx 1510 : 61440 3932512 19584 0 0 0 0 0 0 
_1.ptx 1511 : 61440 556352 0 0 0 0 0 0 0 
_1.ptx 1512 : 61440 436896 0 0 0 0 0 0 0 
_1.ptx 1513 : 61440 379200 0 0 0 0 0 0 0 
_1.ptx 1514 : 61440 927104 0 0 0 0 0 0 0 
_1.ptx 1515 : 61440 440352 0 0 0 0 0 0 0 
_1.ptx 1517 : 61440 441728 0 0 0 0 0 0 0 
_1.ptx 1518 : 61440 447680 0 0 0 0 0 0 0 
_1.ptx 1519 : 61440 401760 0 0 0 0 0 0 0 
_1.ptx 1520 : 61440 992768 0 0 0 0 0 0 0 
_1.ptx 1521 : 61440 443584 0 0 0 0 0 0 0 
_1.ptx 1522 : 61440 383872 0 0 0 0 0 0 0 
_1.ptx 1523 : 61440 501120 0 0 0 0 0 0 0 
_1.ptx 1524 : 61440 559424 0 0 0 0 0 0 0 
_1.ptx 1525 : 61440 622976 0 0 0 0 0 0 0 
_1.ptx 1526 : 61440 628704 0 0 0 0 0 0 0 
_1.ptx 1527 : 61440 628032 0 0 0 0 0 0 0 
_1.ptx 1528 : 61440 495456 0 0 0 0 0 0 0 
_1.ptx 1529 : 61440 348384 0 0 0 0 0 0 0 
_1.ptx 1530 : 4096 24736 0 0 0 0 0 0 0 
_1.ptx 1534 : 4096 0 0 0 0 0 0 0 0 
_1.ptx 1535 : 4096 29184 0 0 0 0 0 0 0 
_1.ptx 1536 : 4096 25184 0 0 0 0 0 0 0 
_1.ptx 1537 : 4096 12288 0 0 0 0 0 0 0 
_1.ptx 1538 : 4096 25312 0 0 0 0 0 0 0 
_1.ptx 1539 : 4096 25312 0 0 0 0 0 0 0 
_1.ptx 1540 : 4096 28928 0 0 0 0 0 0 0 
_1.ptx 1544 : 163840 1157792 0 0 0 0 0 0 0 
_1.ptx 1545 : 163840 46336544 654464 0 0 0 0 0 0 
_1.ptx 1546 : 163840 1808864 0 0 0 0 0 0 0 
_1.ptx 1547 : 163840 1156352 0 0 0 0 0 0 0 
_1.ptx 1548 : 163840 993632 0 0 0 0 0 0 0 
_1.ptx 1549 : 163840 2465728 0 0 0 0 0 0 0 
_1.ptx 1550 : 163840 71048448 0 0 0 0 0 0 0 
_1.ptx 1551 : 163840 1153024 0 0 0 0 0 0 0 
_1.ptx 1552 : 163840 1645952 0 0 0 0 0 0 0 
_1.ptx 1553 : 163840 1646176 0 0 0 0 0 0 0 
_1.ptx 1554 : 163840 1315904 0 0 0 0 0 0 0 
_1.ptx 1555 : 163840 970176 0 0 0 0 0 0 0 
_1.ptx 1556 : 4096 24800 0 0 0 0 0 0 0 
_1.ptx 1561 : 4096 45440 0 0 0 0 0 0 0 
_1.ptx 1563 : 4096 20480 16384 0 0 128 128 0 0 
_1.ptx 1564 : 4096 45120 0 0 0 0 0 0 0 
_1.ptx 1565 : 4096 45184 0 0 0 0 0 0 0 
_1.ptx 1566 : 4096 25024 0 0 0 0 0 0 0 
_1.ptx 1567 : 4096 32896 0 0 0 0 0 0 0 
_1.ptx 1568 : 4096 0 0 0 0 0 0 0 0 
_1.ptx 1571 : 4096 24864 0 0 0 0 0 0 0 
