kernel line : count latency dram_traffic smem_bk_conflicts smem_warp gmem_access_generated gmem_warp exposed_latency warp_divergence
_1.ptx 823 : 197758 1732674 0 0 0 0 0 0 0 
_1.ptx 824 : 197758 1535168 0 0 0 0 0 0 0 
_1.ptx 825 : 197758 1226752 0 0 0 0 0 0 0 
_1.ptx 826 : 197758 2193305 0 0 0 0 0 0 0 
_1.ptx 827 : 197758 1413005 0 0 0 0 0 0 0 
_1.ptx 828 : 197758 2036405 0 0 0 0 0 0 0 
_1.ptx 829 : 197758 2191085 0 0 0 0 0 0 0 
_1.ptx 830 : 197758 49969980 623872 0 0 197758 197758 0 0 
_1.ptx 831 : 197758 1574314 0 197758 197758 0 0 0 0 
_1.ptx 834 : 50603424 314391200 0 0 0 0 0 0 0 
_1.ptx 836 : 50603424 337142880 0 0 0 0 0 0 0 
_1.ptx 837 : 50603424 399687136 0 0 0 0 0 0 0 
_1.ptx 838 : 50603424 354557632 0 0 0 0 0 0 0 
_1.ptx 839 : 50603424 430002912 0 0 0 0 0 0 0 
_1.ptx 840 : 50603424 270902976 0 0 0 0 0 0 0 
_1.ptx 841 : 50603424 579484672 0 0 0 0 0 0 0 
_1.ptx 842 : 50603424 577710656 0 0 0 0 0 0 0 
_1.ptx 843 : 50603424 294482592 0 0 0 0 0 0 0 
_1.ptx 844 : 50603424 384719744 0 0 0 0 0 0 0 
_1.ptx 845 : 50603424 564343104 0 0 0 0 0 0 0 
_1.ptx 846 : 50603424 572454048 0 0 0 0 0 0 0 
_1.ptx 847 : 50603424 617977760 0 1581357 1581357 0 0 0 0 
_1.ptx 848 : 50603424 25671737184 202000000 0 0 1581357 1581357 0 0 
_1.ptx 849 : 50603424 563028544 0 0 0 0 0 0 0 
_1.ptx 850 : 50603424 895264928 0 0 0 1581357 1581357 0 0 
_1.ptx 852 : 50603424 563717664 0 0 0 0 0 0 0 
_1.ptx 853 : 50603424 367799168 0 0 0 0 0 0 0 
_1.ptx 854 : 50603424 520641984 0 0 0 0 0 0 0 
_1.ptx 855 : 50603424 563735328 0 0 0 0 0 0 0 
_1.ptx 856 : 50603424 26571288384 202012928 0 0 1581357 1581357 0 0 
_1.ptx 857 : 50603424 563445024 0 0 0 0 0 0 0 
_1.ptx 858 : 50603424 501063104 0 0 0 0 0 0 0 
_1.ptx 859 : 50603424 565642176 0 0 0 0 0 0 0 
_1.ptx 860 : 50603424 414768064 0 0 0 0 0 0 0 
_1.ptx 861 : 50603424 462804064 0 0 0 0 0 0 0 
_1.ptx 862 : 50603424 623923936 0 0 0 1581357 1581357 0 0 
_1.ptx 864 : 50603424 312677984 0 0 0 0 0 0 0 
_1.ptx 884 : 50574336 348075968 0 0 0 0 0 0 0 
_1.ptx 885 : 50574336 172700064 128 0 0 0 0 0 0 
_1.ptx 886 : 50574336 360322048 0 0 0 0 0 0 0 
_1.ptx 887 : 50574336 444259136 0 0 0 0 0 0 0 
_1.ptx 888 : 50574336 0 0 0 0 0 0 0 0 
_1.ptx 889 : 50574336 385924512 0 0 0 0 0 0 0 
_1.ptx 890 : 50574336 420113408 0 0 0 0 0 0 0 
_1.ptx 891 : 50574336 449979488 0 0 0 0 0 0 0 
_1.ptx 892 : 50574336 377258272 0 0 0 0 0 0 0 
_1.ptx 896 : 50574336 379311008 0 0 0 0 0 0 0 
_1.ptx 898 : 50574336 387022304 0 0 0 0 0 0 0 
_1.ptx 899 : 50574336 605959648 0 0 0 0 0 0 0 
_1.ptx 900 : 50574336 368766208 0 0 0 0 0 0 0 
_1.ptx 901 : 50574336 415556640 0 0 0 0 0 0 0 
_1.ptx 902 : 50574336 597359904 0 0 0 0 0 0 0 
_1.ptx 903 : 50574336 420904064 0 0 0 0 0 0 0 
_1.ptx 904 : 50574336 594862208 0 0 0 0 0 0 0 
_1.ptx 905 : 50574336 411291872 0 0 0 0 0 0 0 
_1.ptx 906 : 50574336 585050336 0 0 0 0 0 0 0 
_1.ptx 907 : 50574336 584499104 0 0 0 0 0 0 0 
_1.ptx 908 : 50574336 192964672 0 0 0 0 0 0 0 
_1.ptx 909 : 50574336 584111072 0 0 0 0 0 0 0 
_1.ptx 910 : 50574336 15433760672 202297344 0 0 1580448 1580448 0 0 
_1.ptx 911 : 50574336 360524320 0 3160896 1580448 0 0 0 0 
_1.ptx 913 : 50574336 600260032 0 0 0 0 0 0 0 
_1.ptx 914 : 50574336 594563328 0 0 0 0 0 0 0 
_1.ptx 915 : 50574336 419557600 0 0 0 0 0 0 0 
_1.ptx 916 : 50574336 559656576 0 0 0 0 0 0 0 
_1.ptx 917 : 50574336 412727456 0 0 0 0 0 0 0 
_1.ptx 918 : 50574336 590004800 0 0 0 0 0 0 0 
_1.ptx 919 : 50574336 413076768 0 0 0 0 0 0 0 
_1.ptx 920 : 50574336 556405440 0 0 0 0 0 0 0 
_1.ptx 921 : 50574336 587996768 0 0 0 0 0 0 0 
_1.ptx 922 : 50574336 586973536 0 0 0 0 0 0 0 
_1.ptx 923 : 50574336 15473956032 202297344 0 0 1580448 1580448 0 0 
_1.ptx 924 : 50574336 334011328 0 3160896 1580448 0 0 0 0 
_1.ptx 926 : 50574336 355259360 0 0 0 0 0 0 0 
_1.ptx 927 : 50574336 412519104 0 0 0 0 0 0 0 
_1.ptx 928 : 50574336 368127136 0 0 0 0 0 0 0 
_1.ptx 929 : 50574336 436775232 0 0 0 0 0 0 0 
_1.ptx 930 : 50574336 0 0 0 0 0 0 0 0 
_1.ptx 931 : 50574336 352431296 0 0 0 0 0 0 0 
_1.ptx 934 : 455169024 3244012192 0 0 0 0 0 0 0 
_1.ptx 935 : 455169024 3993916768 0 0 0 0 0 0 0 
_1.ptx 936 : 455169024 2644772377 0 0 0 0 0 0 987780 
_1.ptx 938 : 100951116 769318194 0 0 0 0 0 0 0 
_1.ptx 939 : 100951116 897096595 0 0 0 0 0 0 0 
_1.ptx 940 : 100951116 918205289 0 0 0 0 0 0 0 
_1.ptx 941 : 100951116 1202331247 0 0 0 0 0 0 0 
_1.ptx 942 : 100951116 1201754518 0 0 0 0 0 0 0 
_1.ptx 943 : 100951116 1154776572 0 0 0 0 0 0 0 
_1.ptx 944 : 100951116 860428657 0 0 0 0 0 0 0 
_1.ptx 945 : 100951116 1196517369 0 0 0 0 0 0 0 
_1.ptx 946 : 100951116 845881260 0 0 0 0 0 0 0 
_1.ptx 947 : 100951116 1142662781 0 0 0 0 0 0 0 
_1.ptx 948 : 100951116 1184546366 0 0 0 0 0 0 0 
_1.ptx 949 : 100951116 963650087 0 6716904 3951120 0 0 0 0 
_1.ptx 950 : 100951116 1099110216 0 0 0 0 0 0 0 
_1.ptx 951 : 100951116 840651460 0 0 0 0 0 0 0 
_1.ptx 952 : 100951116 1175361954 0 0 0 0 0 0 0 
_1.ptx 953 : 100951116 833886842 0 0 0 0 0 0 0 
_1.ptx 954 : 100951116 1141100457 0 0 0 0 0 0 0 
_1.ptx 955 : 100951116 1179882758 0 0 0 0 0 0 0 
_1.ptx 956 : 100951116 981446482 0 6716904 3951120 0 0 0 0 
_1.ptx 957 : 100951116 1173348812 0 0 0 0 0 0 0 
_1.ptx 958 : 100951116 639210188 0 6716904 3951120 0 0 0 0 
_1.ptx 961 : 455169024 5402446432 0 0 0 0 0 0 0 
_1.ptx 963 : 455169024 3583447232 0 0 0 0 0 0 0 
_1.ptx 964 : 455169024 3400452832 0 0 0 0 0 0 0 
_1.ptx 965 : 455169024 4024547584 0 0 0 0 0 0 0 
_1.ptx 966 : 455169024 2954665920 0 0 0 0 0 0 0 
_1.ptx 967 : 50574336 396729056 0 0 0 0 0 0 0 
_1.ptx 972 : 50574336 361826816 0 0 0 0 0 0 0 
_1.ptx 973 : 50574336 439924800 0 0 0 0 0 0 0 
_1.ptx 974 : 50574336 368003278 0 0 0 0 0 0 197556 
_1.ptx 976 : 197556 1602976 0 0 0 0 0 0 0 
_1.ptx 977 : 197556 2153012 0 0 0 0 0 0 0 
_1.ptx 978 : 197556 1600294 0 0 0 0 0 0 0 
_1.ptx 979 : 197556 2290223 0 0 0 0 0 0 0 
_1.ptx 980 : 197556 1602223 0 0 0 0 0 0 0 
_1.ptx 981 : 197556 2159744 0 0 0 0 0 0 0 
_1.ptx 982 : 197556 2284983 0 0 0 0 0 0 0 
_1.ptx 983 : 197556 752389 0 0 0 0 0 0 0 
_1.ptx 984 : 197556 1742099 0 197556 197556 0 0 0 0 
_1.ptx 985 : 197556 747107 0 0 0 0 0 0 0 
_1.ptx 986 : 197556 1354481 0 0 0 0 0 0 0 
_1.ptx 987 : 197556 1383108 0 0 0 0 0 0 0 
_1.ptx 988 : 197556 1702197 0 0 0 0 0 0 0 
_1.ptx 989 : 197556 1893014 0 0 0 0 0 0 0 
_1.ptx 990 : 197556 1587864 0 0 0 0 0 0 0 
_1.ptx 991 : 197556 2151214 0 0 0 0 0 0 0 
_1.ptx 992 : 197556 2288773 0 0 0 0 0 0 0 
_1.ptx 993 : 197556 1065850 437120 0 0 197556 197556 0 0 
_1.ptx 995 : 197556 1413536 0 0 0 0 0 0 0 
_1.ptx 996 : 197556 1080890 0 197556 197556 0 0 0 0 
_1.ptx 999 : 50574336 426627872 0 0 0 0 0 0 0 
_1.ptx 1000 : 50574336 380593184 0 0 0 0 0 0 0 
_1.ptx 1001 : 50574336 446130848 0 0 0 0 0 0 0 
_1.ptx 1002 : 50574336 0 0 0 0 0 0 0 0 
_1.ptx 1003 : 50574336 380265824 0 0 0 0 0 0 0 
_1.ptx 1007 : 455169024 3879041696 0 0 0 0 0 0 0 
_1.ptx 1009 : 455169024 3476463232 0 0 0 0 0 0 0 
_1.ptx 1010 : 455169024 4024579520 0 0 0 0 0 0 0 
_1.ptx 1011 : 455169024 2707085471 0 0 0 0 0 0 987780 
_1.ptx 1013 : 100951116 749412050 0 0 0 0 0 0 0 
_1.ptx 1014 : 100951116 875380237 0 0 0 0 0 0 0 
_1.ptx 1015 : 100951116 886666289 0 0 0 0 0 0 0 
_1.ptx 1016 : 100951116 1196116036 0 0 0 0 0 0 0 
_1.ptx 1017 : 100951116 1162884406 0 0 0 0 0 0 0 
_1.ptx 1018 : 100951116 886139434 0 0 0 0 0 0 0 
_1.ptx 1019 : 100951116 1195901110 0 0 0 0 0 0 0 
_1.ptx 1020 : 100951116 858139593 0 0 0 0 0 0 0 
_1.ptx 1021 : 100951116 1190306878 0 0 0 0 0 0 0 
_1.ptx 1022 : 100951116 1197416902 0 0 0 0 0 0 0 
_1.ptx 1023 : 100951116 993918433 0 6716904 3951120 0 0 0 0 
_1.ptx 1025 : 100951116 1175931676 0 0 0 0 0 0 0 
_1.ptx 1026 : 100951116 1139850324 0 0 0 0 0 0 0 
_1.ptx 1027 : 100951116 882002040 0 0 0 0 0 0 0 
_1.ptx 1028 : 100951116 1200668264 0 0 0 0 0 0 0 
_1.ptx 1029 : 100951116 871826677 0 0 0 0 0 0 0 
_1.ptx 1030 : 100951116 1173608355 0 0 0 0 0 0 0 
_1.ptx 1031 : 100951116 1198695616 0 0 0 0 0 0 0 
_1.ptx 1032 : 100951116 1043892296 0 6716904 3951120 0 0 0 0 
_1.ptx 1033 : 100951116 708516611 0 6716904 3951120 0 0 0 0 
_1.ptx 1035 : 100951116 1110458044 0 6716904 3951120 0 0 0 0 
_1.ptx 1036 : 100951116 1166945190 0 0 0 0 0 0 0 
_1.ptx 1037 : 100951116 686096527 0 6716904 3951120 0 0 0 0 
_1.ptx 1040 : 455169024 5582205280 0 0 0 0 0 0 0 
_1.ptx 1041 : 455169024 4053510720 0 0 0 0 0 0 0 
_1.ptx 1042 : 455169024 3028672224 0 0 0 0 0 0 0 
_1.ptx 1045 : 50574336 367128224 0 0 0 0 0 0 0 
_1.ptx 1047 : 50574336 186198720 0 0 0 0 0 0 0 
_1.ptx 1048 : 50574336 577997408 0 3160896 1580448 0 0 0 0 
_1.ptx 1049 : 50574336 568022720 0 0 0 0 0 0 0 
_1.ptx 1050 : 50574336 312871456 201987072 0 0 1580448 1580448 0 0 
_1.ptx 1052 : 50574336 524679936 0 3160896 1580448 0 0 0 0 
_1.ptx 1053 : 50574336 572685056 0 0 0 0 0 0 0 
_1.ptx 1054 : 50574336 292803840 201987072 0 0 1580448 1580448 0 0 
_1.ptx 1056 : 50574336 335590624 0 0 0 0 0 0 0 
_1.ptx 1075 : 29088 174528 0 0 0 0 0 0 0 
_1.ptx 1076 : 29088 87264 0 0 0 0 0 0 0 
_1.ptx 1077 : 29088 174528 0 0 0 0 0 0 0 
_1.ptx 1078 : 29088 232704 0 0 0 0 0 0 0 
_1.ptx 1079 : 29088 174528 0 0 0 0 0 0 0 
_1.ptx 1085 : 29088 203616 0 0 0 0 0 0 0 
_1.ptx 1087 : 29088 174528 0 0 0 0 0 0 0 
_1.ptx 1089 : 29088 177760 0 0 0 0 0 0 0 
_1.ptx 1090 : 29088 342592 0 0 0 0 0 0 0 
_1.ptx 1091 : 29088 213312 0 0 0 0 0 0 0 
_1.ptx 1092 : 29088 219776 0 0 0 0 0 0 0 
_1.ptx 1093 : 29088 332896 0 0 0 0 0 0 0 
_1.ptx 1094 : 29088 210080 0 0 0 0 0 0 0 
_1.ptx 1095 : 29088 320320 0 0 0 0 0 0 0 
_1.ptx 1096 : 29088 214336 0 0 0 0 0 0 0 
_1.ptx 1097 : 29088 310272 0 0 0 0 0 0 0 
_1.ptx 1098 : 29088 319968 0 0 0 0 0 0 0 
_1.ptx 1099 : 29088 87264 0 0 0 0 0 0 0 
_1.ptx 1100 : 29088 319968 0 0 0 0 0 0 0 
_1.ptx 1101 : 29088 7312192 90496 0 0 909 909 0 0 
_1.ptx 1102 : 29088 187968 0 1818 909 0 0 0 0 
_1.ptx 1103 : 29088 322144 0 0 0 0 0 0 0 
_1.ptx 1104 : 29088 109632 0 0 0 0 0 0 0 
_1.ptx 1105 : 29088 235232 0 0 0 0 0 0 0 
_1.ptx 1106 : 29088 59004 0 0 0 0 0 0 101 
_1.ptx 1108 : 19594 215534 0 0 0 0 0 0 0 
_1.ptx 1109 : 19594 138606 0 0 0 0 0 0 0 
_1.ptx 1110 : 19594 198724 0 0 0 0 0 0 0 
_1.ptx 1111 : 19594 215886 0 0 0 0 0 0 0 
_1.ptx 1112 : 19594 3313748 12928 0 0 707 707 0 0 
_1.ptx 1113 : 19594 121560 0 0 0 0 0 0 0 
_1.ptx 1115 : 9494 58884 0 0 0 0 0 0 0 
_1.ptx 1117 : 29088 210624 0 0 0 0 0 0 0 
_1.ptx 1118 : 29088 324864 0 0 0 0 0 0 0 
_1.ptx 1119 : 29088 208576 0 0 0 0 0 0 0 
_1.ptx 1120 : 29088 303680 0 0 0 0 0 0 0 
_1.ptx 1121 : 29088 322944 0 0 0 0 0 0 0 
_1.ptx 1122 : 29088 174848 0 1818 909 0 0 0 0 
_1.ptx 1124 : 29088 175744 0 0 0 0 0 0 0 
_1.ptx 1125 : 29088 207904 0 0 0 0 0 0 0 
_1.ptx 1126 : 29088 177952 0 0 0 0 0 0 0 
_1.ptx 1127 : 29088 234784 0 0 0 0 0 0 0 
_1.ptx 1128 : 29088 0 0 0 0 0 0 0 0 
_1.ptx 1129 : 29088 174528 0 0 0 0 0 0 0 
_1.ptx 1132 : 252096 1526880 0 0 0 0 0 0 0 
_1.ptx 1133 : 252096 2019200 0 0 0 0 0 0 0 
_1.ptx 1134 : 252096 1171260 0 0 0 0 0 0 1010 
_1.ptx 1136 : 57974 347844 0 0 0 0 0 0 0 
_1.ptx 1137 : 57974 465168 0 0 0 0 0 0 0 
_1.ptx 1138 : 57974 481648 0 0 0 0 0 0 0 
_1.ptx 1139 : 57974 649138 0 0 0 0 0 0 0 
_1.ptx 1140 : 57974 637714 0 0 0 0 0 0 0 
_1.ptx 1141 : 57974 579740 0 0 0 0 0 0 0 
_1.ptx 1142 : 57974 405818 0 0 0 0 0 0 0 
_1.ptx 1143 : 57974 644146 0 0 0 0 0 0 0 
_1.ptx 1144 : 57974 409402 0 0 0 0 0 0 0 
_1.ptx 1145 : 57974 637244 0 0 0 0 0 0 0 
_1.ptx 1146 : 57974 637714 0 0 0 0 0 0 0 
_1.ptx 1147 : 57974 526864 0 4141 2626 0 0 0 0 
_1.ptx 1148 : 57974 582524 0 0 0 0 0 0 0 
_1.ptx 1149 : 57974 416090 0 0 0 0 0 0 0 
_1.ptx 1150 : 57974 638802 0 0 0 0 0 0 0 
_1.ptx 1151 : 57974 410586 0 0 0 0 0 0 0 
_1.ptx 1152 : 57974 619516 0 0 0 0 0 0 0 
_1.ptx 1153 : 57974 637714 0 0 0 0 0 0 0 
_1.ptx 1154 : 57974 558320 0 4141 2626 0 0 0 0 
_1.ptx 1155 : 57974 639890 0 0 0 0 0 0 0 
_1.ptx 1156 : 57974 355694 0 4141 2626 0 0 0 0 
_1.ptx 1159 : 252096 2727424 0 0 0 0 0 0 0 
_1.ptx 1161 : 252096 1807424 0 0 0 0 0 0 0 
_1.ptx 1162 : 252096 1651936 0 0 0 0 0 0 0 
_1.ptx 1163 : 252096 2075552 0 0 0 0 0 0 0 
_1.ptx 1164 : 252096 1367328 0 0 0 0 0 0 0 
_1.ptx 1165 : 29088 190880 0 0 0 0 0 0 0 
_1.ptx 1170 : 29088 174720 0 0 0 0 0 0 0 
_1.ptx 1171 : 29088 238976 0 0 0 0 0 0 0 
_1.ptx 1172 : 29088 176356 0 0 0 0 0 0 202 
_1.ptx 1174 : 202 1509 0 0 0 0 0 0 0 
_1.ptx 1175 : 202 2020 0 0 0 0 0 0 0 
_1.ptx 1176 : 202 1414 0 0 0 0 0 0 0 
_1.ptx 1177 : 202 2222 0 0 0 0 0 0 0 
_1.ptx 1178 : 202 1414 0 0 0 0 0 0 0 
_1.ptx 1179 : 202 2020 0 0 0 0 0 0 0 
_1.ptx 1180 : 202 2222 0 0 0 0 0 0 0 
_1.ptx 1181 : 202 606 0 0 0 0 0 0 0 
_1.ptx 1182 : 202 1616 0 202 202 0 0 0 0 
_1.ptx 1183 : 202 606 0 0 0 0 0 0 0 
_1.ptx 1184 : 202 1212 0 0 0 0 0 0 0 
_1.ptx 1185 : 202 1212 0 0 0 0 0 0 0 
_1.ptx 1186 : 202 1616 0 0 0 0 0 0 0 
_1.ptx 1187 : 202 1818 0 0 0 0 0 0 0 
_1.ptx 1188 : 202 1414 0 0 0 0 0 0 0 
_1.ptx 1189 : 202 2020 0 0 0 0 0 0 0 
_1.ptx 1190 : 202 2222 0 0 0 0 0 0 0 
_1.ptx 1191 : 202 1010 0 0 0 202 202 0 0 
_1.ptx 1193 : 202 1212 0 0 0 0 0 0 0 
_1.ptx 1194 : 202 1010 0 202 202 0 0 0 0 
_1.ptx 1197 : 29088 216640 0 0 0 0 0 0 0 
_1.ptx 1198 : 29088 187168 0 0 0 0 0 0 0 
_1.ptx 1199 : 29088 235744 0 0 0 0 0 0 0 
_1.ptx 1200 : 29088 0 0 0 0 0 0 0 0 
_1.ptx 1201 : 29088 184224 0 0 0 0 0 0 0 
_1.ptx 1205 : 252096 1840608 0 0 0 0 0 0 0 
_1.ptx 1207 : 252096 1577536 0 0 0 0 0 0 0 
_1.ptx 1208 : 252096 2025344 0 0 0 0 0 0 0 
_1.ptx 1209 : 252096 1164732 0 0 0 0 0 0 1010 
_1.ptx 1211 : 57974 347844 0 0 0 0 0 0 0 
_1.ptx 1212 : 57974 470256 0 0 0 0 0 0 0 
_1.ptx 1213 : 57974 463792 0 0 0 0 0 0 0 
_1.ptx 1214 : 57974 642770 0 0 0 0 0 0 0 
_1.ptx 1215 : 57974 582140 0 0 0 0 0 0 0 
_1.ptx 1216 : 57974 412282 0 0 0 0 0 0 0 
_1.ptx 1217 : 57974 643730 0 0 0 0 0 0 0 
_1.ptx 1218 : 57974 409050 0 0 0 0 0 0 0 
_1.ptx 1219 : 57974 626908 0 0 0 0 0 0 0 
_1.ptx 1220 : 57974 637714 0 0 0 0 0 0 0 
_1.ptx 1221 : 57974 519888 0 4141 2626 0 0 0 0 
_1.ptx 1223 : 57974 642674 0 0 0 0 0 0 0 
_1.ptx 1224 : 57974 582236 0 0 0 0 0 0 0 
_1.ptx 1225 : 57974 408154 0 0 0 0 0 0 0 
_1.ptx 1226 : 57974 638450 0 0 0 0 0 0 0 
_1.ptx 1227 : 57974 406554 0 0 0 0 0 0 0 
_1.ptx 1228 : 57974 593724 0 0 0 0 0 0 0 
_1.ptx 1229 : 57974 637714 0 0 0 0 0 0 0 
_1.ptx 1230 : 57974 553296 0 4141 2626 0 0 0 0 
_1.ptx 1231 : 57974 413934 0 4141 2626 0 0 0 0 
_1.ptx 1233 : 57974 656720 0 4141 2626 0 0 0 0 
_1.ptx 1234 : 57974 637810 0 0 0 0 0 0 0 
_1.ptx 1235 : 57974 376398 0 4141 2626 0 0 0 0 
_1.ptx 1238 : 252096 2860512 0 0 0 0 0 0 0 
_1.ptx 1239 : 252096 2028032 0 0 0 0 0 0 0 
_1.ptx 1240 : 252096 1377920 0 0 0 0 0 0 0 
_1.ptx 1243 : 29088 177760 0 0 0 0 0 0 0 
_1.ptx 1245 : 29088 132512 0 0 0 0 0 0 0 
_1.ptx 1246 : 29088 310272 0 1818 909 0 0 0 0 
_1.ptx 1247 : 29088 319968 0 0 0 0 0 0 0 
_1.ptx 1248 : 29088 168896 12928 0 0 909 909 0 0 
_1.ptx 1249 : 29088 56964 0 0 0 0 0 0 101 
_1.ptx 1251 : 19594 185840 0 1313 707 0 0 0 0 
_1.ptx 1252 : 19594 215534 0 0 0 0 0 0 0 
_1.ptx 1253 : 19594 137158 0 0 0 0 0 0 0 
_1.ptx 1254 : 19594 195940 0 0 0 0 0 0 0 
_1.ptx 1255 : 19594 215534 0 0 0 0 0 0 0 
_1.ptx 1256 : 19594 97970 12928 0 0 707 707 0 0 
_1.ptx 1259 : 29088 174528 0 0 0 0 0 0 0 
_1.ptx 1278 : 202 1212 0 0 0 0 0 0 0 
_1.ptx 1279 : 202 606 0 0 0 0 0 0 0 
_1.ptx 1280 : 202 1212 0 0 0 0 0 0 0 
_1.ptx 1281 : 202 1616 0 0 0 0 0 0 0 
_1.ptx 1282 : 202 0 0 0 0 0 0 0 0 
_1.ptx 1283 : 202 1212 0 0 0 0 0 0 0 
_1.ptx 1284 : 202 1414 0 0 0 0 0 0 0 
_1.ptx 1285 : 202 1616 0 0 0 0 0 0 0 
_1.ptx 1286 : 202 1212 0 0 0 0 0 0 0 
_1.ptx 1290 : 202 1212 0 0 0 0 0 0 0 
_1.ptx 1292 : 202 1212 0 0 0 0 0 0 0 
_1.ptx 1293 : 202 2222 0 0 0 0 0 0 0 
_1.ptx 1294 : 202 1212 0 0 0 0 0 0 0 
_1.ptx 1295 : 202 1414 0 0 0 0 0 0 0 
_1.ptx 1296 : 202 2020 0 0 0 0 0 0 0 
_1.ptx 1297 : 202 1414 0 0 0 0 0 0 0 
_1.ptx 1298 : 202 2222 0 0 0 0 0 0 0 
_1.ptx 1299 : 202 1414 0 0 0 0 0 0 0 
_1.ptx 1300 : 202 2020 0 0 0 0 0 0 0 
_1.ptx 1301 : 202 2222 0 0 0 0 0 0 0 
_1.ptx 1302 : 202 606 0 0 0 0 0 0 0 
_1.ptx 1303 : 202 2222 0 0 0 0 0 0 0 
_1.ptx 1304 : 202 30098 0 0 0 101 101 0 0 
_1.ptx 1305 : 202 1010 0 101 101 0 0 0 0 
_1.ptx 1307 : 202 2222 0 0 0 0 0 0 0 
_1.ptx 1308 : 202 2222 0 0 0 0 0 0 0 
_1.ptx 1309 : 202 1414 0 0 0 0 0 0 0 
_1.ptx 1310 : 202 2020 0 0 0 0 0 0 0 
_1.ptx 1311 : 202 1414 0 0 0 0 0 0 0 
_1.ptx 1312 : 202 2222 0 0 0 0 0 0 0 
_1.ptx 1313 : 202 1414 0 0 0 0 0 0 0 
_1.ptx 1314 : 202 2020 0 0 0 0 0 0 0 
_1.ptx 1315 : 202 2222 0 0 0 0 0 0 0 
_1.ptx 1316 : 202 2222 0 0 0 0 0 0 0 
_1.ptx 1317 : 202 808 0 0 0 101 101 0 0 
_1.ptx 1318 : 202 1010 0 101 101 0 0 0 0 
_1.ptx 1320 : 202 1212 0 0 0 0 0 0 0 
_1.ptx 1321 : 202 1414 0 0 0 0 0 0 0 
_1.ptx 1322 : 202 1212 0 0 0 0 0 0 0 
_1.ptx 1323 : 202 1616 0 0 0 0 0 0 0 
_1.ptx 1324 : 202 0 0 0 0 0 0 0 0 
_1.ptx 1325 : 202 1212 0 0 0 0 0 0 0 
_1.ptx 1328 : 404 2424 0 0 0 0 0 0 0 
_1.ptx 1329 : 404 3232 0 0 0 0 0 0 0 
_1.ptx 1330 : 404 606 0 0 0 0 0 0 101 
_1.ptx 1332 : 303 1818 0 0 0 0 0 0 0 
_1.ptx 1333 : 303 2424 0 0 0 0 0 0 0 
_1.ptx 1334 : 303 2424 0 0 0 0 0 0 0 
_1.ptx 1335 : 303 3333 0 0 0 0 0 0 0 
_1.ptx 1336 : 303 3333 0 0 0 0 0 0 0 
_1.ptx 1337 : 303 3030 0 0 0 0 0 0 0 
_1.ptx 1338 : 303 2121 0 0 0 0 0 0 0 
_1.ptx 1339 : 303 3333 0 0 0 0 0 0 0 
_1.ptx 1340 : 303 2121 0 0 0 0 0 0 0 
_1.ptx 1341 : 303 3030 0 0 0 0 0 0 0 
_1.ptx 1342 : 303 3333 0 0 0 0 0 0 0 
_1.ptx 1343 : 303 2424 0 202 202 0 0 0 0 
_1.ptx 1344 : 303 3030 0 0 0 0 0 0 0 
_1.ptx 1345 : 303 2121 0 0 0 0 0 0 0 
_1.ptx 1346 : 303 3333 0 0 0 0 0 0 0 
_1.ptx 1347 : 303 2121 0 0 0 0 0 0 0 
_1.ptx 1348 : 303 3030 0 0 0 0 0 0 0 
_1.ptx 1349 : 303 3333 0 0 0 0 0 0 0 
_1.ptx 1350 : 303 2424 0 202 202 0 0 0 0 
_1.ptx 1351 : 303 3333 0 0 0 0 0 0 0 
_1.ptx 1352 : 303 1515 0 202 202 0 0 0 0 
_1.ptx 1355 : 404 4040 0 0 0 0 0 0 0 
_1.ptx 1357 : 404 2828 0 0 0 0 0 0 0 
_1.ptx 1358 : 404 2424 0 0 0 0 0 0 0 
_1.ptx 1359 : 404 3232 0 0 0 0 0 0 0 
_1.ptx 1360 : 404 1212 0 0 0 0 0 0 0 
_1.ptx 1361 : 202 1212 0 0 0 0 0 0 0 
_1.ptx 1366 : 202 1212 0 0 0 0 0 0 0 
_1.ptx 1367 : 202 1616 0 0 0 0 0 0 0 
_1.ptx 1368 : 202 606 0 0 0 0 0 0 101 
_1.ptx 1370 : 101 707 0 0 0 0 0 0 0 
_1.ptx 1371 : 101 606 0 0 0 0 0 0 0 
_1.ptx 1372 : 101 1010 0 0 0 0 0 0 0 
_1.ptx 1373 : 101 707 0 0 0 0 0 0 0 
_1.ptx 1374 : 101 1111 0 0 0 0 0 0 0 
_1.ptx 1375 : 101 707 0 0 0 0 0 0 0 
_1.ptx 1376 : 101 1010 0 0 0 0 0 0 0 
_1.ptx 1377 : 101 1111 0 0 0 0 0 0 0 
_1.ptx 1378 : 101 505 0 101 101 0 0 0 0 
_1.ptx 1381 : 202 1414 0 0 0 0 0 0 0 
_1.ptx 1382 : 202 1212 0 0 0 0 0 0 0 
_1.ptx 1383 : 202 1616 0 0 0 0 0 0 0 
_1.ptx 1384 : 202 0 0 0 0 0 0 0 0 
_1.ptx 1385 : 202 1212 0 0 0 0 0 0 0 
_1.ptx 1389 : 404 2828 0 0 0 0 0 0 0 
_1.ptx 1391 : 404 2424 0 0 0 0 0 0 0 
_1.ptx 1392 : 404 3232 0 0 0 0 0 0 0 
_1.ptx 1393 : 404 606 0 0 0 0 0 0 101 
_1.ptx 1395 : 303 1818 0 0 0 0 0 0 0 
_1.ptx 1396 : 303 2424 0 0 0 0 0 0 0 
_1.ptx 1397 : 303 2424 0 0 0 0 0 0 0 
_1.ptx 1398 : 303 3333 0 0 0 0 0 0 0 
_1.ptx 1399 : 303 3030 0 0 0 0 0 0 0 
_1.ptx 1400 : 303 2121 0 0 0 0 0 0 0 
_1.ptx 1401 : 303 3333 0 0 0 0 0 0 0 
_1.ptx 1402 : 303 2121 0 0 0 0 0 0 0 
_1.ptx 1403 : 303 3030 0 0 0 0 0 0 0 
_1.ptx 1404 : 303 3333 0 0 0 0 0 0 0 
_1.ptx 1405 : 303 2424 0 202 202 0 0 0 0 
_1.ptx 1407 : 303 3333 0 0 0 0 0 0 0 
_1.ptx 1408 : 303 3030 0 0 0 0 0 0 0 
_1.ptx 1409 : 303 2121 0 0 0 0 0 0 0 
_1.ptx 1410 : 303 3333 0 0 0 0 0 0 0 
_1.ptx 1411 : 303 2121 0 0 0 0 0 0 0 
_1.ptx 1412 : 303 3030 0 0 0 0 0 0 0 
_1.ptx 1413 : 303 3333 0 0 0 0 0 0 0 
_1.ptx 1414 : 303 2424 0 202 202 0 0 0 0 
_1.ptx 1415 : 303 1616 0 202 202 0 0 0 0 
_1.ptx 1417 : 303 2424 0 202 202 0 0 0 0 
_1.ptx 1418 : 303 3333 0 0 0 0 0 0 0 
_1.ptx 1419 : 303 1515 0 202 202 0 0 0 0 
_1.ptx 1422 : 404 4040 0 0 0 0 0 0 0 
_1.ptx 1423 : 404 3232 0 0 0 0 0 0 0 
_1.ptx 1424 : 404 1212 0 0 0 0 0 0 0 
_1.ptx 1427 : 202 1212 0 0 0 0 0 0 0 
_1.ptx 1429 : 202 606 0 0 0 0 0 0 0 
_1.ptx 1430 : 202 1616 0 101 101 0 0 0 0 
_1.ptx 1431 : 202 2222 0 0 0 0 0 0 0 
_1.ptx 1432 : 202 1212 0 0 0 101 101 0 0 
_1.ptx 1434 : 202 1616 0 101 101 0 0 0 0 
_1.ptx 1435 : 202 2222 0 0 0 0 0 0 0 
_1.ptx 1436 : 202 1010 0 0 0 101 101 0 0 
_1.ptx 1438 : 202 1212 0 0 0 0 0 0 0 
_1.ptx 818 : 50603424 326017120 0 0 0 0 0 0 0 
_1.ptx 819 : 50603424 330150144 0 0 0 0 0 0 0 
_1.ptx 820 : 50603424 417510592 0 0 0 0 0 0 0 
_1.ptx 821 : 50603424 320114577 0 0 0 0 0 0 197758 
