kernel line : count latency dram_traffic smem_bk_conflicts smem_warp gmem_access_generated gmem_warp exposed_latency warp_divergence
_1.ptx 409 : 1885 17632 0 0 0 0 0 0 0 
_1.ptx 410 : 1885 14281 0 0 0 0 0 0 0 
_1.ptx 411 : 1885 14375 0 0 0 0 0 0 0 
_1.ptx 412 : 1885 14283 0 0 0 0 0 0 0 
_1.ptx 413 : 1885 15817 0 0 0 0 0 0 0 
_1.ptx 414 : 1885 14300 0 0 0 0 0 0 0 
_1.ptx 415 : 1885 12877 0 0 0 0 0 0 0 
_1.ptx 418 : 915 10574 0 0 0 0 0 0 0 
_1.ptx 419 : 915 5965 0 0 0 0 0 0 0 
_1.ptx 420 : 915 6226 0 0 0 0 0 0 0 
_1.ptx 421 : 915 8553 0 0 0 0 0 0 0 
_1.ptx 422 : 915 6128 0 0 0 0 0 0 0 
_1.ptx 423 : 915 8623 0 0 0 0 0 0 0 
_1.ptx 424 : 915 6186 0 0 0 0 0 0 0 
_1.ptx 425 : 915 8601 0 0 0 0 0 0 0 
_1.ptx 426 : 915 10334 0 0 0 0 0 0 0 
_1.ptx 427 : 915 8698 0 0 0 0 0 0 0 
_1.ptx 429 : 915 11391 0 0 0 0 0 0 0 
_1.ptx 430 : 915 6323 0 0 0 0 0 0 0 
_1.ptx 431 : 915 7794 0 0 0 0 0 0 0 
_1.ptx 432 : 915 8586 0 0 0 0 0 0 0 
_1.ptx 435 : 2800 21316 0 0 0 0 0 0 0 
_1.ptx 436 : 2800 19402 0 0 0 0 0 0 0 
_1.ptx 437 : 2800 42952 0 0 0 0 0 0 0 
_1.ptx 438 : 2800 21631 0 0 0 0 0 0 0 
_1.ptx 439 : 2800 8547 0 0 0 0 0 0 0 
_1.ptx 440 : 2800 29516 0 0 0 0 0 0 0 
_1.ptx 441 : 2800 31551 0 0 0 0 0 0 0 
_1.ptx 442 : 2800 21071 0 0 0 0 0 0 0 
_1.ptx 443 : 2800 29548 0 0 0 0 0 0 0 
_1.ptx 444 : 2800 31401 0 0 0 0 0 0 0 
_1.ptx 445 : 2800 14507 3872 0 0 2800 2800 0 0 
_1.ptx 447 : 2800 17766 0 0 0 0 0 0 0 
_1.ptx 464 : 280 1698 0 0 0 0 0 0 0 
_1.ptx 465 : 280 3253 0 0 0 0 0 0 0 
_1.ptx 466 : 280 843 0 0 0 0 0 0 0 
_1.ptx 467 : 280 1977 0 0 0 0 0 0 0 
_1.ptx 468 : 280 3391 0 0 0 0 0 0 0 
_1.ptx 469 : 280 3103 0 0 0 0 0 0 0 
_1.ptx 470 : 280 44727 1280 0 0 280 280 0 0 
_1.ptx 471 : 280 1713 0 0 0 0 0 0 0 
_1.ptx 472 : 280 2949 0 0 0 0 0 0 0 
_1.ptx 473 : 280 2079 0 0 0 0 0 0 0 
_1.ptx 474 : 280 2912 0 0 0 0 0 0 0 
_1.ptx 65 : 28392 189306 0 0 0 0 0 0 0 
_1.ptx 475 : 280 2114 0 0 0 0 0 0 0 
_1.ptx 66 : 28392 520597 0 0 0 0 0 0 0 
_1.ptx 476 : 280 2066 0 0 0 0 0 0 0 
_1.ptx 67 : 28392 4150278 128 0 0 0 0 0 0 
_1.ptx 477 : 280 844 0 0 0 0 0 0 0 
_1.ptx 68 : 28392 221313 0 0 0 0 0 0 0 
_1.ptx 69 : 28392 561549 0 0 0 0 0 0 0 
_1.ptx 70 : 28392 333777 0 0 0 0 0 0 0 
_1.ptx 71 : 28392 2748264 640 0 0 1008 1008 0 0 
_1.ptx 481 : 28000 209757 0 0 0 0 0 0 0 
_1.ptx 72 : 28392 203511 0 0 0 0 0 0 0 
_1.ptx 482 : 28000 293674 0 0 0 0 0 0 0 
_1.ptx 73 : 28392 428911 0 0 0 0 0 0 0 
_1.ptx 483 : 28000 316248 0 0 0 0 0 0 0 
_1.ptx 74 : 28392 202233 0 0 0 0 0 0 0 
_1.ptx 484 : 28000 252690 0 0 0 28000 28000 0 0 
_1.ptx 75 : 28392 479432 0 0 0 0 0 0 0 
_1.ptx 485 : 28000 210230 2816 0 0 28000 28000 0 0 
_1.ptx 76 : 28392 198133 0 0 0 0 0 0 0 
_1.ptx 486 : 28000 261593 0 0 0 0 0 0 0 
_1.ptx 77 : 28392 528706 0 0 0 0 0 0 0 
_1.ptx 487 : 28000 297097 0 0 0 0 0 0 0 
_1.ptx 78 : 28392 229672 0 0 0 0 0 0 0 
_1.ptx 488 : 28000 294789 0 0 0 0 0 0 0 
_1.ptx 79 : 28392 318171 0 0 0 0 0 0 0 
_1.ptx 489 : 28000 297069 0 0 0 0 0 0 0 
_1.ptx 80 : 28392 333402 0 0 0 0 0 0 0 
_1.ptx 490 : 28000 242870 0 0 0 0 0 0 0 
_1.ptx 81 : 28392 217107 0 0 0 0 0 0 0 
_1.ptx 491 : 28000 182739 0 0 0 0 0 0 0 
_1.ptx 82 : 28392 238703 0 0 0 0 0 0 0 
_1.ptx 83 : 28392 252897 0 0 0 0 0 0 0 
_1.ptx 493 : 280 2137 0 0 0 0 0 0 0 
_1.ptx 494 : 280 1902 0 0 0 0 0 0 0 
_1.ptx 495 : 280 4277 0 0 0 0 0 0 0 
_1.ptx 496 : 280 2117 0 0 0 0 0 0 0 
_1.ptx 87 : 709800 11342259 128 0 0 0 0 0 0 
_1.ptx 497 : 280 2146 0 0 0 0 0 0 0 
_1.ptx 88 : 709800 8442889 0 0 0 0 0 0 0 
_1.ptx 498 : 280 2201 0 0 0 0 0 0 0 
_1.ptx 89 : 709800 8458801 0 0 0 0 0 0 0 
_1.ptx 499 : 280 1927 0 0 0 0 0 0 0 
_1.ptx 90 : 709800 6156455 0 0 0 0 0 0 0 
_1.ptx 500 : 280 2310 0 0 0 0 0 0 0 
_1.ptx 91 : 709800 8017562 0 0 0 0 0 0 0 
_1.ptx 501 : 280 150 0 0 0 0 0 0 0 
_1.ptx 92 : 709800 8472004 0 0 0 0 0 0 0 
_1.ptx 93 : 709800 84268892 94208 0 0 115134 25200 0 0 
_1.ptx 503 : 256 2914 0 0 0 0 0 0 0 
_1.ptx 94 : 709800 18263404 0 0 0 25200 25200 0 0 
_1.ptx 504 : 256 1649 0 0 0 0 0 0 0 
_1.ptx 95 : 709800 7042157 0 0 0 0 0 0 0 
_1.ptx 505 : 256 2888 0 0 0 0 0 0 0 
_1.ptx 96 : 709800 7874051 0 0 0 0 0 0 0 
_1.ptx 506 : 256 1922 0 0 0 0 0 0 0 
_1.ptx 97 : 709800 8025833 0 0 0 0 0 0 0 
_1.ptx 507 : 256 1687 0 0 0 0 0 0 0 
_1.ptx 98 : 709800 7971876 0 0 0 0 0 0 0 
_1.ptx 508 : 256 1697 0 0 0 0 0 0 0 
_1.ptx 99 : 709800 6563468 0 0 0 0 0 0 0 
_1.ptx 509 : 256 2365 0 0 0 0 0 0 0 
_1.ptx 100 : 709800 5248626 0 0 0 0 0 0 0 
_1.ptx 510 : 256 2383 0 0 0 0 0 0 0 
_1.ptx 511 : 256 1668 0 0 0 0 0 0 0 
_1.ptx 102 : 28392 247359 0 0 0 0 0 0 0 
_1.ptx 512 : 256 2867 0 0 0 0 0 0 0 
_1.ptx 103 : 28392 227804 0 0 0 0 0 0 0 
_1.ptx 104 : 28392 452893 0 0 0 0 0 0 0 
_1.ptx 514 : 256 5008 0 0 0 0 0 0 0 
_1.ptx 105 : 28392 249709 0 0 0 0 0 0 0 
_1.ptx 515 : 256 6142 0 0 0 0 0 0 0 
_1.ptx 106 : 28392 248615 0 0 0 0 0 0 0 
_1.ptx 516 : 256 2931 0 0 0 0 0 0 0 
_1.ptx 107 : 28392 256004 0 0 0 0 0 0 0 
_1.ptx 108 : 28392 220773 0 0 0 0 0 0 0 
_1.ptx 518 : 256 1651 0 0 0 0 0 0 0 
_1.ptx 109 : 28392 259206 0 0 0 0 0 0 0 
_1.ptx 519 : 256 1763 0 0 0 0 0 0 0 
_1.ptx 110 : 28392 141842 0 0 0 0 0 0 862 
_1.ptx 520 : 256 1803 0 0 0 0 0 0 0 
_1.ptx 521 : 256 1766 0 0 0 0 0 0 0 
_1.ptx 112 : 9895 119240 0 0 0 0 0 0 0 
_1.ptx 522 : 256 2869 0 0 0 0 0 0 0 
_1.ptx 113 : 9895 74426 0 0 0 0 0 0 0 
_1.ptx 523 : 256 12558 0 0 0 0 0 0 0 
_1.ptx 114 : 9895 116440 0 0 0 0 0 0 0 
_1.ptx 524 : 256 2882 0 0 0 0 0 0 0 
_1.ptx 115 : 9895 83747 0 0 0 0 0 0 0 
_1.ptx 525 : 256 1636 0 0 0 0 0 0 0 
_1.ptx 116 : 9895 75010 0 0 0 0 0 0 0 
_1.ptx 526 : 256 2129 0 0 0 0 0 0 0 
_1.ptx 117 : 9895 75121 0 0 0 0 0 0 0 
_1.ptx 527 : 256 2335 0 0 0 0 0 0 0 
_1.ptx 118 : 9895 97300 0 0 0 0 0 0 0 
_1.ptx 528 : 256 1876 0 0 0 0 0 0 0 
_1.ptx 119 : 9895 97728 0 0 0 0 0 0 0 
_1.ptx 529 : 256 1886 0 0 0 0 0 0 0 
_1.ptx 120 : 9895 75354 0 0 0 0 0 0 0 
_1.ptx 530 : 256 1876 0 0 0 0 0 0 0 
_1.ptx 121 : 9895 116946 0 0 0 0 0 0 0 
_1.ptx 531 : 256 2090 0 0 0 0 0 0 0 
_1.ptx 532 : 256 1853 0 0 0 0 0 0 0 
_1.ptx 123 : 9895 162227 0 0 0 0 0 0 0 
_1.ptx 533 : 256 1610 0 0 0 0 0 0 0 
_1.ptx 124 : 9895 194469 0 0 0 0 0 0 0 
_1.ptx 125 : 9895 119405 0 0 0 0 0 0 0 
_1.ptx 536 : 24 269 0 0 0 0 0 0 0 
_1.ptx 127 : 9895 75136 0 0 0 0 0 0 0 
_1.ptx 537 : 24 149 0 0 0 0 0 0 0 
_1.ptx 128 : 9895 76162 0 0 0 0 0 0 0 
_1.ptx 538 : 24 150 0 0 0 0 0 0 0 
_1.ptx 129 : 9895 78928 0 0 0 0 0 0 0 
_1.ptx 539 : 24 218 0 0 0 0 0 0 0 
_1.ptx 130 : 9895 75644 0 0 0 0 0 0 0 
_1.ptx 540 : 24 146 0 0 0 0 0 0 0 
_1.ptx 131 : 9895 117793 0 0 0 0 0 0 0 
_1.ptx 541 : 24 223 0 0 0 0 0 0 0 
_1.ptx 132 : 9895 469161 0 0 0 0 0 0 0 
_1.ptx 542 : 24 163 0 0 0 0 0 0 0 
_1.ptx 133 : 9895 118781 0 0 0 0 0 0 0 
_1.ptx 543 : 24 223 0 0 0 0 0 0 0 
_1.ptx 134 : 9895 77211 0 0 0 0 0 0 0 
_1.ptx 544 : 24 267 0 0 0 0 0 0 0 
_1.ptx 135 : 9895 89414 0 0 0 0 0 0 0 
_1.ptx 545 : 24 220 0 0 0 0 0 0 0 
_1.ptx 136 : 9895 96726 0 0 0 0 0 0 0 
_1.ptx 137 : 9895 83842 0 0 0 0 0 0 0 
_1.ptx 547 : 24 293 0 0 0 0 0 0 0 
_1.ptx 138 : 9895 84286 0 0 0 0 0 0 0 
_1.ptx 548 : 24 160 0 0 0 0 0 0 0 
_1.ptx 139 : 9895 82824 0 0 0 0 0 0 0 
_1.ptx 549 : 24 194 0 0 0 0 0 0 0 
_1.ptx 140 : 9895 89744 0 0 0 0 0 0 0 
_1.ptx 550 : 24 221 0 0 0 0 0 0 0 
_1.ptx 141 : 9895 83219 0 0 0 0 0 0 0 
_1.ptx 142 : 9895 75018 0 0 0 0 0 0 0 
_1.ptx 553 : 280 2036 0 0 0 0 0 0 0 
_1.ptx 554 : 280 1797 0 0 0 0 0 0 0 
_1.ptx 145 : 18497 222512 0 0 0 0 0 0 0 
_1.ptx 555 : 280 5313 0 0 0 0 0 0 0 
_1.ptx 146 : 18497 137730 0 0 0 0 0 0 0 
_1.ptx 556 : 280 3050 0 0 0 0 0 0 0 
_1.ptx 147 : 18497 142121 0 0 0 0 0 0 0 
_1.ptx 557 : 280 842 0 0 0 0 0 0 0 
_1.ptx 148 : 18497 182460 0 0 0 0 0 0 0 
_1.ptx 558 : 280 2995 0 0 0 0 0 0 0 
_1.ptx 149 : 18497 141080 0 0 0 0 0 0 0 
_1.ptx 559 : 280 3276 0 0 0 0 0 0 0 
_1.ptx 150 : 18497 183107 0 0 0 0 0 0 0 
_1.ptx 560 : 280 2030 0 0 0 0 0 0 0 
_1.ptx 151 : 18497 141854 0 0 0 0 0 0 0 
_1.ptx 561 : 280 3027 0 0 0 0 0 0 0 
_1.ptx 152 : 18497 181117 0 0 0 0 0 0 0 
_1.ptx 562 : 280 3109 0 0 0 0 0 0 0 
_1.ptx 153 : 18497 219817 0 0 0 0 0 0 0 
_1.ptx 563 : 280 1423 960 0 0 280 280 0 0 
_1.ptx 154 : 18497 184081 0 0 0 0 0 0 0 
_1.ptx 565 : 280 1705 0 0 0 0 0 0 0 
_1.ptx 156 : 18497 230276 0 0 0 0 0 0 0 
_1.ptx 157 : 18497 140417 0 0 0 0 0 0 0 
_1.ptx 158 : 18497 168319 0 0 0 0 0 0 0 
_1.ptx 159 : 18497 182530 0 0 0 0 0 0 0 
_1.ptx 162 : 28392 246525 0 0 0 0 0 0 0 
_1.ptx 163 : 28392 226658 0 0 0 0 0 0 0 
_1.ptx 164 : 28392 452543 0 0 0 0 0 0 0 
_1.ptx 165 : 28392 249148 0 0 0 0 0 0 0 
_1.ptx 166 : 28392 256394 0 0 0 0 0 0 0 
_1.ptx 167 : 28392 313837 0 0 0 0 0 0 0 
_1.ptx 168 : 28392 324814 0 0 0 0 0 0 0 
_1.ptx 169 : 28392 341446 0 0 0 0 0 0 0 
_1.ptx 170 : 28392 339808 0 0 0 0 0 0 0 
_1.ptx 171 : 28392 317165 0 0 0 0 0 0 0 
_1.ptx 172 : 28392 341533 0 0 0 0 0 0 0 
_1.ptx 173 : 28392 247670 0 0 0 0 0 0 0 
_1.ptx 174 : 28392 321794 0 0 0 0 0 0 0 
_1.ptx 175 : 28392 339719 0 0 0 0 0 0 0 
_1.ptx 176 : 28392 335674 82912 0 0 1860 1008 0 0 
_1.ptx 178 : 28392 212722 0 0 0 0 0 0 0 
_1.ptx 196 : 35000 214075 0 0 0 0 0 0 0 
_1.ptx 197 : 35000 368650 0 0 0 0 0 0 0 
_1.ptx 198 : 35000 259000 0 0 0 0 0 0 0 
_1.ptx 199 : 35000 251350 0 0 0 0 0 0 0 
_1.ptx 200 : 35000 370950 0 0 0 0 0 0 0 
_1.ptx 201 : 35000 388050 0 0 0 0 0 0 0 
_1.ptx 202 : 35000 4376325 6400 0 0 1400 1400 0 0 
_1.ptx 203 : 35000 215200 0 0 0 0 0 0 0 
_1.ptx 204 : 35000 366700 0 0 0 0 0 0 0 
_1.ptx 205 : 35000 214175 0 0 0 0 0 0 0 
_1.ptx 206 : 35000 375400 0 0 0 0 0 0 0 
_1.ptx 207 : 35000 213750 0 0 0 0 0 0 0 
_1.ptx 208 : 35000 365325 0 0 0 0 0 0 0 
_1.ptx 209 : 35000 391950 0 0 0 0 0 0 0 
_1.ptx 210 : 35000 258700 0 0 0 0 0 0 0 
_1.ptx 211 : 35000 367575 0 0 0 0 0 0 0 
_1.ptx 212 : 35000 229175 0 0 0 0 0 0 0 
_1.ptx 213 : 35000 264425 0 0 0 0 0 0 0 
_1.ptx 214 : 35000 246050 0 0 0 0 0 0 0 
_1.ptx 218 : 875000 8446725 128 0 0 0 0 0 0 
_1.ptx 219 : 875000 9783150 0 0 0 0 0 0 0 
_1.ptx 220 : 875000 9746250 0 0 0 0 0 0 0 
_1.ptx 221 : 875000 6311550 0 0 0 0 0 0 0 
_1.ptx 222 : 875000 9030850 0 0 0 0 0 0 0 
_1.ptx 223 : 875000 9728550 0 0 0 0 0 0 0 
_1.ptx 224 : 875000 15193750 0 0 0 157500 35000 0 0 
_1.ptx 225 : 875000 10706550 0 0 0 35000 35000 0 0 
_1.ptx 226 : 875000 7932750 0 0 0 0 0 0 0 
_1.ptx 228 : 875000 14439025 7936 0 0 35000 35000 0 0 
_1.ptx 229 : 875000 15393575 0 0 0 157500 35000 0 0 
_1.ptx 230 : 875000 7942625 0 0 0 0 0 0 0 
_1.ptx 232 : 875000 8440125 0 0 0 35000 35000 0 0 
_1.ptx 233 : 875000 15064775 0 0 0 157400 35000 0 0 
_1.ptx 234 : 875000 7938175 0 0 0 0 0 0 0 
_1.ptx 236 : 875000 14905800 8832 0 0 35000 35000 0 0 
_1.ptx 237 : 875000 15357825 0 0 0 157500 35000 0 0 
_1.ptx 238 : 875000 7943975 0 0 0 0 0 0 0 
_1.ptx 240 : 875000 8368925 0 0 0 35000 35000 0 0 
_1.ptx 241 : 875000 15597000 0 0 0 157550 35000 0 0 
_1.ptx 242 : 875000 7935150 0 0 0 0 0 0 0 
_1.ptx 244 : 875000 14472850 8064 0 0 35000 35000 0 0 
_1.ptx 245 : 875000 16344825 0 0 0 157550 35000 0 0 
_1.ptx 246 : 875000 8003125 0 0 0 0 0 0 0 
_1.ptx 247 : 875000 8982200 0 0 0 0 0 0 0 
_1.ptx 248 : 875000 8909925 0 0 0 0 0 0 0 
_1.ptx 249 : 875000 8961725 0 0 0 0 0 0 0 
_1.ptx 250 : 875000 7149225 0 0 0 0 0 0 0 
_1.ptx 251 : 875000 5158625 0 0 0 0 0 0 0 
_1.ptx 253 : 35000 251650 0 0 0 0 0 0 0 
_1.ptx 254 : 35000 215300 0 0 0 0 0 0 0 
_1.ptx 255 : 35000 529975 0 0 0 0 0 0 0 
_1.ptx 256 : 35000 251725 0 0 0 0 0 0 0 
_1.ptx 257 : 35000 255475 0 0 0 0 0 0 0 
_1.ptx 258 : 35000 254975 0 0 0 0 0 0 0 
_1.ptx 259 : 35000 223350 0 0 0 0 0 0 0 
_1.ptx 260 : 35000 284750 0 0 0 0 0 0 0 
_1.ptx 261 : 35000 83114 0 0 0 0 0 0 1378 
_1.ptx 263 : 21487 241003 0 0 0 0 0 0 0 
_1.ptx 264 : 21487 131929 0 0 0 0 0 0 0 
_1.ptx 265 : 21487 238594 0 0 0 0 0 0 0 
_1.ptx 266 : 21487 155484 0 0 0 0 0 0 0 
_1.ptx 267 : 21487 133760 0 0 0 0 0 0 0 
_1.ptx 268 : 21487 133438 0 0 0 0 0 0 0 
_1.ptx 269 : 21487 195817 0 0 0 0 0 0 0 
_1.ptx 270 : 21487 196305 0 0 0 0 0 0 0 
_1.ptx 271 : 21487 133473 0 0 0 0 0 0 0 
_1.ptx 272 : 21487 238939 0 0 0 0 0 0 0 
_1.ptx 274 : 21487 326051 0 0 0 0 0 0 0 
_1.ptx 275 : 21487 351092 0 0 0 0 0 0 0 
_1.ptx 276 : 21487 239240 0 0 0 0 0 0 0 
_1.ptx 278 : 21487 131517 0 0 0 0 0 0 0 
_1.ptx 279 : 21487 132784 0 0 0 0 0 0 0 
_1.ptx 280 : 21487 134573 0 0 0 0 0 0 0 
_1.ptx 281 : 21487 133141 0 0 0 0 0 0 0 
_1.ptx 282 : 21487 239419 0 0 0 0 0 0 0 
_1.ptx 283 : 21487 1003251 0 0 0 0 0 0 0 
_1.ptx 284 : 21487 240282 0 0 0 0 0 0 0 
_1.ptx 285 : 21487 133663 0 0 0 0 0 0 0 
_1.ptx 286 : 21487 175357 0 0 0 0 0 0 0 
_1.ptx 287 : 21487 196605 0 0 0 0 0 0 0 
_1.ptx 288 : 21487 155734 0 0 0 0 0 0 0 
_1.ptx 289 : 21487 155416 0 0 0 0 0 0 0 
_1.ptx 290 : 21487 155371 0 0 0 0 0 0 0 
_1.ptx 291 : 21487 175827 0 0 0 0 0 0 0 
_1.ptx 292 : 21487 155464 0 0 0 0 0 0 0 
_1.ptx 293 : 21487 134251 0 0 0 0 0 0 0 
_1.ptx 296 : 13513 151104 0 0 0 0 0 0 0 
_1.ptx 297 : 13513 82269 0 0 0 0 0 0 0 
_1.ptx 298 : 13513 83708 0 0 0 0 0 0 0 
_1.ptx 299 : 13513 123435 0 0 0 0 0 0 0 
_1.ptx 300 : 13513 84205 0 0 0 0 0 0 0 
_1.ptx 301 : 13513 123108 0 0 0 0 0 0 0 
_1.ptx 302 : 13513 84144 0 0 0 0 0 0 0 
_1.ptx 303 : 13513 122992 0 0 0 0 0 0 0 
_1.ptx 304 : 13513 150382 0 0 0 0 0 0 0 
_1.ptx 305 : 13513 124392 0 0 0 0 0 0 0 
_1.ptx 307 : 13513 162947 0 0 0 0 0 0 0 
_1.ptx 308 : 13513 85648 0 0 0 0 0 0 0 
_1.ptx 309 : 13513 110454 0 0 0 0 0 0 0 
_1.ptx 310 : 13513 123094 0 0 0 0 0 0 0 
_1.ptx 313 : 35000 256950 0 0 0 0 0 0 0 
_1.ptx 314 : 35000 224075 0 0 0 0 0 0 0 
_1.ptx 315 : 35000 530225 0 0 0 0 0 0 0 
_1.ptx 316 : 35000 253725 0 0 0 0 0 0 0 
_1.ptx 317 : 35000 247525 0 0 0 0 0 0 0 
_1.ptx 318 : 35000 359350 0 0 0 0 0 0 0 
_1.ptx 319 : 35000 365275 0 0 0 0 0 0 0 
_1.ptx 320 : 35000 388775 0 0 0 0 0 0 0 
_1.ptx 321 : 35000 388875 0 0 0 0 0 0 0 
_1.ptx 322 : 35000 363550 0 0 0 0 0 0 0 
_1.ptx 323 : 35000 388600 0 0 0 0 0 0 0 
_1.ptx 324 : 35000 252525 0 0 0 0 0 0 0 
_1.ptx 325 : 35000 363200 0 0 0 0 0 0 0 
_1.ptx 326 : 35000 388775 0 0 0 0 0 0 0 
_1.ptx 327 : 35000 310525 109952 0 0 2450 1400 0 0 
_1.ptx 329 : 35000 213975 0 0 0 0 0 0 0 
_1.ptx 346 : 2800 17978 0 0 0 0 0 0 0 
_1.ptx 347 : 2800 29363 0 0 0 0 0 0 0 
_1.ptx 348 : 2800 8578 0 0 0 0 0 0 0 
_1.ptx 349 : 2800 20977 0 0 0 0 0 0 0 
_1.ptx 350 : 2800 29947 0 0 0 0 0 0 0 
_1.ptx 351 : 2800 31565 0 0 0 0 0 0 0 
_1.ptx 352 : 2800 426872 12800 0 0 2800 2800 0 0 
_1.ptx 353 : 2800 17975 0 0 0 0 0 0 0 
_1.ptx 354 : 2800 29681 0 0 0 0 0 0 0 
_1.ptx 355 : 2800 20963 0 0 0 0 0 0 0 
_1.ptx 356 : 2800 29287 0 0 0 0 0 0 0 
_1.ptx 357 : 2800 21417 0 0 0 0 0 0 0 
_1.ptx 358 : 2800 21330 0 0 0 0 0 0 0 
_1.ptx 359 : 2800 8573 0 0 0 0 0 0 0 
_1.ptx 363 : 3500000 26433273 0 0 0 0 0 0 0 
_1.ptx 364 : 3500000 36724445 0 0 0 0 0 0 0 
_1.ptx 365 : 3500000 39675136 0 0 0 0 0 0 0 
_1.ptx 366 : 3500000 20486750 768 0 0 3500000 3500000 0 0 
_1.ptx 367 : 3500000 31381047 487680 0 0 3500000 3500000 0 0 
_1.ptx 368 : 3500000 32843712 0 0 0 0 0 0 0 
_1.ptx 369 : 3500000 37382504 0 0 0 0 0 0 0 
_1.ptx 370 : 3500000 37083699 0 0 0 0 0 0 0 
_1.ptx 371 : 3500000 37471716 0 0 0 0 0 0 0 
_1.ptx 372 : 3500000 30650512 0 0 0 0 0 0 0 
_1.ptx 373 : 3500000 23362909 0 0 0 0 0 0 0 
_1.ptx 375 : 2800 22074 0 0 0 0 0 0 0 
_1.ptx 376 : 2800 19790 0 0 0 0 0 0 0 
_1.ptx 377 : 2800 43379 0 0 0 0 0 0 0 
_1.ptx 378 : 2800 22338 0 0 0 0 0 0 0 
_1.ptx 379 : 2800 22960 0 0 0 0 0 0 0 
_1.ptx 380 : 2800 23251 0 0 0 0 0 0 0 
_1.ptx 381 : 2800 20179 0 0 0 0 0 0 0 
_1.ptx 382 : 2800 23633 0 0 0 0 0 0 0 
_1.ptx 383 : 2800 6121 0 0 0 0 0 0 0 
_1.ptx 385 : 1885 21780 0 0 0 0 0 0 0 
_1.ptx 386 : 1885 12398 0 0 0 0 0 0 0 
_1.ptx 387 : 1885 21391 0 0 0 0 0 0 0 
_1.ptx 388 : 1885 14334 0 0 0 0 0 0 0 
_1.ptx 389 : 1885 12914 0 0 0 0 0 0 0 
_1.ptx 390 : 1885 13070 0 0 0 0 0 0 0 
_1.ptx 391 : 1885 17657 0 0 0 0 0 0 0 
_1.ptx 392 : 1885 17784 0 0 0 0 0 0 0 
_1.ptx 393 : 1885 12715 0 0 0 0 0 0 0 
_1.ptx 394 : 1885 21284 0 0 0 0 0 0 0 
_1.ptx 396 : 1885 30278 0 0 0 0 0 0 0 
_1.ptx 397 : 1885 34596 0 0 0 0 0 0 0 
_1.ptx 398 : 1885 21534 0 0 0 0 0 0 0 
_1.ptx 400 : 1885 12425 0 0 0 0 0 0 0 
_1.ptx 401 : 1885 12853 0 0 0 0 0 0 0 
_1.ptx 402 : 1885 13127 0 0 0 0 0 0 0 
_1.ptx 403 : 1885 12806 0 0 0 0 0 0 0 
_1.ptx 404 : 1885 21378 0 0 0 0 0 0 0 
_1.ptx 405 : 1885 88887 0 0 0 0 0 0 0 
_1.ptx 406 : 1885 21318 0 0 0 0 0 0 0 
_1.ptx 407 : 1885 12525 0 0 0 0 0 0 0 
_1.ptx 408 : 1885 15705 0 0 0 0 0 0 0 
