kernel line : count latency dram_traffic smem_bk_conflicts smem_warp gmem_access_generated gmem_warp exposed_latency warp_divergence
_1.ptx 97 : 32000 354247 0 0 0 0 0 0 0 
_1.ptx 98 : 32000 1320551 0 0 0 0 0 0 0 
_1.ptx 102 : 512040 44032978 3392256 0 0 373673 53714 0 0 
_1.ptx 103 : 512040 3627762 0 0 0 0 0 0 0 
_1.ptx 104 : 512040 5660326 0 0 0 0 0 0 0 
_1.ptx 105 : 512040 23292258 35584 0 0 507586 53714 0 0 
_1.ptx 106 : 512040 3144454 0 0 0 0 0 0 0 
_1.ptx 107 : 512040 4125248 0 0 0 0 0 0 0 
_1.ptx 108 : 512040 2456999 0 0 0 0 0 0 21424 
_1.ptx 110 : 109891 2032701 0 0 0 0 0 0 0 
_1.ptx 111 : 109891 1123898 0 0 0 0 0 0 0 
_1.ptx 112 : 109891 1216948 0 0 0 0 0 0 0 
_1.ptx 113 : 109891 4476097 7040 0 0 35945 35945 0 0 
_1.ptx 114 : 109891 1112271 0 0 0 0 0 0 0 
_1.ptx 115 : 109891 1127048 0 0 0 0 0 0 0 
_1.ptx 116 : 109891 1217179 0 0 0 0 0 0 0 
_1.ptx 117 : 109891 2956128 47840 0 0 109716 35945 0 0 
_1.ptx 119 : 109891 672660 0 0 0 0 0 0 0 
_1.ptx 120 : 109891 2387933 0 0 0 0 0 0 0 
_1.ptx 121 : 109891 1215319 0 0 0 0 0 0 0 
_1.ptx 122 : 109891 3062088 2528 0 0 109716 35945 0 0 
_1.ptx 123 : 109891 2612655 256 0 0 57854 35945 0 0 
_1.ptx 124 : 109891 2255542 0 0 0 57854 35945 0 0 
_1.ptx 125 : 109891 1215432 0 0 0 0 0 0 0 
_1.ptx 128 : 512040 5174582 0 0 0 0 0 0 0 
_1.ptx 129 : 512040 5201528 0 0 0 0 0 0 0 
_1.ptx 130 : 512040 4156017 0 0 0 0 0 0 0 
_1.ptx 131 : 512040 2939390 0 0 0 0 0 0 4586 
_1.ptx 135 : 193536 1198496 0 0 0 0 0 0 0 
_1.ptx 151 : 193536 1188288 0 0 0 0 0 0 0 
_1.ptx 152 : 193536 3656576 0 0 0 0 0 0 0 
_1.ptx 153 : 193536 1468384 0 0 0 0 0 0 0 
_1.ptx 154 : 193536 2369600 0 0 0 0 0 0 0 
_1.ptx 155 : 193536 1026688 0 0 0 0 0 0 0 
_1.ptx 156 : 193536 1606368 0 0 0 0 0 0 0 
_1.ptx 157 : 193536 9856 0 0 0 0 0 0 0 
_1.ptx 158 : 192000 1519264 0 0 0 0 0 0 0 
_1.ptx 159 : 192000 1043552 0 0 0 0 0 0 0 
_1.ptx 160 : 192000 2122016 0 0 0 0 0 0 0 
_1.ptx 161 : 192000 41702464 57216 0 0 6000 6000 0 0 
_1.ptx 162 : 192000 1167456 0 0 0 0 0 0 0 
_1.ptx 163 : 192000 1575712 0 0 0 0 0 0 0 
_1.ptx 164 : 192000 1000005 0 0 0 0 0 0 3203 
_1.ptx 67 : 193536 1192608 0 0 0 0 0 0 0 
_1.ptx 68 : 193536 3636320 0 0 0 0 0 0 0 
_1.ptx 166 : 31999 198789 0 0 0 0 0 0 0 
_1.ptx 69 : 193536 1487392 0 0 0 0 0 0 0 
_1.ptx 167 : 31999 542539 0 0 0 0 0 0 0 
_1.ptx 70 : 193536 2383264 0 0 0 0 0 0 0 
_1.ptx 168 : 31999 356487 0 0 0 0 0 0 0 
_1.ptx 71 : 193536 5438208 128 0 0 0 0 0 0 
_1.ptx 169 : 31999 1049080 17088 0 0 3203 3203 0 0 
_1.ptx 72 : 193536 1617024 0 0 0 0 0 0 0 
_1.ptx 73 : 193536 10176 0 0 0 0 0 0 0 
_1.ptx 171 : 31999 194768 0 0 0 0 0 0 0 
_1.ptx 74 : 192000 1536224 0 0 0 0 0 0 0 
_1.ptx 172 : 31999 821239 0 0 0 0 0 0 0 
_1.ptx 75 : 192000 922336 0 0 0 0 0 0 0 
_1.ptx 173 : 31999 353780 0 0 0 0 0 0 0 
_1.ptx 76 : 192000 2131456 0 0 0 0 0 0 0 
_1.ptx 174 : 31999 1074121 18720 0 0 3203 3203 0 0 
_1.ptx 77 : 192000 31992448 50816 0 0 6000 6000 0 0 
_1.ptx 78 : 192000 1186400 0 0 0 0 0 0 0 
_1.ptx 176 : 31999 194487 0 0 0 0 0 0 0 
_1.ptx 79 : 192000 1583424 0 0 0 0 0 0 0 
_1.ptx 177 : 31999 867627 0 0 0 0 0 0 0 
_1.ptx 80 : 192000 1017445 0 0 0 0 0 0 3204 
_1.ptx 178 : 31999 1074044 256 0 0 3203 3203 0 0 
_1.ptx 82 : 32000 200547 0 0 0 0 0 0 0 
_1.ptx 180 : 31999 192974 0 0 0 0 0 0 0 
_1.ptx 83 : 32000 781910 5216 0 0 3204 3204 0 0 
_1.ptx 181 : 31999 1155056 0 0 0 3203 3203 0 0 
_1.ptx 85 : 32000 765272 0 0 0 0 0 0 0 
_1.ptx 86 : 32000 332297 0 0 0 0 0 0 0 
_1.ptx 87 : 32000 356295 0 0 0 0 0 0 0 
_1.ptx 185 : 193536 1178304 0 0 0 0 0 0 0 
_1.ptx 88 : 32000 14313191 702848 0 0 5783 3204 0 0 
_1.ptx 89 : 32000 227431 0 0 0 0 0 0 0 
_1.ptx 90 : 32000 1475970 0 0 0 5783 3204 0 0 
_1.ptx 91 : 32000 354117 0 0 0 0 0 0 0 
_1.ptx 92 : 32000 259269 0 0 0 0 0 0 0 
_1.ptx 93 : 32000 0 0 0 0 0 0 0 0 
_1.ptx 94 : 32000 1409592 0 0 0 0 0 0 0 
_1.ptx 95 : 32000 230694 0 0 0 0 0 0 0 
_1.ptx 96 : 32000 328982 0 0 0 0 0 0 0 
