kernel line : count latency dram_traffic smem_bk_conflicts smem_warp gmem_access_generated gmem_warp exposed_latency warp_divergence
_1.ptx 823 : 4096 24576 0 0 0 0 0 0 0 
_1.ptx 824 : 4096 24576 0 0 0 0 0 0 0 
_1.ptx 825 : 4096 60672 0 0 0 0 0 0 0 
_1.ptx 826 : 4096 24576 0 0 0 0 0 0 0 
_1.ptx 827 : 4096 45568 0 0 0 0 0 0 0 
_1.ptx 828 : 4096 29472 0 0 0 0 0 0 0 
_1.ptx 829 : 4096 24576 0 0 0 0 0 0 0 
_1.ptx 830 : 4096 33376 0 0 0 0 0 0 0 
_1.ptx 831 : 4096 0 0 0 0 0 0 0 0 
_1.ptx 832 : 4096 12288 0 0 0 0 0 0 0 
_1.ptx 833 : 4096 24576 0 0 0 0 0 0 0 
_1.ptx 834 : 4096 32768 0 0 0 0 0 0 0 
_1.ptx 835 : 4096 12288 0 0 0 0 0 0 0 
_1.ptx 836 : 4096 26112 0 0 0 0 0 0 0 
_1.ptx 837 : 4096 35008 0 0 0 0 0 0 0 
_1.ptx 838 : 4096 47680 0 0 0 0 0 0 0 
_1.ptx 839 : 4096 12288 0 0 0 0 0 0 0 
_1.ptx 840 : 4096 30272 0 0 0 0 0 0 0 
_1.ptx 841 : 4096 36992 0 0 0 0 0 0 0 
_1.ptx 842 : 4096 35584 0 0 0 0 0 0 0 
_1.ptx 843 : 4096 45504 0 0 0 0 0 0 0 
_1.ptx 844 : 4096 29952 0 0 0 0 0 0 0 
_1.ptx 845 : 4096 51808 0 0 0 0 0 0 0 
_1.ptx 846 : 4096 30496 0 0 0 0 0 0 0 
_1.ptx 847 : 4096 35552 0 0 0 0 0 0 0 
_1.ptx 848 : 4096 46240 0 0 0 0 0 0 0 
_1.ptx 849 : 4096 33376 0 0 0 0 0 0 0 
_1.ptx 850 : 4096 46272 0 0 0 0 0 0 0 
_1.ptx 851 : 4096 30560 0 0 0 0 0 0 0 
_1.ptx 852 : 4096 25696 0 0 0 0 0 0 0 
_1.ptx 853 : 4096 33472 0 0 0 0 0 0 0 
_1.ptx 854 : 4096 26752 0 0 0 0 0 0 0 
_1.ptx 855 : 4096 34816 0 0 0 0 0 0 0 
_1.ptx 856 : 4096 12288 0 0 0 0 0 0 0 
_1.ptx 857 : 4096 46816 0 0 0 0 0 0 0 
_1.ptx 858 : 4096 44992 0 0 0 0 0 0 0 
_1.ptx 859 : 4096 12288 0 0 0 0 0 0 0 
_1.ptx 860 : 4096 46624 0 0 0 0 0 0 0 
_1.ptx 861 : 4096 29280 0 0 0 0 0 0 0 
_1.ptx 862 : 4096 29376 0 0 0 0 0 0 0 
_1.ptx 863 : 4096 29312 0 0 0 0 0 0 0 
_1.ptx 864 : 4096 29952 0 0 0 0 0 0 0 
_1.ptx 865 : 4096 28672 0 0 0 0 0 0 0 
_1.ptx 866 : 4096 30688 0 0 0 0 0 0 0 
_1.ptx 867 : 4096 24576 0 0 0 0 0 0 0 
_1.ptx 868 : 4096 24576 0 0 0 0 0 0 0 
_1.ptx 869 : 4096 25696 0 0 0 0 0 0 0 
_1.ptx 870 : 4096 25472 0 0 0 0 0 0 0 
_1.ptx 873 : 4096 0 0 0 0 0 0 0 0 
_1.ptx 874 : 4096 28960 0 0 0 0 0 0 0 
_1.ptx 875 : 4096 26656 0 0 0 0 0 0 0 
_1.ptx 876 : 4096 26880 0 0 0 0 0 0 0 
_1.ptx 877 : 4096 25120 0 0 0 0 0 0 0 
_1.ptx 878 : 4096 29504 0 0 0 0 0 0 0 
_1.ptx 882 : 327680 1980352 0 0 0 0 0 0 0 
_1.ptx 883 : 327680 34644416 1310720 0 0 0 0 0 0 
_1.ptx 885 : 327680 1983904 0 0 0 0 0 0 0 
_1.ptx 886 : 327680 35600768 1310720 0 0 0 0 0 0 
_1.ptx 887 : 327680 3318912 0 0 0 0 0 0 0 
_1.ptx 888 : 327680 3317312 0 0 0 0 0 0 0 
_1.ptx 889 : 327680 3347136 0 0 0 0 0 0 0 
_1.ptx 890 : 327680 2662560 0 0 0 0 0 0 0 
_1.ptx 891 : 327680 1969312 0 0 0 0 0 0 0 
_1.ptx 894 : 4096 0 0 0 0 0 0 0 0 
_1.ptx 895 : 4096 28896 0 0 0 0 0 0 0 
_1.ptx 896 : 4096 25248 0 0 0 0 0 0 0 
_1.ptx 897 : 4096 24704 0 0 0 0 0 0 0 
_1.ptx 898 : 4096 24672 0 0 0 0 0 0 0 
_1.ptx 899 : 4096 28832 0 0 0 0 0 0 0 
_1.ptx 903 : 327680 132125472 1310720 0 0 0 0 0 0 
_1.ptx 904 : 327680 15463552 1310080 0 0 0 0 0 0 
_1.ptx 905 : 327680 3303936 0 0 0 0 0 0 0 
_1.ptx 906 : 327680 3314624 0 0 0 0 0 0 0 
_1.ptx 907 : 327680 3363296 0 0 0 0 0 0 0 
_1.ptx 908 : 327680 2694080 0 0 0 0 0 0 0 
_1.ptx 909 : 327680 2011232 0 0 0 0 0 0 0 
_1.ptx 911 : 4096 0 0 0 0 0 0 0 0 
_1.ptx 912 : 4096 29248 0 0 0 0 0 0 0 
_1.ptx 913 : 4096 26208 0 0 0 0 0 0 0 
_1.ptx 914 : 4096 29088 0 0 0 0 0 0 0 
_1.ptx 918 : 163840 1686816 0 0 0 0 0 0 0 
_1.ptx 919 : 163840 1205600 0 0 0 0 0 0 0 
_1.ptx 920 : 163840 1353120 0 0 0 0 0 0 0 
_1.ptx 921 : 163840 0 0 0 0 0 0 0 0 
_1.ptx 922 : 163840 1838272 0 0 0 0 0 0 0 
_1.ptx 923 : 163840 1684544 0 0 0 0 0 0 0 
_1.ptx 924 : 163840 3385792 0 0 0 0 0 0 0 
_1.ptx 925 : 163840 2398272 0 0 0 0 0 0 0 
_1.ptx 926 : 163840 2760096 0 0 0 0 0 0 0 
_1.ptx 927 : 163840 1854304 0 0 0 0 0 0 0 
_1.ptx 928 : 163840 1254528 0 0 0 0 0 0 0 
_1.ptx 929 : 163840 1738624 0 0 0 0 0 0 0 
_1.ptx 930 : 163840 1857632 0 0 0 0 0 0 0 
_1.ptx 931 : 163840 1257728 0 0 0 0 0 0 0 
_1.ptx 932 : 163840 1726784 0 0 0 0 0 0 0 
_1.ptx 933 : 163840 1844704 0 0 0 0 0 0 0 
_1.ptx 934 : 163840 53913216 655360 0 0 0 0 0 0 
_1.ptx 935 : 163840 1848800 0 0 0 0 0 0 0 
_1.ptx 936 : 163840 1239872 0 0 0 0 0 0 0 
_1.ptx 937 : 163840 1144928 0 0 0 0 0 0 0 
_1.ptx 938 : 163840 1245344 0 0 0 0 0 0 0 
_1.ptx 942 : 9748480 109489024 0 0 0 0 0 0 0 
_1.ptx 943 : 9748480 71849664 0 0 0 0 0 0 0 
_1.ptx 944 : 9748480 102860896 0 0 0 0 0 0 0 
_1.ptx 945 : 9748480 109237856 0 0 0 0 0 0 0 
_1.ptx 946 : 9748480 206322016 0 0 0 0 0 0 0 
_1.ptx 948 : 9748480 109364832 0 0 0 0 0 0 0 
_1.ptx 949 : 9748480 3027362560 38471808 0 0 0 0 0 0 
_1.ptx 950 : 9748480 109474112 0 0 0 0 0 0 0 
_1.ptx 951 : 9748480 109780288 0 0 0 0 0 0 0 
_1.ptx 952 : 9748480 72677632 0 0 0 0 0 0 0 
_1.ptx 953 : 9748480 64381216 0 0 0 0 0 0 0 
_1.ptx 954 : 9748480 149214016 0 0 0 0 0 0 0 
_1.ptx 955 : 9748480 72629152 0 0 0 0 0 0 0 
_1.ptx 956 : 9748480 453210656 0 0 0 0 0 0 0 
_1.ptx 957 : 9748480 110563520 0 0 0 0 0 0 0 
_1.ptx 959 : 9748480 111337472 0 0 0 0 0 0 0 
_1.ptx 960 : 9748480 74729792 0 0 0 0 0 0 0 
_1.ptx 961 : 9748480 75891936 0 0 0 0 0 0 0 
_1.ptx 962 : 9748480 76710560 0 0 0 0 0 0 0 
_1.ptx 963 : 9748480 70578496 0 0 0 0 0 0 0 
_1.ptx 964 : 9748480 152042912 0 0 0 0 0 0 0 
_1.ptx 965 : 9748480 150433536 0 0 0 0 0 0 0 
_1.ptx 966 : 9748480 158558528 0 0 0 0 0 0 0 
_1.ptx 967 : 9748480 74280896 0 0 0 0 0 0 0 
_1.ptx 968 : 9748480 65708192 0 0 0 0 0 0 0 
_1.ptx 969 : 9748480 112842464 0 0 0 0 0 0 0 
_1.ptx 970 : 9748480 145544768 0 0 0 0 0 0 0 
_1.ptx 971 : 9748480 110571936 0 0 0 0 0 0 0 
_1.ptx 972 : 9748480 266052704 0 0 0 0 0 0 0 
_1.ptx 974 : 9748480 109936992 0 0 0 0 0 0 0 
_1.ptx 975 : 9748480 72872032 0 0 0 0 0 0 0 
_1.ptx 976 : 9748480 105946048 0 0 0 0 0 0 0 
_1.ptx 977 : 9748480 109553888 0 0 0 0 0 0 0 
_1.ptx 978 : 9748480 290394976 38993920 0 0 0 0 0 0 
_1.ptx 979 : 9748480 100300864 0 0 0 0 0 0 0 
_1.ptx 980 : 9748480 100728256 0 0 0 0 0 0 0 
_1.ptx 981 : 9748480 80886016 0 0 0 0 0 0 0 
_1.ptx 982 : 9748480 61322720 0 0 0 0 0 0 0 
_1.ptx 984 : 163840 1218400 0 0 0 0 0 0 0 
_1.ptx 985 : 163840 1363072 0 0 0 0 0 0 0 
_1.ptx 986 : 163840 1024032 0 0 0 0 0 0 0 
_1.ptx 989 : 4096 0 0 0 0 0 0 0 0 
_1.ptx 990 : 4096 30336 0 0 0 0 0 0 0 
_1.ptx 991 : 4096 30112 0 0 0 0 0 0 0 
_1.ptx 992 : 4096 30400 0 0 0 0 0 0 0 
_1.ptx 993 : 4096 27168 0 0 0 0 0 0 0 
_1.ptx 994 : 4096 26496 0 0 0 0 0 0 0 
_1.ptx 995 : 4096 42496 0 0 0 0 0 0 0 
_1.ptx 996 : 4096 45664 0 0 0 0 0 0 0 
_1.ptx 997 : 4096 92096 0 0 0 0 0 0 0 
_1.ptx 998 : 4096 25920 0 0 0 0 0 0 0 
_1.ptx 999 : 4096 26464 0 0 0 0 0 0 0 
_1.ptx 1000 : 4096 31136 0 0 0 0 0 0 0 
_1.ptx 1004 : 163840 1215712 0 0 0 0 0 0 0 
_1.ptx 1005 : 163840 53475296 492672 0 0 0 0 0 0 
_1.ptx 1006 : 163840 1821792 0 0 0 0 0 0 0 
_1.ptx 1007 : 163840 1193952 0 0 0 0 0 0 0 
_1.ptx 1008 : 163840 1048224 0 0 0 0 0 0 0 
_1.ptx 1009 : 163840 2486880 0 0 0 0 0 0 0 
_1.ptx 1010 : 163840 1181856 0 0 0 0 0 0 0 
_1.ptx 1011 : 163840 7757824 0 0 0 0 0 0 0 
_1.ptx 1013 : 163840 1491296 0 0 0 0 0 0 0 
_1.ptx 1015 : 163840 6785088 655360 0 0 0 0 0 0 
_1.ptx 1017 : 163840 7570752 655360 0 0 0 0 0 0 
_1.ptx 1018 : 163840 1670976 0 0 0 0 0 0 0 
_1.ptx 1019 : 163840 1688256 0 0 0 0 0 0 0 
_1.ptx 1020 : 163840 1689664 0 0 0 0 0 0 0 
_1.ptx 1021 : 163840 1706176 0 0 0 0 0 0 0 
_1.ptx 1022 : 163840 1368544 0 0 0 0 0 0 0 
_1.ptx 1023 : 163840 1025984 0 0 0 0 0 0 0 
_1.ptx 1025 : 4096 0 0 0 0 0 0 0 0 
_1.ptx 1026 : 4096 29920 0 0 0 0 0 0 0 
_1.ptx 1027 : 4096 26592 0 0 0 0 0 0 0 
_1.ptx 1028 : 4096 26016 0 0 0 0 0 0 0 
_1.ptx 1029 : 4096 26144 0 0 0 0 0 0 0 
_1.ptx 1030 : 4096 29760 0 0 0 0 0 0 0 
_1.ptx 1034 : 163840 1024672 0 0 0 0 0 0 0 
_1.ptx 1035 : 163840 9376032 655360 0 0 0 0 0 0 
_1.ptx 1037 : 163840 1011008 0 0 0 0 0 0 0 
_1.ptx 1038 : 163840 9656128 655360 0 0 0 0 0 0 
_1.ptx 1039 : 163840 1665632 0 0 0 0 0 0 0 
_1.ptx 1040 : 163840 1668064 0 0 0 0 0 0 0 
_1.ptx 1041 : 163840 1682880 0 0 0 0 0 0 0 
_1.ptx 1042 : 163840 1341600 0 0 0 0 0 0 0 
_1.ptx 1043 : 163840 1001152 0 0 0 0 0 0 0 
_1.ptx 1045 : 4096 0 0 0 0 0 0 0 0 
_1.ptx 1046 : 4096 29952 0 0 0 0 0 0 0 
_1.ptx 1047 : 4096 30144 0 0 0 0 0 0 0 
_1.ptx 1048 : 4096 29728 0 0 0 0 0 0 0 
_1.ptx 1049 : 4096 26336 0 0 0 0 0 0 0 
_1.ptx 1050 : 4096 25472 0 0 0 0 0 0 0 
_1.ptx 1051 : 4096 29184 0 0 0 0 0 0 0 
_1.ptx 1055 : 61440 2194784 0 0 0 0 0 0 0 
_1.ptx 1056 : 61440 1835264 0 0 0 0 0 0 0 
_1.ptx 1057 : 61440 439552 0 0 0 0 0 0 0 
_1.ptx 1058 : 61440 781440 0 0 0 0 0 0 0 
_1.ptx 1059 : 61440 682944 0 0 0 0 0 0 0 
_1.ptx 1060 : 61440 9489952 61952 0 0 0 0 0 0 
_1.ptx 1061 : 61440 685248 0 0 0 0 0 0 0 
_1.ptx 1062 : 61440 10337856 60544 0 0 0 0 0 0 
_1.ptx 1063 : 61440 559168 0 0 0 0 0 0 0 
_1.ptx 1064 : 61440 440064 0 0 0 0 0 0 0 
_1.ptx 1065 : 61440 383360 0 0 0 0 0 0 0 
_1.ptx 1066 : 61440 927680 0 0 0 0 0 0 0 
_1.ptx 1067 : 61440 442208 0 0 0 0 0 0 0 
_1.ptx 1068 : 61440 387936 0 0 0 0 0 0 0 
_1.ptx 1069 : 61440 498272 0 0 0 0 0 0 0 
_1.ptx 1070 : 61440 0 0 0 0 0 0 0 0 
_1.ptx 1072 : 61440 375296 0 0 0 0 0 0 0 
_1.ptx 1073 : 61440 556288 0 0 0 0 0 0 0 
_1.ptx 1075 : 61440 680288 0 0 0 0 0 0 0 
_1.ptx 1076 : 61440 7613888 8704 0 0 0 0 0 0 
_1.ptx 1077 : 61440 374304 0 0 0 0 0 0 0 
_1.ptx 1078 : 61440 559424 0 0 0 0 0 0 0 
_1.ptx 1079 : 61440 2558784 0 0 0 0 0 0 0 
_1.ptx 1081 : 61440 684480 0 0 0 0 0 0 0 
_1.ptx 1082 : 61440 7948928 9856 0 0 0 0 0 0 
_1.ptx 1083 : 61440 381088 0 0 0 0 0 0 0 
_1.ptx 1084 : 61440 682624 0 0 0 0 0 0 0 
_1.ptx 1085 : 61440 2269792 0 0 0 0 0 0 0 
_1.ptx 1087 : 61440 624512 0 0 0 0 0 0 0 
_1.ptx 1088 : 61440 626080 0 0 0 0 0 0 0 
_1.ptx 1089 : 61440 632992 0 0 0 0 0 0 0 
_1.ptx 1090 : 61440 501440 0 0 0 0 0 0 0 
_1.ptx 1091 : 61440 357952 0 0 0 0 0 0 0 
_1.ptx 1092 : 4096 25152 0 0 0 0 0 0 0 
_1.ptx 1096 : 4096 0 0 0 0 0 0 0 0 
_1.ptx 1097 : 4096 29408 0 0 0 0 0 0 0 
_1.ptx 1098 : 4096 45792 0 0 0 0 0 0 0 
_1.ptx 1099 : 4096 31776 0 0 0 0 0 0 0 
_1.ptx 1100 : 4096 53632 0 0 0 0 0 0 0 
_1.ptx 1101 : 4096 45472 0 0 0 0 0 0 0 
_1.ptx 1102 : 4096 45312 0 0 0 0 0 0 0 
_1.ptx 1103 : 4096 45568 0 0 0 0 0 0 0 
_1.ptx 1104 : 4096 30112 0 0 0 0 0 0 0 
_1.ptx 1105 : 4096 57984 0 0 0 0 0 0 0 
_1.ptx 1106 : 4096 45216 0 0 0 0 0 0 0 
_1.ptx 1107 : 4096 149440 0 0 0 0 0 0 0 
_1.ptx 1108 : 4096 29536 0 0 0 0 0 0 0 
_1.ptx 1112 : 163840 15156256 0 0 0 0 0 0 0 
_1.ptx 1113 : 163840 1178560 0 0 0 0 0 0 0 
_1.ptx 1114 : 163840 12749216 0 0 0 0 0 0 0 
_1.ptx 1115 : 163840 1488224 0 0 0 0 0 0 0 
_1.ptx 1116 : 163840 8242656 0 0 0 0 0 0 0 
_1.ptx 1118 : 163840 55685696 633728 0 0 0 0 0 0 
_1.ptx 1119 : 163840 1812320 0 0 0 0 0 0 0 
_1.ptx 1120 : 163840 1175104 0 0 0 0 0 0 0 
_1.ptx 1121 : 163840 1022048 0 0 0 0 0 0 0 
_1.ptx 1122 : 163840 2473088 0 0 0 0 0 0 0 
_1.ptx 1123 : 163840 1168608 0 0 0 0 0 0 0 
_1.ptx 1124 : 163840 12754784 0 0 0 0 0 0 0 
_1.ptx 1125 : 163840 55317664 614912 0 0 0 0 0 0 
_1.ptx 1126 : 163840 1811296 0 0 0 0 0 0 0 
_1.ptx 1127 : 163840 1815232 0 0 0 0 0 0 0 
_1.ptx 1128 : 163840 1167072 0 0 0 0 0 0 0 
_1.ptx 1129 : 163840 8118208 128 0 0 0 0 0 0 
_1.ptx 1130 : 163840 1330624 0 0 0 0 0 0 0 
_1.ptx 1131 : 163840 24992 0 0 0 0 0 0 0 
_1.ptx 1133 : 159744 54370368 579328 0 0 0 0 0 0 
_1.ptx 1134 : 159744 1769024 0 0 0 0 0 0 0 
_1.ptx 1135 : 159744 9162208 0 0 0 0 0 0 0 
_1.ptx 1137 : 159744 54956608 581376 0 0 0 0 0 0 
_1.ptx 1138 : 159744 1771776 0 0 0 0 0 0 0 
_1.ptx 1139 : 159744 1149920 0 0 0 0 0 0 0 
_1.ptx 1140 : 159744 1020576 0 0 0 0 0 0 0 
_1.ptx 1141 : 159744 2423520 0 0 0 0 0 0 0 
_1.ptx 1142 : 159744 1137408 0 0 0 0 0 0 0 
_1.ptx 1143 : 159744 12860224 0 0 0 0 0 0 0 
_1.ptx 1144 : 159744 1764864 0 0 0 0 0 0 0 
_1.ptx 1145 : 159744 9084192 0 0 0 0 0 0 0 
_1.ptx 1147 : 163840 1653376 0 0 0 0 0 0 0 
_1.ptx 1148 : 163840 1669824 0 0 0 0 0 0 0 
_1.ptx 1149 : 163840 1672000 0 0 0 0 0 0 0 
_1.ptx 1150 : 163840 1688672 0 0 0 0 0 0 0 
_1.ptx 1151 : 163840 1684576 0 0 0 0 0 0 0 
_1.ptx 1152 : 163840 1344896 0 0 0 0 0 0 0 
_1.ptx 1153 : 163840 995072 0 0 0 0 0 0 0 
_1.ptx 1155 : 4096 0 0 0 0 0 0 0 0 
_1.ptx 1156 : 4096 29248 0 0 0 0 0 0 0 
_1.ptx 1157 : 4096 25952 0 0 0 0 0 0 0 
_1.ptx 1158 : 4096 170496 0 0 0 0 0 0 0 
_1.ptx 1159 : 4096 24832 0 0 0 0 0 0 0 
_1.ptx 1160 : 4096 24640 0 0 0 0 0 0 0 
_1.ptx 1161 : 4096 28704 0 0 0 0 0 0 0 
_1.ptx 1165 : 163840 1149440 0 0 0 0 0 0 0 
_1.ptx 1166 : 163840 51851232 655360 0 0 0 0 0 0 
_1.ptx 1167 : 163840 1805216 0 0 0 0 0 0 0 
_1.ptx 1168 : 163840 1154720 0 0 0 0 0 0 0 
_1.ptx 1169 : 163840 993856 0 0 0 0 0 0 0 
_1.ptx 1170 : 163840 2462400 0 0 0 0 0 0 0 
_1.ptx 1171 : 163840 85456896 0 0 0 0 0 0 0 
_1.ptx 1172 : 163840 1151744 0 0 0 0 0 0 0 
_1.ptx 1173 : 163840 1642816 0 0 0 0 0 0 0 
_1.ptx 1174 : 163840 1642816 0 0 0 0 0 0 0 
_1.ptx 1175 : 163840 1313920 0 0 0 0 0 0 0 
_1.ptx 1176 : 163840 962048 0 0 0 0 0 0 0 
_1.ptx 1177 : 4096 24608 0 0 0 0 0 0 0 
_1.ptx 1182 : 4096 45056 0 0 0 0 0 0 0 
_1.ptx 1183 : 4096 0 0 0 0 0 0 0 0 
_1.ptx 1184 : 4096 28704 0 0 0 0 0 0 0 
_1.ptx 1185 : 4096 30208 0 0 0 0 0 0 0 
_1.ptx 1186 : 4096 45152 0 0 0 0 0 0 0 
_1.ptx 1187 : 4096 24576 0 0 0 0 0 0 0 
_1.ptx 1188 : 4096 28960 0 0 0 0 0 0 0 
_1.ptx 1189 : 4096 28864 0 0 0 0 0 0 0 
_1.ptx 1190 : 4096 24896 0 0 0 0 0 0 0 
_1.ptx 1191 : 4096 29024 0 0 0 0 0 0 0 
_1.ptx 1195 : 163840 51449376 636928 0 0 0 0 0 0 
_1.ptx 1196 : 163840 1804960 0 0 0 0 0 0 0 
_1.ptx 1197 : 163840 1154784 0 0 0 0 0 0 0 
_1.ptx 1198 : 163840 1004768 0 0 0 0 0 0 0 
_1.ptx 1199 : 163840 2460832 0 0 0 0 0 0 0 
_1.ptx 1200 : 163840 85419744 0 0 0 0 0 0 0 
_1.ptx 1201 : 163840 1150336 0 0 0 0 0 0 0 
_1.ptx 1202 : 163840 4567168 0 0 0 0 0 0 0 
_1.ptx 1203 : 163840 1642208 0 0 0 0 0 0 0 
_1.ptx 1204 : 163840 1642144 0 0 0 0 0 0 0 
_1.ptx 1205 : 163840 1313696 0 0 0 0 0 0 0 
_1.ptx 1206 : 163840 962368 0 0 0 0 0 0 0 
_1.ptx 1209 : 4096 29024 0 0 0 0 0 0 0 
_1.ptx 1210 : 4096 0 0 0 0 0 0 0 0 
_1.ptx 1211 : 4096 29088 0 0 0 0 0 0 0 
_1.ptx 1212 : 4096 28960 0 0 0 0 0 0 0 
_1.ptx 1213 : 4096 420672 0 0 0 0 0 0 0 
_1.ptx 1214 : 4096 45184 0 0 0 0 0 0 0 
_1.ptx 1215 : 4096 28704 0 0 0 0 0 0 0 
_1.ptx 1219 : 163840 56723744 655360 0 0 0 0 0 0 
_1.ptx 1220 : 163840 1808192 0 0 0 0 0 0 0 
_1.ptx 1221 : 163840 8160480 0 0 0 0 0 0 0 
_1.ptx 1222 : 163840 1646976 0 0 0 0 0 0 0 
_1.ptx 1223 : 163840 1655648 0 0 0 0 0 0 0 
_1.ptx 1224 : 163840 1318784 0 0 0 0 0 0 0 
_1.ptx 1225 : 163840 972800 0 0 0 0 0 0 0 
_1.ptx 1228 : 4096 306752 16384 0 0 128 128 0 0 
_1.ptx 1230 : 4096 29088 0 0 0 0 0 0 0 
_1.ptx 1231 : 4096 0 0 0 0 0 0 0 0 
_1.ptx 1232 : 4096 28992 0 0 0 0 0 0 0 
_1.ptx 1233 : 4096 41312 0 0 0 0 0 0 0 
_1.ptx 1234 : 4096 28800 0 0 0 0 0 0 0 
_1.ptx 1237 : 163840 1316224 0 0 0 0 0 0 0 
_1.ptx 1238 : 163840 0 0 0 0 0 0 0 0 
_1.ptx 1239 : 163840 1805376 0 0 0 0 0 0 0 
_1.ptx 1240 : 163840 1642016 0 0 0 0 0 0 0 
_1.ptx 1241 : 163840 1806624 0 0 0 0 0 0 0 
_1.ptx 1242 : 163840 2066624 0 0 0 0 0 0 0 
_1.ptx 1243 : 163840 1154912 0 0 0 0 0 0 0 
_1.ptx 1244 : 163840 1913632 0 0 0 0 0 0 0 
_1.ptx 1245 : 163840 1807648 0 0 0 0 0 0 0 
_1.ptx 1246 : 163840 1154624 0 0 0 0 0 0 0 
_1.ptx 1247 : 163840 1784512 0 0 0 0 0 0 0 
_1.ptx 1248 : 163840 1805024 0 0 0 0 0 0 0 
_1.ptx 1249 : 163840 1805280 0 0 0 0 0 0 0 
_1.ptx 1250 : 163840 1151520 0 0 0 0 0 0 0 
_1.ptx 1251 : 163840 1780672 0 0 0 0 0 0 0 
_1.ptx 1252 : 163840 1805888 0 0 0 0 0 0 0 
_1.ptx 1253 : 163840 1805536 0 0 0 0 0 0 0 
_1.ptx 1254 : 163840 1806272 0 0 0 0 0 0 0 
_1.ptx 1255 : 163840 1156832 0 0 0 0 0 0 0 
_1.ptx 1256 : 163840 1786368 0 0 0 0 0 0 0 
_1.ptx 1257 : 163840 1808000 0 0 0 0 0 0 0 
_1.ptx 1258 : 163840 5419776 0 0 0 0 0 0 0 
_1.ptx 1259 : 163840 1005632 0 0 0 0 0 0 0 
_1.ptx 1260 : 163840 1182976 0 0 0 0 0 0 0 
_1.ptx 1264 : 9748480 3455633856 38124800 0 0 0 0 0 0 
_1.ptx 1265 : 9748480 540938112 0 0 0 0 0 0 0 
_1.ptx 1266 : 9748480 3553117728 38174464 0 0 0 0 0 0 
_1.ptx 1267 : 9748480 107854816 0 0 0 0 0 0 0 
_1.ptx 1268 : 9748480 88299776 0 0 0 0 0 0 0 
_1.ptx 1270 : 9748480 3372325088 38993920 0 0 0 0 0 0 
_1.ptx 1271 : 9748480 70127040 0 0 0 0 0 0 0 
_1.ptx 1272 : 9748480 107867136 0 0 0 0 0 0 0 
_1.ptx 1273 : 9748480 69475584 0 0 0 0 0 0 0 
_1.ptx 1274 : 9748480 62351424 0 0 0 0 0 0 0 
_1.ptx 1275 : 9748480 146881728 0 0 0 0 0 0 0 
_1.ptx 1276 : 9748480 69432672 0 0 0 0 0 0 0 
_1.ptx 1277 : 9748480 452723072 0 0 0 0 0 0 0 
_1.ptx 1279 : 9748480 107879520 0 0 0 0 0 0 0 
_1.ptx 1280 : 9748480 107473920 0 0 0 0 0 0 0 
_1.ptx 1281 : 9748480 107500448 0 0 0 0 0 0 0 
_1.ptx 1282 : 9748480 452045920 0 0 0 0 0 0 0 
_1.ptx 1283 : 9748480 88251296 0 0 0 0 0 0 0 
_1.ptx 1284 : 9748480 528154560 0 0 0 0 0 0 0 
_1.ptx 1285 : 9748480 98152768 0 0 0 0 0 0 0 
_1.ptx 1286 : 9748480 98716896 0 0 0 0 0 0 0 
_1.ptx 1287 : 9748480 98891968 0 0 0 0 0 0 0 
_1.ptx 1288 : 9748480 99373376 0 0 0 0 0 0 0 
_1.ptx 1289 : 9748480 99546272 0 0 0 0 0 0 0 
_1.ptx 1290 : 9748480 61878912 0 0 0 0 0 0 0 
_1.ptx 1291 : 9748480 78850336 0 0 0 0 0 0 0 
_1.ptx 1292 : 9748480 58413216 0 0 0 0 0 0 0 
_1.ptx 1294 : 163840 1651904 0 0 0 0 0 0 0 
_1.ptx 1295 : 163840 999200 0 0 0 0 0 0 0 
_1.ptx 1296 : 163840 1317696 0 0 0 0 0 0 0 
_1.ptx 1297 : 163840 964608 0 0 0 0 0 0 0 
_1.ptx 1300 : 4096 1261536 14848 0 0 0 0 0 0 
_1.ptx 1301 : 4096 93792 16384 0 0 128 128 0 0 
_1.ptx 1302 : 4096 45248 0 0 0 0 0 0 0 
_1.ptx 1303 : 4096 45344 0 0 0 0 0 0 0 
_1.ptx 1304 : 4096 45888 0 0 0 0 0 0 0 
_1.ptx 1305 : 4096 25664 0 0 0 0 0 0 0 
_1.ptx 1306 : 4096 32928 0 0 0 0 0 0 0 
_1.ptx 1307 : 4096 0 0 0 0 0 0 0 0 
_1.ptx 1310 : 4096 24736 0 0 0 0 0 0 0 
_1.ptx 1329 : 4096 24576 0 0 0 0 0 0 0 
_1.ptx 1330 : 4096 24576 0 0 0 0 0 0 0 
_1.ptx 1331 : 4096 60672 0 0 0 0 0 0 0 
_1.ptx 1332 : 4096 24576 0 0 0 0 0 0 0 
_1.ptx 1333 : 4096 45600 0 0 0 0 0 0 0 
_1.ptx 1334 : 4096 28800 0 0 0 0 0 0 0 
_1.ptx 1335 : 4096 24576 0 0 0 0 0 0 0 
_1.ptx 1336 : 4096 33152 0 0 0 0 0 0 0 
_1.ptx 1337 : 4096 0 0 0 0 0 0 0 0 
_1.ptx 1338 : 4096 1040992 128 0 0 0 0 0 0 
_1.ptx 1339 : 4096 24608 0 0 0 0 0 0 0 
_1.ptx 1340 : 4096 32896 0 0 0 0 0 0 0 
_1.ptx 1341 : 4096 12288 0 0 0 0 0 0 0 
_1.ptx 1342 : 4096 25056 0 0 0 0 0 0 0 
_1.ptx 1343 : 4096 33376 0 0 0 0 0 0 0 
_1.ptx 1344 : 4096 34464 0 0 0 0 0 0 0 
_1.ptx 1345 : 4096 1076352 128 0 0 0 0 0 0 
_1.ptx 1346 : 4096 24576 0 0 0 0 0 0 0 
_1.ptx 1347 : 4096 34240 0 0 0 0 0 0 0 
_1.ptx 1348 : 4096 24576 0 0 0 0 0 0 0 
_1.ptx 1349 : 4096 64352 0 0 0 0 0 0 0 
_1.ptx 1350 : 4096 28672 0 0 0 0 0 0 0 
_1.ptx 1351 : 4096 1043680 128 0 0 0 0 0 0 
_1.ptx 1352 : 4096 29024 0 0 0 0 0 0 0 
_1.ptx 1353 : 4096 47904 0 0 0 0 0 0 0 
_1.ptx 1354 : 4096 47072 0 0 0 0 0 0 0 
_1.ptx 1355 : 4096 43488 0 0 0 0 0 0 0 
_1.ptx 1356 : 4096 32640 0 0 0 0 0 0 0 
_1.ptx 1357 : 4096 30976 0 0 0 0 0 0 0 
_1.ptx 1358 : 4096 34688 0 0 0 0 0 0 0 
_1.ptx 1359 : 4096 35840 0 0 0 0 0 0 0 
_1.ptx 1360 : 4096 33056 0 0 0 0 0 0 0 
_1.ptx 1361 : 4096 32800 0 0 0 0 0 0 0 
_1.ptx 1362 : 4096 33056 0 0 0 0 0 0 0 
_1.ptx 1365 : 4096 0 0 0 0 0 0 0 0 
_1.ptx 1366 : 4096 35328 0 0 0 0 0 0 0 
_1.ptx 1367 : 4096 30016 0 0 0 0 0 0 0 
_1.ptx 1368 : 4096 31168 0 0 0 0 0 0 0 
_1.ptx 1369 : 4096 24864 0 0 0 0 0 0 0 
_1.ptx 1370 : 4096 29728 0 0 0 0 0 0 0 
_1.ptx 1374 : 327680 2042912 0 0 0 0 0 0 0 
_1.ptx 1375 : 327680 29934816 1310720 0 0 0 0 0 0 
_1.ptx 1377 : 327680 2021536 0 0 0 0 0 0 0 
_1.ptx 1378 : 327680 31314304 1310720 0 0 0 0 0 0 
_1.ptx 1379 : 327680 3331328 0 0 0 0 0 0 0 
_1.ptx 1380 : 327680 3345376 0 0 0 0 0 0 0 
_1.ptx 1381 : 327680 3368576 0 0 0 0 0 0 0 
_1.ptx 1382 : 327680 2695680 0 0 0 0 0 0 0 
_1.ptx 1383 : 327680 2030976 0 0 0 0 0 0 0 
_1.ptx 1386 : 4096 0 0 0 0 0 0 0 0 
_1.ptx 1387 : 4096 30048 0 0 0 0 0 0 0 
_1.ptx 1388 : 4096 27424 0 0 0 0 0 0 0 
_1.ptx 1389 : 4096 30304 0 0 0 0 0 0 0 
_1.ptx 1393 : 163840 1698304 0 0 0 0 0 0 0 
_1.ptx 1394 : 163840 1220384 0 0 0 0 0 0 0 
_1.ptx 1395 : 163840 1367136 0 0 0 0 0 0 0 
_1.ptx 1396 : 163840 0 0 0 0 0 0 0 0 
_1.ptx 1397 : 163840 1855584 0 0 0 0 0 0 0 
_1.ptx 1398 : 163840 1721088 0 0 0 0 0 0 0 
_1.ptx 1399 : 163840 2791840 0 0 0 0 0 0 0 
_1.ptx 1400 : 163840 2535776 0 0 0 0 0 0 0 
_1.ptx 1401 : 163840 1249056 0 0 0 0 0 0 0 
_1.ptx 1402 : 163840 2733504 0 0 0 0 0 0 0 
_1.ptx 1403 : 163840 1876672 0 0 0 0 0 0 0 
_1.ptx 1404 : 163840 1297664 0 0 0 0 0 0 0 
_1.ptx 1405 : 163840 1908992 0 0 0 0 0 0 0 
_1.ptx 1406 : 163840 1869952 0 0 0 0 0 0 0 
_1.ptx 1407 : 163840 51605152 655360 0 0 0 0 0 0 
_1.ptx 1408 : 163840 1869920 0 0 0 0 0 0 0 
_1.ptx 1409 : 163840 1259872 0 0 0 0 0 0 0 
_1.ptx 1410 : 163840 1165344 0 0 0 0 0 0 0 
_1.ptx 1411 : 163840 1265472 0 0 0 0 0 0 0 
_1.ptx 1415 : 9748480 110290176 0 0 0 0 0 0 0 
_1.ptx 1416 : 9748480 72107680 0 0 0 0 0 0 0 
_1.ptx 1417 : 9748480 116633280 0 0 0 0 0 0 0 
_1.ptx 1418 : 9748480 109640192 0 0 0 0 0 0 0 
_1.ptx 1419 : 9748480 169839328 512 0 0 0 0 0 0 
_1.ptx 1421 : 9748480 109979840 0 0 0 0 0 0 0 
_1.ptx 1422 : 9748480 2529134368 28739328 0 0 0 0 0 0 
_1.ptx 1423 : 9748480 110642784 0 0 0 0 0 0 0 
_1.ptx 1424 : 9748480 110966112 0 0 0 0 0 0 0 
_1.ptx 1425 : 9748480 73797824 0 0 0 0 0 0 0 
_1.ptx 1426 : 9748480 65750944 0 0 0 0 0 0 0 
_1.ptx 1427 : 9748480 149777728 0 0 0 0 0 0 0 
_1.ptx 1428 : 9748480 72867456 0 0 0 0 0 0 0 
_1.ptx 1429 : 9748480 469246880 0 0 0 0 0 0 0 
_1.ptx 1430 : 9748480 110929504 0 0 0 0 0 0 0 
_1.ptx 1432 : 9748480 111867040 0 0 0 0 0 0 0 
_1.ptx 1433 : 9748480 75400512 0 0 0 0 0 0 0 
_1.ptx 1434 : 9748480 76762176 0 0 0 0 0 0 0 
_1.ptx 1435 : 9748480 77480704 0 0 0 0 0 0 0 
_1.ptx 1436 : 9748480 71284768 0 0 0 0 0 0 0 
_1.ptx 1437 : 9748480 152440480 0 0 0 0 0 0 0 
_1.ptx 1438 : 9748480 150651104 0 0 0 0 0 0 0 
_1.ptx 1439 : 9748480 158956064 0 0 0 0 0 0 0 
_1.ptx 1440 : 9748480 75162336 0 0 0 0 0 0 0 
_1.ptx 1441 : 9748480 66974240 0 0 0 0 0 0 0 
_1.ptx 1442 : 9748480 114202208 0 0 0 0 0 0 0 
_1.ptx 1443 : 9748480 157276160 0 0 0 0 0 0 0 
_1.ptx 1444 : 9748480 111061408 0 0 0 0 0 0 0 
_1.ptx 1445 : 9748480 215635136 0 0 0 0 0 0 0 
_1.ptx 1446 : 9748480 101393920 0 0 0 0 0 0 0 
_1.ptx 1447 : 9748480 102309408 0 0 0 0 0 0 0 
_1.ptx 1448 : 9748480 81820992 0 0 0 0 0 0 0 
_1.ptx 1449 : 9748480 61546272 0 0 0 0 0 0 0 
_1.ptx 1451 : 163840 1218976 0 0 0 0 0 0 0 
_1.ptx 1452 : 163840 1367648 0 0 0 0 0 0 0 
_1.ptx 1453 : 163840 1024416 0 0 0 0 0 0 0 
_1.ptx 1456 : 4096 0 0 0 0 0 0 0 0 
_1.ptx 1457 : 4096 45760 0 0 0 0 0 0 0 
_1.ptx 1458 : 4096 29856 0 0 0 0 0 0 0 
_1.ptx 1459 : 4096 27520 0 0 0 0 0 0 0 
_1.ptx 1460 : 4096 30304 0 0 0 0 0 0 0 
_1.ptx 1461 : 4096 303648 0 0 0 0 0 0 0 
_1.ptx 1462 : 4096 46272 0 0 0 0 0 0 0 
_1.ptx 1463 : 4096 30656 0 0 0 0 0 0 0 
_1.ptx 1464 : 4096 30176 0 0 0 0 0 0 0 
_1.ptx 1465 : 4096 38720 0 0 0 0 0 0 0 
_1.ptx 1466 : 4096 25728 0 0 0 0 0 0 0 
_1.ptx 1467 : 4096 26240 0 0 0 0 0 0 0 
_1.ptx 1468 : 4096 30496 0 0 0 0 0 0 0 
_1.ptx 1472 : 163840 1187808 0 0 0 0 0 0 0 
_1.ptx 1473 : 163840 34026304 234112 0 0 0 0 0 0 
_1.ptx 1474 : 163840 1822464 0 0 0 0 0 0 0 
_1.ptx 1475 : 163840 1182144 0 0 0 0 0 0 0 
_1.ptx 1476 : 163840 1028928 0 0 0 0 0 0 0 
_1.ptx 1477 : 163840 2476192 0 0 0 0 0 0 0 
_1.ptx 1478 : 163840 70451392 0 0 0 0 0 0 0 
_1.ptx 1479 : 163840 1165120 0 0 0 0 0 0 0 
_1.ptx 1481 : 163840 1487616 0 0 0 0 0 0 0 
_1.ptx 1483 : 163840 2003040 655360 0 0 0 0 0 0 
_1.ptx 1485 : 163840 2476352 655360 0 0 0 0 0 0 
_1.ptx 1486 : 163840 1657856 0 0 0 0 0 0 0 
_1.ptx 1487 : 163840 1666560 0 0 0 0 0 0 0 
_1.ptx 1488 : 163840 1670432 0 0 0 0 0 0 0 
_1.ptx 1489 : 163840 1679328 0 0 0 0 0 0 0 
_1.ptx 1490 : 163840 1456256 0 0 0 0 0 0 0 
_1.ptx 1491 : 163840 990368 0 0 0 0 0 0 0 
_1.ptx 1493 : 4096 0 0 0 0 0 0 0 0 
_1.ptx 1494 : 4096 30112 0 0 0 0 0 0 0 
_1.ptx 1495 : 4096 30304 0 0 0 0 0 0 0 
_1.ptx 1496 : 4096 30176 0 0 0 0 0 0 0 
_1.ptx 1497 : 4096 26624 0 0 0 0 0 0 0 
_1.ptx 1498 : 4096 25824 0 0 0 0 0 0 0 
_1.ptx 1499 : 4096 29824 0 0 0 0 0 0 0 
_1.ptx 1503 : 61440 611008 128 0 0 0 0 0 0 
_1.ptx 1504 : 61440 433248 0 0 0 0 0 0 0 
_1.ptx 1505 : 61440 6991008 0 0 0 0 0 0 0 
_1.ptx 1506 : 61440 678208 0 0 0 0 0 0 0 
_1.ptx 1507 : 61440 4671424 20224 0 0 0 0 0 0 
_1.ptx 1508 : 61440 719488 128 0 0 0 0 0 0 
_1.ptx 1509 : 61440 678272 0 0 0 0 0 0 0 
_1.ptx 1510 : 61440 4972352 21376 0 0 0 0 0 0 
_1.ptx 1511 : 61440 555584 0 0 0 0 0 0 0 
_1.ptx 1512 : 61440 435680 0 0 0 0 0 0 0 
_1.ptx 1513 : 61440 376256 0 0 0 0 0 0 0 
_1.ptx 1514 : 61440 926432 0 0 0 0 0 0 0 
_1.ptx 1515 : 61440 436288 0 0 0 0 0 0 0 
_1.ptx 1517 : 61440 438528 0 0 0 0 0 0 0 
_1.ptx 1518 : 61440 445280 0 0 0 0 0 0 0 
_1.ptx 1519 : 61440 395072 0 0 0 0 0 0 0 
_1.ptx 1520 : 61440 990144 0 0 0 0 0 0 0 
_1.ptx 1521 : 61440 441504 0 0 0 0 0 0 0 
_1.ptx 1522 : 61440 380832 0 0 0 0 0 0 0 
_1.ptx 1523 : 61440 499424 0 0 0 0 0 0 0 
_1.ptx 1524 : 61440 556768 0 0 0 0 0 0 0 
_1.ptx 1525 : 61440 619104 0 0 0 0 0 0 0 
_1.ptx 1526 : 61440 623104 0 0 0 0 0 0 0 
_1.ptx 1527 : 61440 624288 0 0 0 0 0 0 0 
_1.ptx 1528 : 61440 494144 0 0 0 0 0 0 0 
_1.ptx 1529 : 61440 346912 0 0 0 0 0 0 0 
_1.ptx 1530 : 4096 24768 0 0 0 0 0 0 0 
_1.ptx 1534 : 4096 0 0 0 0 0 0 0 0 
_1.ptx 1535 : 4096 29024 0 0 0 0 0 0 0 
_1.ptx 1536 : 4096 25120 0 0 0 0 0 0 0 
_1.ptx 1537 : 4096 23872 0 0 0 0 0 0 0 
_1.ptx 1538 : 4096 24832 0 0 0 0 0 0 0 
_1.ptx 1539 : 4096 24832 0 0 0 0 0 0 0 
_1.ptx 1540 : 4096 28736 0 0 0 0 0 0 0 
_1.ptx 1544 : 163840 1157920 0 0 0 0 0 0 0 
_1.ptx 1545 : 163840 46998464 655232 0 0 0 0 0 0 
_1.ptx 1546 : 163840 1807488 0 0 0 0 0 0 0 
_1.ptx 1547 : 163840 1154784 0 0 0 0 0 0 0 
_1.ptx 1548 : 163840 993280 0 0 0 0 0 0 0 
_1.ptx 1549 : 163840 2464704 0 0 0 0 0 0 0 
_1.ptx 1550 : 163840 68695552 0 0 0 0 0 0 0 
_1.ptx 1551 : 163840 1152576 0 0 0 0 0 0 0 
_1.ptx 1552 : 163840 1646464 0 0 0 0 0 0 0 
_1.ptx 1553 : 163840 1646848 0 0 0 0 0 0 0 
_1.ptx 1554 : 163840 1315968 0 0 0 0 0 0 0 
_1.ptx 1555 : 163840 967936 0 0 0 0 0 0 0 
_1.ptx 1556 : 4096 24736 0 0 0 0 0 0 0 
_1.ptx 1561 : 4096 45088 0 0 0 0 0 0 0 
_1.ptx 1563 : 4096 49504 16384 0 0 128 128 0 0 
_1.ptx 1564 : 4096 45344 0 0 0 0 0 0 0 
_1.ptx 1565 : 4096 45280 0 0 0 0 0 0 0 
_1.ptx 1566 : 4096 25344 0 0 0 0 0 0 0 
_1.ptx 1567 : 4096 32800 0 0 0 0 0 0 0 
_1.ptx 1568 : 4096 0 0 0 0 0 0 0 0 
_1.ptx 1571 : 4096 24768 0 0 0 0 0 0 0 
