kernel line : count latency dram_traffic smem_bk_conflicts smem_warp gmem_access_generated gmem_warp exposed_latency warp_divergence
_1.ptx 199 : 19456000 114940480 0 0 0 0 0 0 0 
_1.ptx 200 : 3891200 29093184 0 0 0 0 0 0 0 
_1.ptx 205 : 199424 1311840 0 0 0 0 0 0 0 
_1.ptx 207 : 4090624 1322848 0 0 0 0 0 0 0 
_1.ptx 209 : 3891200 13028032 0 0 0 0 0 0 0 
_1.ptx 210 : 3891200 31579904 0 0 0 0 0 0 0 
_1.ptx 211 : 3891200 41007968 0 0 0 0 0 0 0 
_1.ptx 212 : 3891200 46603072 0 0 0 0 0 0 0 
_1.ptx 213 : 3891200 21386144 15564800 0 0 121600 121600 0 0 
_1.ptx 216 : 4090624 30093056 0 0 0 0 0 0 0 
_1.ptx 63 : 215296 1295072 0 0 0 0 0 0 0 
_1.ptx 64 : 215296 1294880 0 0 0 0 0 0 0 
_1.ptx 65 : 215296 3240128 0 0 0 0 0 0 0 
_1.ptx 66 : 215296 1293632 0 0 0 0 0 0 0 
_1.ptx 67 : 215296 2391808 0 0 0 0 0 0 0 
_1.ptx 68 : 215296 118448480 128 0 0 0 0 0 0 
_1.ptx 69 : 215296 1745504 0 0 0 0 0 0 0 
_1.ptx 70 : 215296 66752 0 0 0 0 0 0 0 
_1.ptx 71 : 204800 113156480 0 0 0 0 0 0 0 
_1.ptx 72 : 204800 1278208 0 0 0 0 0 0 0 
_1.ptx 73 : 204800 1662176 0 0 0 0 0 0 0 
_1.ptx 74 : 204800 0 0 0 0 0 0 0 0 
_1.ptx 75 : 204800 1487008 0 0 0 0 0 0 0 
_1.ptx 76 : 204800 2300032 0 0 0 0 0 0 0 
_1.ptx 77 : 204800 1461440 0 0 0 0 0 0 0 
_1.ptx 78 : 204800 2273792 0 0 0 0 0 0 0 
_1.ptx 79 : 204800 1442400 0 0 0 0 0 0 0 
_1.ptx 80 : 204800 2309344 0 0 0 0 0 0 0 
_1.ptx 81 : 204800 107728160 0 0 0 0 0 0 0 
_1.ptx 82 : 204800 1439488 0 0 0 0 0 0 0 
_1.ptx 83 : 204800 2373888 0 0 0 0 0 0 0 
_1.ptx 84 : 204800 2264896 0 0 0 0 0 0 0 
_1.ptx 85 : 204800 138798848 0 0 0 0 0 0 0 
_1.ptx 86 : 204800 1482656 0 0 0 0 0 0 0 
_1.ptx 87 : 204800 2294752 0 0 0 0 0 0 0 
_1.ptx 88 : 204800 2262688 0 0 0 0 0 0 0 
_1.ptx 89 : 204800 1512896 0 0 0 0 0 0 0 
_1.ptx 93 : 6963200 10363909856 34088448 0 0 6963200 217600 0 0 
_1.ptx 94 : 6963200 7211403904 27852800 0 0 217600 217600 0 0 
_1.ptx 95 : 6963200 69745664 0 0 0 0 0 0 0 
_1.ptx 96 : 6963200 69700672 0 0 0 0 0 0 0 
_1.ptx 97 : 6963200 76646912 0 0 0 0 0 0 0 
_1.ptx 98 : 6963200 55842208 0 0 0 0 0 0 0 
_1.ptx 99 : 6963200 40557728 0 0 0 0 0 0 0 
_1.ptx 103 : 215296 1293024 0 0 0 0 0 0 0 
_1.ptx 125 : 4090624 28065280 0 0 0 0 0 0 0 
_1.ptx 126 : 4090624 28221120 0 0 0 0 0 0 0 
_1.ptx 127 : 4090624 55816192 0 0 0 0 0 0 0 
_1.ptx 128 : 4090624 28210240 0 0 0 0 0 0 0 
_1.ptx 129 : 4090624 48840544 0 0 0 0 0 0 0 
_1.ptx 130 : 4090624 28851584 0 0 0 0 0 0 0 
_1.ptx 131 : 4090624 51697280 0 0 0 0 0 0 0 
_1.ptx 132 : 4090624 28964064 0 0 0 0 0 0 0 
_1.ptx 133 : 4090624 53276608 0 0 0 0 0 0 0 
_1.ptx 134 : 4090624 28888352 0 0 0 0 0 0 0 
_1.ptx 135 : 4090624 47716224 0 0 0 0 0 0 0 
_1.ptx 136 : 4090624 12945696 0 0 0 0 0 0 0 
_1.ptx 137 : 4090624 35919136 0 0 0 0 0 0 0 
_1.ptx 138 : 4090624 1328576 0 0 0 0 0 0 0 
_1.ptx 139 : 3891200 12294016 0 0 0 0 0 0 0 
_1.ptx 140 : 3891200 26378784 0 0 0 0 0 0 0 
_1.ptx 141 : 3891200 33693216 0 0 0 0 0 0 0 
_1.ptx 142 : 3891200 0 0 0 0 0 0 0 0 
_1.ptx 143 : 3891200 30160736 0 0 0 0 0 0 0 
_1.ptx 144 : 3891200 12260192 0 0 0 0 0 0 0 
_1.ptx 145 : 3891200 26492256 0 0 0 0 0 0 0 
_1.ptx 146 : 3891200 33902784 0 0 0 0 0 0 0 
_1.ptx 147 : 3891200 27378176 0 0 0 0 0 0 0 
_1.ptx 148 : 3891200 27329408 0 0 0 0 0 0 0 
_1.ptx 149 : 3891200 26924928 0 0 0 0 0 0 0 
_1.ptx 150 : 3891200 27176480 0 0 0 0 0 0 0 
_1.ptx 151 : 3891200 31001408 0 0 0 0 0 0 0 
_1.ptx 154 : 19456000 0 0 0 0 0 0 0 0 
_1.ptx 155 : 19456000 159949984 0 0 0 0 0 0 0 
_1.ptx 156 : 19456000 222328448 0 0 0 0 0 0 0 
_1.ptx 157 : 19456000 161633792 0 0 0 0 0 0 0 
_1.ptx 158 : 19456000 231170848 0 0 0 0 0 0 0 
_1.ptx 159 : 19456000 166909472 0 0 0 0 0 0 0 
_1.ptx 160 : 19456000 205972864 0 0 0 0 0 0 0 
_1.ptx 161 : 19456000 232437312 0 0 0 0 0 0 0 
_1.ptx 162 : 19456000 164440896 0 0 0 0 0 0 0 
_1.ptx 163 : 19456000 146849856 0 0 0 0 0 0 0 
_1.ptx 164 : 19456000 161473504 0 0 0 0 0 0 0 
_1.ptx 168 : 661504000 5781429056 0 0 0 0 0 0 0 
_1.ptx 169 : 661504000 5016407392 0 0 0 0 0 0 0 
_1.ptx 170 : 661504000 5660992352 0 0 0 0 0 0 0 
_1.ptx 171 : 661504000 4947366368 0 0 0 0 0 0 0 
_1.ptx 172 : 661504000 5637806336 0 0 0 0 0 0 0 
_1.ptx 173 : 661504000 4912030624 0 0 0 0 0 0 0 
_1.ptx 174 : 661504000 5505246432 0 0 0 0 0 0 0 
_1.ptx 175 : 661504000 243570966464 2646016000 0 0 0 0 0 0 
_1.ptx 176 : 661504000 5466433408 0 0 0 0 0 0 0 
_1.ptx 178 : 661504000 3096084832 1408 0 0 0 0 0 0 
_1.ptx 179 : 661504000 7986119232 0 0 0 0 0 0 0 
_1.ptx 180 : 661504000 6764551200 0 0 0 0 0 0 0 
_1.ptx 181 : 661504000 7730504416 0 0 0 0 0 0 0 
_1.ptx 182 : 661504000 7681902368 0 0 0 0 0 0 0 
_1.ptx 183 : 661504000 8210173664 0 0 0 0 0 0 0 
_1.ptx 184 : 661504000 6237682912 0 0 0 0 0 0 0 
_1.ptx 185 : 661504000 4955880992 0 0 0 0 0 0 0 
_1.ptx 186 : 19456000 153255296 0 0 0 0 0 0 0 
_1.ptx 190 : 19456000 177233792 0 0 0 0 0 0 0 
_1.ptx 191 : 19456000 94347867 0 0 0 0 0 0 10162 
_1.ptx 193 : 6990785 58351995 0 0 0 0 0 0 0 
_1.ptx 195 : 6990785 60140991 0 0 0 0 0 0 0 
_1.ptx 197 : 19456000 221170272 0 0 0 0 0 0 0 
_1.ptx 198 : 19456000 177320224 0 0 0 0 0 0 0 
