kernel line : count latency dram_traffic smem_bk_conflicts smem_warp gmem_access_generated gmem_warp exposed_latency warp_divergence
_1.ptx 823 : 509868 3056156 0 0 0 0 0 0 1125 
_1.ptx 825 : 74702 590535 0 0 0 0 0 0 0 
_1.ptx 827 : 74702 619190 0 0 0 0 0 0 0 
_1.ptx 829 : 509868 5589901 0 0 0 0 0 0 0 
_1.ptx 830 : 509868 5620796 0 0 0 0 0 0 0 
_1.ptx 831 : 509868 3785643 0 0 0 0 0 0 0 
_1.ptx 832 : 509868 4492367 0 0 0 0 0 0 0 
_1.ptx 833 : 509868 2675055 0 0 0 0 0 0 0 
_1.ptx 834 : 127467 910905 0 0 0 0 0 0 0 
_1.ptx 835 : 127467 1105375 0 0 0 0 0 0 0 
_1.ptx 836 : 127467 1025991 0 0 0 0 0 0 0 
_1.ptx 837 : 127467 891240 0 0 0 0 0 0 0 
_1.ptx 838 : 127467 1100217 0 0 0 0 0 0 0 
_1.ptx 839 : 127467 1008387 0 0 0 0 0 0 0 
_1.ptx 840 : 127467 1104025 0 0 0 0 0 0 0 
_1.ptx 841 : 127467 898897 0 0 0 0 0 0 0 
_1.ptx 842 : 127467 1094622 0 0 0 0 0 0 0 
_1.ptx 843 : 127467 442998 0 0 0 0 0 0 631 
_1.ptx 845 : 62282 683241 0 0 0 0 0 0 0 
_1.ptx 847 : 62282 508231 0 0 0 0 0 0 0 
_1.ptx 848 : 62282 491720 0 0 0 0 0 0 0 
_1.ptx 849 : 62282 772163 0 0 0 0 0 0 0 
_1.ptx 850 : 62282 714078 0 0 0 0 0 0 0 
_1.ptx 851 : 62282 298403 0 0 0 2349 2349 0 0 
_1.ptx 852 : 62282 301770 0 0 0 2349 2349 0 0 
_1.ptx 853 : 62282 307335 0 0 0 2544 2349 0 0 
_1.ptx 854 : 62282 310643 0 0 0 2544 2349 0 0 
_1.ptx 855 : 62282 305693 0 0 0 2544 2349 0 0 
_1.ptx 856 : 62282 308271 0 0 0 2544 2349 0 0 
_1.ptx 857 : 62282 301239 0 0 0 2544 2349 0 0 
_1.ptx 859 : 62282 701852 0 0 0 0 0 0 0 
_1.ptx 860 : 62282 706235 0 0 0 0 0 0 0 
_1.ptx 861 : 62282 708514 0 0 0 0 0 0 0 
_1.ptx 862 : 62282 719251 0 0 0 0 0 0 0 
_1.ptx 863 : 62282 721141 0 0 0 0 0 0 0 
_1.ptx 864 : 62282 724277 0 0 0 0 0 0 0 
_1.ptx 865 : 62282 348796 0 0 0 2544 2349 0 0 
_1.ptx 866 : 62282 445099 0 0 0 0 0 0 0 
_1.ptx 867 : 62282 540476 0 0 0 0 0 0 0 
_1.ptx 868 : 62282 126340 0 0 0 0 0 0 305 
_1.ptx 870 : 43133 307106 0 0 0 0 0 0 0 
_1.ptx 871 : 43133 302607 0 0 0 0 0 0 0 
_1.ptx 872 : 43133 304120 0 0 0 0 0 0 0 
_1.ptx 873 : 43133 297626 0 0 0 0 0 0 0 
_1.ptx 875 : 19149 73669 0 0 0 0 0 0 0 
_1.ptx 876 : 19149 219972 0 0 0 0 0 0 0 
_1.ptx 877 : 19149 220531 0 0 0 0 0 0 0 
_1.ptx 878 : 19149 222579 0 0 0 0 0 0 0 
_1.ptx 879 : 19149 224461 0 0 0 0 0 0 0 
_1.ptx 880 : 19149 226947 0 0 0 0 0 0 0 
_1.ptx 881 : 19149 182588 0 0 0 0 0 0 0 
_1.ptx 882 : 19149 182864 0 0 0 0 0 0 0 
_1.ptx 883 : 19149 596578 0 0 0 0 0 0 0 
_1.ptx 884 : 19149 242773 0 0 0 0 0 0 0 
_1.ptx 885 : 19149 232284 0 0 0 0 0 0 0 
_1.ptx 886 : 19149 238317 0 0 0 0 0 0 0 
_1.ptx 888 : 62282 732942 0 0 0 0 0 0 0 
_1.ptx 889 : 62282 730979 0 0 0 0 0 0 0 
_1.ptx 890 : 62282 754218 0 0 0 0 0 0 0 
_1.ptx 891 : 62282 781073 0 0 0 0 0 0 0 
_1.ptx 892 : 62282 619193 0 0 0 0 0 0 0 
_1.ptx 893 : 62282 613180 0 0 0 0 0 0 0 
_1.ptx 894 : 62282 1925976 0 0 0 0 0 0 0 
_1.ptx 895 : 62282 727879 0 0 0 0 0 0 0 
_1.ptx 896 : 62282 725704 0 0 0 0 0 0 0 
_1.ptx 897 : 62282 728461 0 0 0 0 0 0 0 
_1.ptx 898 : 62282 712853 0 0 0 0 0 0 0 
_1.ptx 899 : 62282 594747 0 0 0 0 0 0 0 
_1.ptx 900 : 62282 595263 0 0 0 0 0 0 0 
_1.ptx 901 : 62282 426453 0 0 0 0 0 0 0 
_1.ptx 902 : 62282 537522 0 0 0 0 0 0 0 
_1.ptx 903 : 62282 427586 0 0 0 0 0 0 0 
_1.ptx 910 : 62282 486172 0 0 0 0 0 0 0 
_1.ptx 911 : 62282 491208 0 0 0 0 0 0 0 
_1.ptx 912 : 62282 500158 0 0 0 0 0 0 0 
_1.ptx 915 : 62282 445613 0 0 0 0 0 0 0 
_1.ptx 916 : 62282 717882 0 0 0 0 0 0 0 
_1.ptx 917 : 62282 486197 0 0 0 0 0 0 0 
_1.ptx 918 : 62282 935066 0 0 0 0 0 0 0 
_1.ptx 919 : 62282 705560 0 0 0 0 0 0 0 
_1.ptx 920 : 62282 627286 24704 0 0 0 0 0 0 
_1.ptx 921 : 62282 408374 0 0 0 0 0 0 0 
_1.ptx 922 : 62282 712381 0 0 0 0 0 0 0 
_1.ptx 923 : 62282 803971 45760 0 0 0 0 0 0 
_1.ptx 924 : 62282 406977 0 0 0 0 0 0 0 
_1.ptx 925 : 62282 712678 0 0 0 0 0 0 0 
_1.ptx 926 : 62282 1010509 25120 0 0 0 0 0 0 
_1.ptx 927 : 62282 402109 0 0 0 0 0 0 0 
_1.ptx 928 : 62282 716253 0 0 0 0 0 0 0 
_1.ptx 929 : 62282 1051797 16448 0 0 0 0 0 0 
_1.ptx 931 : 62282 405986 0 0 0 0 0 0 0 
_1.ptx 932 : 62282 711399 0 0 0 0 0 0 0 
_1.ptx 933 : 62282 417660 0 0 0 0 0 0 0 
_1.ptx 934 : 62282 710072 0 0 0 0 0 0 0 
_1.ptx 935 : 62282 412117 0 0 0 0 0 0 0 
_1.ptx 936 : 62282 721006 0 0 0 0 0 0 0 
_1.ptx 937 : 62282 745974 0 0 0 0 0 0 0 
_1.ptx 938 : 62282 602247 0 0 0 0 0 0 0 
_1.ptx 939 : 62282 590826 0 0 0 0 0 0 0 
_1.ptx 940 : 62282 2223212 0 0 0 0 0 0 0 
_1.ptx 941 : 62282 753036 0 0 0 0 0 0 0 
_1.ptx 942 : 62282 751640 0 0 0 0 0 0 0 
_1.ptx 943 : 62282 768893 0 0 0 0 0 0 0 
_1.ptx 944 : 62282 761481 0 0 0 0 0 0 0 
_1.ptx 945 : 62282 597184 0 0 0 0 0 0 0 
_1.ptx 946 : 62282 595801 0 0 0 0 0 0 0 
_1.ptx 947 : 62282 434140 0 0 0 0 0 0 0 
_1.ptx 948 : 62282 540732 0 0 0 0 0 0 0 
_1.ptx 949 : 62282 37754 0 0 0 0 0 0 318 
_1.ptx 951 : 56815 446056 0 0 0 0 0 0 0 
_1.ptx 952 : 56815 352922 0 0 0 0 0 0 0 
_1.ptx 955 : 220903 1148610 128 0 0 8579 8579 0 0 
_1.ptx 956 : 220903 1125421 0 0 0 8579 8579 0 0 
_1.ptx 957 : 220903 1064672 0 0 0 8579 8579 0 0 
_1.ptx 958 : 220903 1038141 0 0 0 8579 8579 0 0 
_1.ptx 959 : 220903 1472192 0 0 0 0 0 0 0 
_1.ptx 960 : 220903 1891823 0 0 0 0 0 0 0 
_1.ptx 961 : 220903 1148340 0 0 0 0 0 0 0 
_1.ptx 963 : 56815 430080 0 0 0 0 0 0 0 
_1.ptx 964 : 56815 374431 0 0 0 0 0 0 0 
_1.ptx 965 : 56815 475246 0 0 0 0 0 0 0 
_1.ptx 966 : 56815 366955 0 0 0 0 0 0 0 
_1.ptx 971 : 56815 360447 0 0 0 0 0 0 0 
_1.ptx 972 : 56815 525121 0 0 0 0 0 0 0 
_1.ptx 973 : 56815 637721 0 0 0 0 0 0 0 
_1.ptx 974 : 56815 3306116 0 0 0 0 0 0 0 
_1.ptx 976 : 56815 366987 0 0 0 0 0 0 0 
_1.ptx 977 : 56815 370535 0 0 0 0 0 0 0 
_1.ptx 978 : 56815 484643 0 0 0 0 0 0 0 
_1.ptx 979 : 56815 530054 0 0 0 0 0 0 0 
_1.ptx 982 : 56815 431618 0 0 0 0 0 0 0 
_1.ptx 983 : 56815 378176 0 0 0 0 0 0 0 
_1.ptx 986 : 164088 753386 0 0 0 6402 6402 0 0 
_1.ptx 987 : 164088 622433 0 0 0 0 0 0 0 
_1.ptx 988 : 164088 1945303 0 0 0 0 0 0 0 
_1.ptx 989 : 164088 1161847 0 0 0 0 0 0 0 
_1.ptx 990 : 164088 1949884 0 0 0 0 0 0 0 
_1.ptx 991 : 164088 1183654 0 0 0 0 0 0 0 
_1.ptx 992 : 164088 1951153 0 0 0 0 0 0 0 
_1.ptx 993 : 164088 1198348 0 0 0 0 0 0 0 
_1.ptx 994 : 164088 1981476 0 0 0 0 0 0 0 
_1.ptx 995 : 164088 1953458 0 0 0 0 0 0 0 
_1.ptx 996 : 164088 1991672 0 0 0 0 0 0 0 
_1.ptx 997 : 164088 1986925 0 0 0 0 0 0 0 
_1.ptx 998 : 164088 1992560 0 0 0 0 0 0 0 
_1.ptx 999 : 164088 1989664 0 0 0 0 0 0 0 
_1.ptx 1000 : 164088 2018440 0 0 0 0 0 0 0 
_1.ptx 1001 : 164088 2034223 0 0 0 0 0 0 0 
_1.ptx 1002 : 164088 1671361 0 0 0 0 0 0 0 
_1.ptx 1003 : 164088 1668631 0 0 0 0 0 0 0 
_1.ptx 1004 : 164088 1994168 0 0 0 0 0 0 0 
_1.ptx 1005 : 164088 1639370 0 0 0 0 0 0 0 
_1.ptx 1006 : 164088 1636614 0 0 0 0 0 0 0 
_1.ptx 1007 : 164088 1998608 0 0 0 0 0 0 0 
_1.ptx 1008 : 164088 1497803 0 0 0 0 0 0 0 
_1.ptx 1009 : 164088 1390310 0 0 0 0 0 0 0 
_1.ptx 1010 : 164088 1181948 0 0 0 0 0 0 0 
_1.ptx 1011 : 164088 1462024 0 0 0 0 0 0 0 
_1.ptx 1012 : 164088 1366670 0 0 0 0 0 0 0 
_1.ptx 1013 : 164088 1471992 0 0 0 0 0 0 0 
_1.ptx 1014 : 164088 1206227 0 0 0 0 0 0 0 
_1.ptx 1015 : 164088 1463226 0 0 0 0 0 0 0 
_1.ptx 1016 : 164088 834474 0 0 0 0 0 0 965 
_1.ptx 1017 : 50431 370645 0 0 0 0 0 0 0 
_1.ptx 1018 : 50431 367710 0 0 0 0 0 0 0 
_1.ptx 1020 : 113657 1347621 0 0 0 0 0 0 0 
_1.ptx 1021 : 113657 1350097 0 0 0 0 0 0 0 
_1.ptx 1022 : 113657 1019101 0 0 0 0 0 0 0 
_1.ptx 1023 : 113657 43635 0 0 0 0 0 0 344 
_1.ptx 1024 : 107587 797753 0 0 0 0 0 0 0 
_1.ptx 1025 : 107587 804664 0 0 0 0 0 0 0 
_1.ptx 1028 : 6070 70791 0 0 0 0 0 0 0 
_1.ptx 1029 : 6070 113296 0 0 0 0 0 0 0 
_1.ptx 1030 : 6070 72159 0 0 0 0 0 0 0 
_1.ptx 1031 : 6070 74298 0 0 0 0 0 0 0 
_1.ptx 1032 : 6070 59959 0 0 0 0 0 0 0 
_1.ptx 1036 : 164088 1374774 0 0 0 0 0 0 0 
_1.ptx 1039 : 220903 1586005 0 0 0 0 0 0 0 
_1.ptx 1040 : 220903 1928090 0 0 0 0 0 0 0 
_1.ptx 1041 : 220903 1511006 0 0 0 0 0 0 370 
_1.ptx 1042 : 6068 73271 0 0 0 0 0 0 0 
_1.ptx 1043 : 6068 73963 0 0 0 0 0 0 0 
_1.ptx 1044 : 6068 73762 0 0 0 0 0 0 0 
_1.ptx 1045 : 6068 72626 0 0 0 0 0 0 0 
_1.ptx 1046 : 6068 73251 0 0 0 0 0 0 0 
_1.ptx 1047 : 6068 73757 0 0 0 0 0 0 0 
_1.ptx 1048 : 6068 74334 0 0 0 0 0 0 0 
_1.ptx 1049 : 6068 60271 0 0 0 0 0 0 0 
_1.ptx 1050 : 6068 61203 0 0 0 0 0 0 0 
_1.ptx 1051 : 6068 56184 0 0 0 0 0 0 0 
_1.ptx 1052 : 6068 45896 0 0 0 0 0 0 0 
_1.ptx 1057 : 220903 2425855 0 0 0 0 0 0 0 
_1.ptx 1058 : 220903 2435827 0 0 0 0 0 0 0 
_1.ptx 1059 : 220903 1685103 0 0 0 0 0 0 0 
_1.ptx 1060 : 220903 1956989 0 0 0 0 0 0 0 
_1.ptx 1061 : 220903 373718 0 0 0 0 0 0 0 
_1.ptx 1062 : 169119 1233836 0 0 0 0 0 0 0 
_1.ptx 1063 : 169119 1462627 0 0 0 0 0 0 0 
_1.ptx 1064 : 169119 1136404 0 0 0 0 0 0 295 
_1.ptx 1065 : 5031 36286 0 0 0 0 0 0 0 
_1.ptx 1067 : 51784 373022 0 0 0 0 0 0 0 
_1.ptx 1068 : 51784 459889 0 0 0 0 0 0 0 
_1.ptx 1071 : 56815 43972 0 0 0 0 0 0 318 
_1.ptx 1073 : 50745 605817 0 0 0 0 0 0 0 
_1.ptx 1074 : 50745 608401 0 0 0 0 0 0 0 
_1.ptx 1075 : 50745 609399 0 0 0 0 0 0 0 
_1.ptx 1076 : 50745 636124 0 0 0 0 0 0 0 
_1.ptx 1077 : 50745 505259 0 0 0 0 0 0 0 
_1.ptx 1078 : 50745 502075 0 0 0 0 0 0 0 
_1.ptx 1079 : 50745 1168830 0 0 0 0 0 0 0 
_1.ptx 1081 : 50745 373074 0 0 0 0 0 0 0 
_1.ptx 1082 : 50745 1077710 0 0 0 0 0 0 0 
_1.ptx 1083 : 50745 407763 0 0 0 0 0 0 0 
_1.ptx 1084 : 50745 719445 0 0 0 0 0 0 0 
_1.ptx 1085 : 50745 646173 0 0 0 0 0 0 0 
_1.ptx 1086 : 50745 604027 0 0 0 0 0 0 0 
_1.ptx 1087 : 50745 366378 0 0 0 0 0 0 0 
_1.ptx 1088 : 50745 362841 0 0 0 0 0 0 0 
_1.ptx 1089 : 50745 587845 0 0 0 0 0 0 0 
_1.ptx 1090 : 50745 607482 0 0 0 0 0 0 0 
_1.ptx 1091 : 50745 604839 0 0 0 0 0 0 0 
_1.ptx 1092 : 50745 373375 0 0 0 0 0 0 0 
_1.ptx 1093 : 50745 364826 0 0 0 0 0 0 0 
_1.ptx 1094 : 50745 593369 0 0 0 0 0 0 0 
_1.ptx 1095 : 50745 597138 0 0 0 0 0 0 0 
_1.ptx 1096 : 50745 602248 0 0 0 0 0 0 0 
_1.ptx 1097 : 50745 591226 0 0 0 0 0 0 0 
_1.ptx 1098 : 50745 360267 0 0 0 0 0 0 0 
_1.ptx 1099 : 50745 592113 0 0 0 0 0 0 0 
_1.ptx 1100 : 50745 489242 0 0 0 0 0 0 0 
_1.ptx 1101 : 50745 685546 0 0 0 0 0 0 0 
_1.ptx 1103 : 50745 584919 0 0 0 0 0 0 0 
_1.ptx 1104 : 50745 595071 0 0 0 0 0 0 0 
_1.ptx 1105 : 50745 590804 0 0 0 0 0 0 0 
_1.ptx 1106 : 50745 498597 0 0 0 0 0 0 0 
_1.ptx 1107 : 50745 608272 0 0 0 0 0 0 0 
_1.ptx 1108 : 50745 509115 0 0 0 0 0 0 0 
_1.ptx 1109 : 50745 389623 0 0 0 0 0 0 0 
_1.ptx 1110 : 50745 1094010 0 0 0 0 0 0 0 
_1.ptx 1111 : 50745 409795 0 0 0 0 0 0 0 
_1.ptx 1112 : 50745 1096313 0 0 0 0 0 0 0 
_1.ptx 1113 : 50745 416370 0 0 0 0 0 0 0 
_1.ptx 1114 : 50745 466774 0 0 0 0 0 0 0 
_1.ptx 1115 : 50745 375495 0 0 0 0 0 0 0 
_1.ptx 1121 : 50745 422365 0 0 0 0 0 0 0 
_1.ptx 1122 : 50745 368878 0 0 0 0 0 0 0 
_1.ptx 1123 : 50745 438836 0 0 0 0 0 0 0 
_1.ptx 1124 : 50745 0 0 0 0 0 0 0 0 
_1.ptx 1125 : 50745 332634 0 0 0 0 0 0 0 
_1.ptx 1133 : 50745 327410 0 0 0 0 0 0 0 
_1.ptx 1134 : 50745 424058 0 0 0 0 0 0 0 
_1.ptx 1135 : 50745 335020 0 0 0 0 0 0 0 
_1.ptx 1140 : 50745 335790 0 0 0 0 0 0 0 
_1.ptx 1141 : 50745 422303 0 0 0 0 0 0 0 
_1.ptx 1142 : 50745 330992 0 0 0 0 0 0 0 
_1.ptx 1157 : 50745 332927 0 0 0 0 0 0 0 
_1.ptx 1158 : 50745 429873 0 0 0 0 0 0 0 
_1.ptx 1159 : 50745 332389 0 0 0 0 0 0 0 
_1.ptx 1181 : 50745 334695 0 0 0 0 0 0 0 
_1.ptx 1182 : 50745 428580 0 0 0 0 0 0 0 
_1.ptx 1183 : 50745 333068 0 0 0 0 0 0 0 
_1.ptx 1196 : 50745 377368 0 0 0 0 0 0 0 
_1.ptx 1197 : 50745 383401 0 0 0 0 0 0 0 
_1.ptx 1198 : 50745 386097 0 0 0 0 0 0 0 
_1.ptx 1199 : 50745 389375 0 0 0 0 0 0 0 
_1.ptx 1200 : 50745 348284 0 0 0 0 0 0 0 
_1.ptx 1201 : 50745 426831 0 0 0 0 0 0 0 
_1.ptx 1202 : 50745 334998 0 0 0 0 0 0 0 
_1.ptx 1213 : 50745 417788 0 0 0 0 0 0 0 
_1.ptx 1216 : 50745 573800 0 0 0 0 0 0 0 
_1.ptx 1218 : 50745 424033 0 0 0 0 0 0 0 
_1.ptx 1219 : 50745 408182 0 0 0 0 0 0 0 
_1.ptx 1220 : 50745 403176 0 0 0 0 0 0 0 
_1.ptx 1221 : 50745 406717 0 0 0 0 0 0 0 
_1.ptx 1222 : 50745 361752 0 0 0 0 0 0 0 
_1.ptx 1223 : 50745 443907 0 0 0 0 0 0 0 
_1.ptx 1224 : 50745 209285 0 0 0 0 0 0 727 
_1.ptx 1226 : 21083 159218 0 0 0 0 0 0 0 
_1.ptx 1227 : 21083 248841 0 0 0 0 0 0 0 
_1.ptx 1229 : 21083 239955 0 0 0 0 0 0 0 
_1.ptx 1232 : 50745 389203 0 0 0 0 0 0 0 
_1.ptx 1233 : 50745 594517 0 0 0 0 0 0 0 
_1.ptx 1234 : 50745 345820 0 0 0 0 0 0 0 
_1.ptx 1235 : 50745 593040 0 0 0 0 0 0 0 
_1.ptx 1236 : 50745 613708 0 0 0 0 0 0 0 
_1.ptx 1237 : 50745 474388 0 0 0 0 0 0 0 
_1.ptx 1238 : 50745 2303280 0 0 0 0 0 0 0 
_1.ptx 1239 : 50745 411695 0 0 0 0 0 0 0 
_1.ptx 1240 : 50745 628760 0 0 0 0 0 0 0 
_1.ptx 1241 : 50745 412265 0 0 0 0 0 0 0 
_1.ptx 1242 : 50745 413570 0 0 0 0 0 0 0 
_1.ptx 1243 : 50745 412303 0 0 0 0 0 0 0 
_1.ptx 1244 : 50745 409376 0 0 0 0 0 0 0 
_1.ptx 1245 : 50745 409581 0 0 0 0 0 0 0 
_1.ptx 1246 : 50745 589967 0 0 0 0 0 0 0 
_1.ptx 1247 : 50745 591539 0 0 0 0 0 0 0 
_1.ptx 1248 : 50745 600918 0 0 0 0 0 0 0 
_1.ptx 1249 : 50745 480923 0 0 0 0 0 0 0 
_1.ptx 1250 : 50745 490359 0 0 0 0 0 0 0 
_1.ptx 1252 : 50745 616663 0 0 0 0 0 0 0 
_1.ptx 1253 : 50745 636838 0 0 0 0 0 0 0 
_1.ptx 1254 : 50745 425206 0 0 0 0 0 0 0 
_1.ptx 1255 : 50745 436365 0 0 0 0 0 0 0 
_1.ptx 1256 : 50745 521126 0 0 0 0 0 0 0 
_1.ptx 1257 : 50745 398667 0 0 0 0 0 0 0 
_1.ptx 1258 : 50745 509961 0 0 0 0 0 0 0 
_1.ptx 1259 : 50745 624642 0 0 0 0 0 0 0 
_1.ptx 1260 : 50745 623849 0 0 0 0 0 0 0 
_1.ptx 1261 : 50745 613719 0 0 0 0 0 0 0 
_1.ptx 1262 : 50745 608657 0 0 0 0 0 0 0 
_1.ptx 1263 : 50745 602024 0 0 0 0 0 0 0 
_1.ptx 1264 : 50745 601060 0 0 0 0 0 0 0 
_1.ptx 1265 : 50745 599520 0 0 0 0 0 0 0 
_1.ptx 1266 : 50745 595764 0 0 0 0 0 0 0 
_1.ptx 1267 : 50745 572846 0 0 0 0 0 0 0 
_1.ptx 1269 : 50745 582960 0 0 0 0 0 0 0 
_1.ptx 1271 : 50745 595565 0 0 0 0 0 0 0 
_1.ptx 1272 : 50745 620850 0 0 0 0 0 0 0 
_1.ptx 1274 : 50745 477235 0 0 0 0 0 0 0 
_1.ptx 1275 : 50745 431376 0 0 0 0 0 0 0 
_1.ptx 1276 : 50745 624176 0 0 0 0 0 0 0 
_1.ptx 1277 : 50745 623609 0 0 0 0 0 0 0 
_1.ptx 1279 : 50745 406905 0 0 0 0 0 0 0 
_1.ptx 1280 : 50745 613569 0 0 0 0 0 0 0 
_1.ptx 1281 : 50745 614894 0 0 0 0 0 0 0 
_1.ptx 1282 : 50745 604743 0 0 0 0 0 0 0 
_1.ptx 1283 : 50745 598019 0 0 0 0 0 0 0 
_1.ptx 1284 : 50745 600036 0 0 0 0 0 0 0 
_1.ptx 1286 : 50745 599738 0 0 0 0 0 0 0 
_1.ptx 1288 : 50745 366074 0 0 0 0 0 0 0 
_1.ptx 1289 : 50745 595382 0 0 0 0 0 0 0 
_1.ptx 1290 : 50745 616723 0 0 0 0 0 0 0 
_1.ptx 1291 : 50745 463908 0 0 0 0 0 0 0 
_1.ptx 1292 : 50745 634190 0 0 0 0 0 0 0 
_1.ptx 1293 : 50745 415258 0 0 0 0 0 0 0 
_1.ptx 1294 : 50745 499509 0 0 0 0 0 0 0 
_1.ptx 1295 : 50745 370535 0 0 0 0 0 0 0 
_1.ptx 1296 : 50745 493333 0 0 0 0 0 0 0 
_1.ptx 1297 : 50745 355797 0 0 0 0 0 0 0 
_1.ptx 1298 : 50745 493401 0 0 0 0 0 0 0 
_1.ptx 1299 : 50745 355565 0 0 0 0 0 0 0 
_1.ptx 1300 : 50745 489177 0 0 0 0 0 0 0 
_1.ptx 1301 : 50745 598096 0 0 0 0 0 0 0 
_1.ptx 1303 : 50745 415759 0 0 0 0 0 0 0 
_1.ptx 1304 : 50745 593162 0 0 0 0 0 0 0 
_1.ptx 1305 : 50745 589059 0 0 0 0 0 0 0 
_1.ptx 1307 : 50745 379742 0 0 0 0 0 0 0 
_1.ptx 1308 : 50745 390203 0 0 0 0 0 0 0 
_1.ptx 1309 : 50745 397494 0 0 0 0 0 0 0 
_1.ptx 1310 : 50745 348233 0 0 0 0 0 0 0 
_1.ptx 1311 : 50745 421621 0 0 0 0 0 0 0 
_1.ptx 1312 : 50745 332411 0 0 0 0 0 0 0 
_1.ptx 1321 : 50745 396301 0 0 0 0 0 0 0 
_1.ptx 1322 : 50745 352381 0 0 0 0 0 0 0 
_1.ptx 1323 : 50745 582371 0 0 0 0 0 0 0 
_1.ptx 1324 : 50745 398535 0 0 0 0 0 0 0 
_1.ptx 1325 : 50745 352491 0 0 0 0 0 0 0 
_1.ptx 1326 : 50745 353395 0 0 0 0 0 0 0 
_1.ptx 1327 : 50745 2517373 0 0 0 0 0 0 0 
_1.ptx 1328 : 50745 315818 0 0 0 0 0 0 0 
_1.ptx 1329 : 50745 330082 0 0 0 0 0 0 0 
_1.ptx 1330 : 50745 476244 0 0 0 0 0 0 0 
_1.ptx 1331 : 50745 482884 0 0 0 0 0 0 0 
_1.ptx 1332 : 50745 344916 0 0 0 0 0 0 0 
_1.ptx 1333 : 50745 615680 0 0 0 0 0 0 0 
_1.ptx 1334 : 50745 3489211 0 0 0 0 0 0 0 
_1.ptx 1335 : 50745 600457 0 0 0 0 0 0 0 
_1.ptx 1336 : 50745 330325 0 0 0 0 0 0 0 
_1.ptx 1337 : 50745 436134 0 0 0 0 0 0 0 
_1.ptx 1338 : 50745 476964 0 0 0 0 0 0 0 
_1.ptx 1339 : 50745 332669 0 0 0 0 0 0 0 
_1.ptx 1340 : 50745 431298 0 0 0 0 0 0 0 
_1.ptx 1341 : 50745 471928 0 0 0 0 0 0 0 
_1.ptx 1343 : 50745 385046 0 0 0 0 0 0 0 
_1.ptx 1344 : 50745 325833 0 0 0 0 0 0 0 
_1.ptx 1345 : 50745 429061 0 0 0 0 0 0 0 
_1.ptx 1346 : 50745 0 0 0 0 0 0 0 0 
_1.ptx 1348 : 50745 480763 0 0 0 0 0 0 0 
_1.ptx 1351 : 50745 416935 0 0 0 0 0 0 0 
_1.ptx 1352 : 50745 363735 0 0 0 0 0 0 0 
_1.ptx 1353 : 50745 414612 0 0 0 0 0 0 0 
_1.ptx 1354 : 50745 418885 0 0 0 0 0 0 0 
_1.ptx 1355 : 50745 374273 0 0 0 0 0 0 0 
_1.ptx 1356 : 50745 609220 0 0 0 0 0 0 0 
_1.ptx 1357 : 50745 600300 0 0 0 0 0 0 0 
_1.ptx 1358 : 50745 420614 0 0 0 0 0 0 0 
_1.ptx 1359 : 50745 357243 0 0 0 0 0 0 0 
_1.ptx 1360 : 50745 439397 0 0 0 0 0 0 0 
_1.ptx 1361 : 50745 397519 0 0 0 0 0 0 0 
_1.ptx 1362 : 50745 428673 0 0 0 0 0 0 0 
_1.ptx 1363 : 50745 319852 0 0 0 0 0 0 0 
_1.ptx 1364 : 50745 423889 0 0 0 0 0 0 0 
_1.ptx 1365 : 50745 334816 0 0 0 0 0 0 0 
_1.ptx 1372 : 50745 395540 0 0 0 0 0 0 0 
_1.ptx 1375 : 50745 354177 0 0 0 0 0 0 0 
_1.ptx 1376 : 50745 576607 0 0 0 0 0 0 0 
_1.ptx 1377 : 50745 579420 0 0 0 0 0 0 0 
_1.ptx 1378 : 50745 583230 128 0 0 0 0 0 0 
_1.ptx 1380 : 50745 572463 0 0 0 0 0 0 0 
_1.ptx 1381 : 50745 694574 0 0 0 0 0 0 0 
_1.ptx 1383 : 50745 584053 0 0 0 0 0 0 0 
_1.ptx 1384 : 50745 849477 0 0 0 0 0 0 0 
_1.ptx 1388 : 62282 716221 0 0 0 0 0 0 0 
_1.ptx 1389 : 62282 735788 0 0 0 0 0 0 0 
_1.ptx 1390 : 62282 729780 0 0 0 0 0 0 0 
_1.ptx 1391 : 62282 772354 0 0 0 0 0 0 0 
_1.ptx 1392 : 62282 746187 0 0 0 0 0 0 0 
_1.ptx 1393 : 62282 777129 0 0 0 0 0 0 0 
_1.ptx 1395 : 62282 746007 0 0 0 0 0 0 0 
_1.ptx 1396 : 62282 765916 0 0 0 0 0 0 0 
_1.ptx 1397 : 62282 761189 0 0 0 0 0 0 0 
_1.ptx 1398 : 62282 810436 0 0 0 0 0 0 0 
_1.ptx 1399 : 62282 637110 0 0 0 0 0 0 0 
_1.ptx 1400 : 62282 620910 0 0 0 0 0 0 0 
_1.ptx 1401 : 62282 2303737 0 0 0 0 0 0 0 
_1.ptx 1402 : 62282 742253 0 0 0 0 0 0 0 
_1.ptx 1403 : 62282 755623 0 0 0 0 0 0 0 
_1.ptx 1404 : 62282 762129 0 0 0 0 0 0 0 
_1.ptx 1405 : 62282 502524 0 0 0 0 0 0 0 
_1.ptx 1406 : 62282 504705 0 0 0 0 0 0 0 
_1.ptx 1408 : 62282 437689 0 0 0 0 0 0 0 
_1.ptx 1409 : 62282 597608 0 0 0 0 0 0 0 
_1.ptx 1410 : 62282 427902 0 0 0 0 0 0 0 
_1.ptx 1411 : 62282 604808 0 0 0 0 0 0 0 
_1.ptx 1412 : 62282 444411 0 0 0 0 0 0 0 
_1.ptx 1413 : 62282 607373 0 0 0 0 0 0 0 
_1.ptx 1416 : 127467 1411487 0 0 0 0 0 0 0 
_1.ptx 1417 : 127467 937306 0 0 0 0 0 0 0 
_1.ptx 1418 : 127467 1112822 0 0 0 0 0 0 0 
_1.ptx 1419 : 127467 6994 0 0 0 0 0 0 0 
_1.ptx 1420 : 126435 1089725 0 0 0 0 0 0 0 
_1.ptx 1421 : 126435 423311 0 0 0 0 0 0 550 
_1.ptx 1424 : 65536 709632 0 0 0 0 0 0 0 
_1.ptx 1425 : 65536 517856 0 0 0 0 0 0 0 
_1.ptx 1426 : 65536 432064 0 0 0 0 0 0 0 
_1.ptx 1427 : 65536 552032 0 0 0 0 0 0 0 
_1.ptx 604 : 65536 408480 0 0 0 0 0 0 0 
_1.ptx 1428 : 65536 362298 0 0 0 0 0 0 218 
_1.ptx 605 : 65536 433952 38912 0 0 0 0 0 0 
_1.ptx 1429 : 10434 80577 0 0 0 0 0 0 0 
_1.ptx 606 : 65536 406240 0 0 0 0 0 0 0 
_1.ptx 1430 : 10434 79261 0 0 0 0 0 0 0 
_1.ptx 607 : 65536 781952 39296 0 0 0 0 0 0 
_1.ptx 1431 : 10434 118241 0 0 0 0 0 0 0 
_1.ptx 608 : 65536 407776 0 0 0 0 0 0 0 
_1.ptx 1432 : 10434 120433 0 0 0 0 0 0 0 
_1.ptx 609 : 65536 784768 38784 0 0 0 0 0 0 
_1.ptx 1433 : 10434 82126 0 0 0 0 0 0 0 
_1.ptx 610 : 65536 408832 0 0 0 0 0 0 0 
_1.ptx 611 : 65536 904864 38784 0 0 0 0 0 0 
_1.ptx 612 : 65536 406976 0 0 0 0 0 0 0 
_1.ptx 613 : 65536 957824 51200 0 0 0 0 0 0 
_1.ptx 1437 : 15923 2346008 17408 0 0 0 0 0 0 
_1.ptx 614 : 65536 408128 0 0 0 0 0 0 0 
_1.ptx 1438 : 15923 2285934 10112 0 0 0 0 0 0 
_1.ptx 615 : 65536 1148672 50176 0 0 0 0 0 0 
_1.ptx 1439 : 15923 2675505 13696 0 0 0 0 0 0 
_1.ptx 616 : 65536 407904 0 0 0 0 0 0 0 
_1.ptx 1440 : 15923 2502875 128 0 0 0 0 0 0 
_1.ptx 617 : 65536 1413600 56960 0 0 0 0 0 0 
_1.ptx 1441 : 15923 2452357 0 0 0 0 0 0 0 
_1.ptx 618 : 65536 408352 0 0 0 0 0 0 0 
_1.ptx 1442 : 15923 2617426 0 0 0 0 0 0 0 
_1.ptx 619 : 65536 1561728 49792 0 0 0 0 0 0 
_1.ptx 1443 : 15923 2773944 17280 0 0 0 0 0 0 
_1.ptx 620 : 65536 409472 0 0 0 0 0 0 0 
_1.ptx 1444 : 15923 2618712 128 0 0 0 0 0 0 
_1.ptx 621 : 65536 1662112 52608 0 0 0 0 0 0 
_1.ptx 1445 : 15923 100868 0 0 0 0 0 0 0 
_1.ptx 622 : 65536 408768 0 0 0 0 0 0 0 
_1.ptx 1446 : 15923 148037 0 0 0 0 0 0 0 
_1.ptx 623 : 65536 1713632 59392 0 0 0 0 0 0 
_1.ptx 1447 : 15923 134748 0 0 0 0 0 0 0 
_1.ptx 624 : 65536 409632 0 0 0 0 0 0 0 
_1.ptx 1448 : 15923 102962 0 0 0 0 0 0 0 
_1.ptx 625 : 65536 1672864 52096 0 0 0 0 0 0 
_1.ptx 1449 : 15923 148332 0 0 0 0 0 0 0 
_1.ptx 626 : 65536 411104 0 0 0 0 0 0 0 
_1.ptx 1450 : 15923 124192 128 0 0 0 0 0 0 
_1.ptx 627 : 65536 1317696 58624 0 0 0 0 0 0 
_1.ptx 1451 : 15923 103118 0 0 0 0 0 0 0 
_1.ptx 628 : 65536 410880 0 0 0 0 0 0 0 
_1.ptx 1452 : 15923 148296 0 0 0 0 0 0 0 
_1.ptx 629 : 65536 1368864 60928 0 0 0 0 0 0 
_1.ptx 1453 : 15923 125927 384 0 0 0 0 0 0 
_1.ptx 630 : 65536 410368 0 0 0 0 0 0 0 
_1.ptx 1454 : 15923 102655 0 0 0 0 0 0 0 
_1.ptx 631 : 65536 1432096 60928 0 0 0 0 0 0 
_1.ptx 1455 : 15923 148170 0 0 0 0 0 0 0 
_1.ptx 632 : 65536 412032 0 0 0 0 0 0 0 
_1.ptx 1456 : 15923 123100 0 0 0 0 0 0 0 
_1.ptx 633 : 65536 1497568 66816 0 0 0 0 0 0 
_1.ptx 1457 : 15923 166277 0 0 0 0 0 0 0 
_1.ptx 634 : 65536 411968 0 0 0 0 0 0 0 
_1.ptx 1458 : 15923 166641 0 0 0 0 0 0 0 
_1.ptx 635 : 65536 1496512 54784 0 0 0 0 0 0 
_1.ptx 1459 : 15923 107808 0 0 0 0 0 0 0 
_1.ptx 636 : 65536 412192 0 0 0 0 0 0 0 
_1.ptx 1460 : 15923 134265 0 0 0 0 0 0 0 
_1.ptx 637 : 65536 1532512 66688 0 0 0 0 0 0 
_1.ptx 1461 : 15923 35616 0 0 0 0 0 0 386 
_1.ptx 638 : 65536 412832 0 0 0 0 0 0 0 
_1.ptx 639 : 65536 1579840 57856 0 0 0 0 0 0 
_1.ptx 640 : 65536 414048 0 0 0 0 0 0 0 
_1.ptx 1464 : 65536 14423168 19712 0 0 4096 2048 0 0 
_1.ptx 641 : 65536 1580448 67328 0 0 0 0 0 0 
_1.ptx 1465 : 65536 5308800 0 0 0 0 0 0 0 
_1.ptx 642 : 65536 414560 0 0 0 0 0 0 0 
_1.ptx 1466 : 65536 488352 0 0 0 0 0 0 0 
_1.ptx 643 : 65536 1300480 70656 0 0 0 0 0 0 
_1.ptx 1467 : 65536 426496 0 0 0 0 0 0 0 
_1.ptx 644 : 65536 416256 0 0 0 0 0 0 0 
_1.ptx 1468 : 65536 738592 0 0 0 0 0 0 0 
_1.ptx 645 : 65536 421760 0 0 0 0 0 0 0 
_1.ptx 1469 : 65536 489408 0 0 0 0 0 0 0 
_1.ptx 646 : 65536 546080 0 0 0 0 0 0 0 
_1.ptx 1470 : 65536 4894976 0 0 0 0 0 0 0 
_1.ptx 647 : 65536 415968 0 0 0 0 0 0 0 
_1.ptx 1471 : 65536 492032 0 0 0 0 0 0 0 
_1.ptx 648 : 65536 422496 0 0 0 0 0 0 0 
_1.ptx 1472 : 65536 425088 0 0 0 0 0 0 0 
_1.ptx 649 : 65536 545824 0 0 0 0 0 0 0 
_1.ptx 1473 : 65536 740288 0 0 0 0 0 0 0 
_1.ptx 650 : 65536 423008 0 0 0 0 0 0 0 
_1.ptx 1474 : 65536 488384 0 0 0 0 0 0 0 
_1.ptx 651 : 65536 736832 0 0 0 0 0 0 0 
_1.ptx 1475 : 65536 488096 0 0 0 0 0 0 0 
_1.ptx 652 : 65536 418080 0 0 0 0 0 0 0 
_1.ptx 1476 : 65536 541664 0 0 0 0 0 0 0 
_1.ptx 653 : 65536 734464 0 0 0 0 0 0 0 
_1.ptx 1477 : 65536 4070912 128 0 0 0 0 0 0 
_1.ptx 654 : 65536 1381312 128 0 0 0 0 0 0 
_1.ptx 1478 : 65536 489952 0 0 0 0 0 0 0 
_1.ptx 655 : 65536 1221152 0 0 0 0 0 0 0 
_1.ptx 1479 : 65536 428832 0 0 0 0 0 0 0 
_1.ptx 656 : 65536 541568 0 0 0 0 0 0 0 
_1.ptx 1480 : 65536 740288 0 0 0 0 0 0 0 
_1.ptx 657 : 65536 489536 0 0 0 0 0 0 0 
_1.ptx 1481 : 65536 492512 0 0 0 0 0 0 0 
_1.ptx 658 : 65536 546528 0 0 0 0 0 0 0 
_1.ptx 1482 : 65536 486880 0 0 0 0 0 0 0 
_1.ptx 659 : 65536 490432 0 0 0 0 0 0 0 
_1.ptx 1483 : 65536 4393760 128 0 0 0 0 0 0 
_1.ptx 660 : 65536 549312 0 0 0 0 0 0 0 
_1.ptx 1484 : 65536 491328 0 0 0 0 0 0 0 
_1.ptx 661 : 65536 421504 0 0 0 0 0 0 0 
_1.ptx 1485 : 65536 430784 0 0 0 0 0 0 0 
_1.ptx 662 : 65536 542912 0 0 0 0 0 0 0 
_1.ptx 1486 : 65536 740736 0 0 0 0 0 0 0 
_1.ptx 663 : 65536 0 0 0 0 0 0 0 0 
_1.ptx 1487 : 65536 489696 0 0 0 0 0 0 0 
_1.ptx 1488 : 65536 490400 0 0 0 0 0 0 0 
_1.ptx 665 : 65536 822848 0 0 0 0 0 0 0 
_1.ptx 1489 : 65536 545568 0 0 0 0 0 0 0 
_1.ptx 666 : 65536 581920 0 0 0 0 0 0 0 
_1.ptx 1490 : 65536 545440 0 0 0 0 0 0 0 
_1.ptx 667 : 65536 737728 0 0 0 0 0 0 0 
_1.ptx 1491 : 65536 736256 0 0 0 0 0 0 0 
_1.ptx 668 : 65536 488608 0 0 0 0 0 0 0 
_1.ptx 1492 : 65536 549728 0 0 0 4096 2048 0 0 
_1.ptx 669 : 65536 735360 0 0 0 0 0 0 0 
_1.ptx 670 : 65536 740992 0 0 0 0 0 0 0 
_1.ptx 671 : 65536 427072 0 0 0 0 0 0 0 
_1.ptx 1495 : 65536 412256 0 0 0 0 0 0 0 
_1.ptx 672 : 65536 1180384 173824 0 0 4096 2048 0 0 
_1.ptx 674 : 65536 2075456 128 0 0 0 0 0 0 
_1.ptx 675 : 65536 1971264 0 0 0 0 0 0 0 
_1.ptx 676 : 65536 467424 0 0 0 0 0 0 0 
_1.ptx 678 : 65536 349280 0 0 0 0 0 0 0 
_1.ptx 679 : 65536 369280 0 0 0 0 0 0 0 
_1.ptx 680 : 65536 750368 0 0 0 0 0 0 0 
_1.ptx 681 : 65536 1352928 0 0 0 0 0 0 0 
_1.ptx 682 : 65536 548384 0 0 0 0 0 0 0 
_1.ptx 683 : 65536 539040 0 0 0 0 0 0 0 
_1.ptx 684 : 65536 409696 0 0 0 0 0 0 0 
_1.ptx 685 : 65536 753632 0 0 0 0 0 0 0 
_1.ptx 686 : 65536 405184 0 0 0 0 0 0 0 
_1.ptx 687 : 65536 760288 0 0 0 0 0 0 0 
_1.ptx 688 : 65536 520480 0 0 0 0 0 0 0 
_1.ptx 689 : 65536 518688 0 0 0 0 0 0 0 
_1.ptx 690 : 65536 519328 0 0 0 0 0 0 0 
_1.ptx 691 : 65536 451392 0 0 0 0 0 0 0 
_1.ptx 692 : 65536 3173184 0 0 0 0 0 0 0 
_1.ptx 693 : 65536 429248 0 0 0 0 0 0 0 
_1.ptx 694 : 65536 747040 0 0 0 0 0 0 0 
_1.ptx 695 : 65536 761376 0 0 0 0 0 0 0 
_1.ptx 696 : 65536 447008 0 0 0 0 0 0 0 
_1.ptx 697 : 65536 756864 0 0 0 0 0 0 0 
_1.ptx 698 : 65536 747712 0 0 0 0 0 0 0 
_1.ptx 699 : 65536 456192 0 0 0 0 0 0 0 
_1.ptx 700 : 65536 743328 0 0 0 0 0 0 0 
_1.ptx 701 : 65536 375968 0 0 0 0 0 0 0 
_1.ptx 702 : 65536 743840 0 0 0 0 0 0 0 
_1.ptx 703 : 65536 317216 0 0 0 0 0 0 0 
_1.ptx 704 : 65536 744896 0 0 0 0 0 0 0 
_1.ptx 705 : 65536 316288 0 0 0 0 0 0 0 
_1.ptx 706 : 65536 747232 0 0 0 0 0 0 0 
_1.ptx 707 : 65536 318528 0 0 0 0 0 0 0 
_1.ptx 708 : 65536 743712 0 0 0 0 0 0 0 
_1.ptx 709 : 65536 375168 0 0 0 0 0 0 0 
_1.ptx 710 : 65536 762336 0 0 0 0 0 0 0 
_1.ptx 711 : 65536 777184 0 0 0 0 0 0 0 
_1.ptx 712 : 65536 792992 0 0 0 0 0 0 0 
_1.ptx 713 : 65536 794816 0 0 0 0 0 0 0 
_1.ptx 714 : 65536 805568 0 0 0 0 0 0 0 
_1.ptx 715 : 65536 810784 0 0 0 0 0 0 0 
_1.ptx 716 : 65536 826112 0 0 0 0 0 0 0 
_1.ptx 717 : 65536 806176 0 0 0 0 0 0 0 
_1.ptx 718 : 65536 800608 0 0 0 0 0 0 0 
_1.ptx 719 : 65536 799296 0 0 0 0 0 0 0 
_1.ptx 720 : 65536 788352 0 0 0 0 0 0 0 
_1.ptx 721 : 65536 789760 0 0 0 0 0 0 0 
_1.ptx 722 : 65536 787840 0 0 0 0 0 0 0 
_1.ptx 723 : 65536 801696 0 0 0 0 0 0 0 
_1.ptx 724 : 65536 652160 0 0 0 0 0 0 0 
_1.ptx 725 : 65536 622848 0 0 0 0 0 0 0 
_1.ptx 726 : 65536 2001184 0 0 0 0 0 0 0 
_1.ptx 727 : 65536 772096 0 0 0 0 0 0 0 
_1.ptx 728 : 65536 767424 0 0 0 0 0 0 0 
_1.ptx 729 : 65536 782016 0 0 0 0 0 0 0 
_1.ptx 731 : 65536 453216 0 0 0 0 0 0 0 
_1.ptx 733 : 65536 499552 0 0 0 0 0 0 0 
_1.ptx 734 : 65536 514304 0 0 0 0 0 0 0 
_1.ptx 735 : 65536 498720 0 0 0 0 0 0 0 
_1.ptx 736 : 65536 491136 0 0 0 0 0 0 0 
_1.ptx 738 : 127467 1008793 0 0 0 0 0 0 0 
_1.ptx 739 : 127467 887315 0 0 0 0 0 0 0 
_1.ptx 740 : 127467 860353 0 0 0 0 0 0 0 
_1.ptx 744 : 509868 3718358 128 0 0 17236 17236 0 0 
_1.ptx 745 : 509868 3514247 0 0 0 17236 17236 0 0 
_1.ptx 746 : 509868 4086307 128 0 0 17236 17236 0 0 
_1.ptx 747 : 509868 3146630 0 0 0 17236 17236 0 0 
_1.ptx 748 : 509868 2871813 0 0 0 17236 17236 0 0 
_1.ptx 749 : 509868 3443521 0 0 0 0 0 0 0 
_1.ptx 750 : 509868 4431794 0 0 0 0 0 0 0 
_1.ptx 751 : 509868 2734490 0 0 0 0 0 0 0 
_1.ptx 753 : 127467 982543 0 0 0 0 0 0 0 
_1.ptx 754 : 127467 865138 0 0 0 0 0 0 0 
_1.ptx 755 : 127467 1088218 0 0 0 0 0 0 0 
_1.ptx 756 : 127467 864264 0 0 0 0 0 0 0 
_1.ptx 761 : 127467 1453028 0 0 0 0 0 0 0 
_1.ptx 762 : 127467 6195290 0 0 0 0 0 0 0 
_1.ptx 763 : 127467 843377 0 0 0 0 0 0 0 
_1.ptx 764 : 127467 854887 0 0 0 0 0 0 0 
_1.ptx 765 : 127467 1085727 0 0 0 0 0 0 0 
_1.ptx 766 : 127467 1211510 0 0 0 0 0 0 0 
_1.ptx 769 : 127467 1013782 0 0 0 0 0 0 0 
_1.ptx 770 : 127467 893526 0 0 0 0 0 0 0 
_1.ptx 773 : 382401 4492728 0 0 0 0 0 0 0 
_1.ptx 774 : 382401 1255607 0 0 0 0 0 0 0 
_1.ptx 775 : 382401 4533713 0 0 0 0 0 0 0 
_1.ptx 776 : 382401 4534198 0 0 0 0 0 0 0 
_1.ptx 777 : 382401 4568741 0 0 0 0 0 0 0 
_1.ptx 778 : 382401 4589098 0 0 0 0 0 0 0 
_1.ptx 779 : 382401 4589081 0 0 0 0 0 0 0 
_1.ptx 780 : 382401 4598437 0 0 0 0 0 0 0 
_1.ptx 781 : 382401 3754310 0 0 0 0 0 0 0 
_1.ptx 782 : 382401 3834200 0 0 0 0 0 0 0 
_1.ptx 783 : 382401 3742392 0 0 0 0 0 0 0 
_1.ptx 784 : 382401 3841663 0 0 0 0 0 0 0 
_1.ptx 785 : 382401 3396151 0 0 0 0 0 0 0 
_1.ptx 786 : 382401 3174128 0 0 0 0 0 0 0 
_1.ptx 787 : 382401 2775971 0 0 0 0 0 0 0 
_1.ptx 788 : 382401 3391687 0 0 0 0 0 0 0 
_1.ptx 789 : 382401 3158681 0 0 0 0 0 0 0 
_1.ptx 790 : 382401 3404738 0 0 0 0 0 0 0 
_1.ptx 791 : 382401 2781764 0 0 0 0 0 0 0 
_1.ptx 792 : 382401 3389670 0 0 0 0 0 0 0 
_1.ptx 793 : 382401 2004105 0 0 0 0 0 0 1523 
_1.ptx 794 : 105477 776667 0 0 0 0 0 0 0 
_1.ptx 795 : 105477 769982 0 0 0 0 0 0 0 
_1.ptx 797 : 276924 3285025 0 0 0 0 0 0 0 
_1.ptx 798 : 276924 3268083 0 0 0 0 0 0 0 
_1.ptx 799 : 276924 2439112 0 0 0 0 0 0 0 
_1.ptx 800 : 276924 142029 0 0 0 0 0 0 715 
_1.ptx 801 : 257599 1875204 0 0 0 0 0 0 0 
_1.ptx 802 : 257599 1900743 0 0 0 0 0 0 0 
_1.ptx 805 : 19325 226525 0 0 0 0 0 0 0 
_1.ptx 806 : 19325 320762 0 0 0 0 0 0 0 
_1.ptx 807 : 19325 228044 0 0 0 0 0 0 0 
_1.ptx 808 : 19325 231739 0 0 0 0 0 0 0 
_1.ptx 809 : 19325 187548 0 0 0 0 0 0 0 
_1.ptx 813 : 382401 3184765 0 0 0 0 0 0 0 
_1.ptx 815 : 509868 3656562 0 0 0 0 0 0 0 
_1.ptx 816 : 509868 4428934 0 0 0 0 0 0 0 
_1.ptx 817 : 509868 4110767 0 0 0 0 0 0 0 
_1.ptx 818 : 509868 4424523 0 0 0 0 0 0 0 
_1.ptx 819 : 509868 4111717 0 0 0 0 0 0 0 
_1.ptx 820 : 509868 4483435 0 0 0 0 0 0 0 
_1.ptx 821 : 509868 3583794 0 0 0 0 0 0 0 
_1.ptx 822 : 509868 4446443 0 0 0 0 0 0 0 
