kernel line : count latency dram_traffic smem_bk_conflicts smem_warp gmem_access_generated gmem_warp exposed_latency warp_divergence
_1.ptx 823 : 4096 24576 0 0 0 0 0 0 0 
_1.ptx 824 : 4096 24576 0 0 0 0 0 0 0 
_1.ptx 825 : 4096 60672 0 0 0 0 0 0 0 
_1.ptx 826 : 4096 24576 0 0 0 0 0 0 0 
_1.ptx 827 : 4096 45568 0 0 0 0 0 0 0 
_1.ptx 828 : 4096 29408 0 0 0 0 0 0 0 
_1.ptx 829 : 4096 24640 0 0 0 0 0 0 0 
_1.ptx 830 : 4096 33280 0 0 0 0 0 0 0 
_1.ptx 831 : 4096 0 0 0 0 0 0 0 0 
_1.ptx 832 : 4096 12288 0 0 0 0 0 0 0 
_1.ptx 833 : 4096 24576 0 0 0 0 0 0 0 
_1.ptx 834 : 4096 32832 0 0 0 0 0 0 0 
_1.ptx 835 : 4096 12288 0 0 0 0 0 0 0 
_1.ptx 836 : 4096 26048 0 0 0 0 0 0 0 
_1.ptx 837 : 4096 35136 0 0 0 0 0 0 0 
_1.ptx 838 : 4096 47904 0 0 0 0 0 0 0 
_1.ptx 839 : 4096 12288 0 0 0 0 0 0 0 
_1.ptx 840 : 4096 30080 0 0 0 0 0 0 0 
_1.ptx 841 : 4096 36992 0 0 0 0 0 0 0 
_1.ptx 842 : 4096 35072 0 0 0 0 0 0 0 
_1.ptx 843 : 4096 45664 0 0 0 0 0 0 0 
_1.ptx 844 : 4096 30208 0 0 0 0 0 0 0 
_1.ptx 845 : 4096 51296 0 0 0 0 0 0 0 
_1.ptx 846 : 4096 30528 0 0 0 0 0 0 0 
_1.ptx 847 : 4096 35904 0 0 0 0 0 0 0 
_1.ptx 848 : 4096 46432 0 0 0 0 0 0 0 
_1.ptx 849 : 4096 33344 0 0 0 0 0 0 0 
_1.ptx 850 : 4096 46080 0 0 0 0 0 0 0 
_1.ptx 851 : 4096 30528 0 0 0 0 0 0 0 
_1.ptx 852 : 4096 25632 0 0 0 0 0 0 0 
_1.ptx 853 : 4096 34176 0 0 0 0 0 0 0 
_1.ptx 854 : 4096 26912 0 0 0 0 0 0 0 
_1.ptx 855 : 4096 34208 0 0 0 0 0 0 0 
_1.ptx 856 : 4096 12288 0 0 0 0 0 0 0 
_1.ptx 857 : 4096 47040 0 0 0 0 0 0 0 
_1.ptx 858 : 4096 44096 0 0 0 0 0 0 0 
_1.ptx 859 : 4096 12288 0 0 0 0 0 0 0 
_1.ptx 860 : 4096 46464 0 0 0 0 0 0 0 
_1.ptx 861 : 4096 29120 0 0 0 0 0 0 0 
_1.ptx 862 : 4096 30016 0 0 0 0 0 0 0 
_1.ptx 863 : 4096 29888 0 0 0 0 0 0 0 
_1.ptx 864 : 4096 29824 0 0 0 0 0 0 0 
_1.ptx 865 : 4096 28864 0 0 0 0 0 0 0 
_1.ptx 866 : 4096 29568 0 0 0 0 0 0 0 
_1.ptx 867 : 4096 24576 0 0 0 0 0 0 0 
_1.ptx 868 : 4096 24576 0 0 0 0 0 0 0 
_1.ptx 869 : 4096 25536 0 0 0 0 0 0 0 
_1.ptx 870 : 4096 25376 0 0 0 0 0 0 0 
_1.ptx 873 : 4096 0 0 0 0 0 0 0 0 
_1.ptx 874 : 4096 29248 0 0 0 0 0 0 0 
_1.ptx 875 : 4096 26656 0 0 0 0 0 0 0 
_1.ptx 876 : 4096 26432 0 0 0 0 0 0 0 
_1.ptx 877 : 4096 25024 0 0 0 0 0 0 0 
_1.ptx 878 : 4096 29760 0 0 0 0 0 0 0 
_1.ptx 882 : 327680 1971424 0 0 0 0 0 0 0 
_1.ptx 883 : 327680 30642144 1310720 0 0 0 0 0 0 
_1.ptx 885 : 327680 1970176 0 0 0 0 0 0 0 
_1.ptx 886 : 327680 31321472 1310720 0 0 0 0 0 0 
_1.ptx 887 : 327680 3284960 0 0 0 0 0 0 0 
_1.ptx 888 : 327680 3285824 0 0 0 0 0 0 0 
_1.ptx 889 : 327680 3295936 0 0 0 0 0 0 0 
_1.ptx 890 : 327680 2631456 0 0 0 0 0 0 0 
_1.ptx 891 : 327680 1951808 0 0 0 0 0 0 0 
_1.ptx 894 : 4096 0 0 0 0 0 0 0 0 
_1.ptx 895 : 4096 28896 0 0 0 0 0 0 0 
_1.ptx 896 : 4096 24896 0 0 0 0 0 0 0 
_1.ptx 897 : 4096 24640 0 0 0 0 0 0 0 
_1.ptx 898 : 4096 24608 0 0 0 0 0 0 0 
_1.ptx 899 : 4096 28704 0 0 0 0 0 0 0 
_1.ptx 903 : 327680 126644160 1307648 0 0 0 0 0 0 
_1.ptx 904 : 327680 4254368 1307648 0 0 0 0 0 0 
_1.ptx 905 : 327680 3285152 0 0 0 0 0 0 0 
_1.ptx 906 : 327680 3284992 0 0 0 0 0 0 0 
_1.ptx 907 : 327680 3306144 0 0 0 0 0 0 0 
_1.ptx 908 : 327680 2629664 0 0 0 0 0 0 0 
_1.ptx 909 : 327680 1951584 0 0 0 0 0 0 0 
_1.ptx 911 : 4096 0 0 0 0 0 0 0 0 
_1.ptx 912 : 4096 29696 0 0 0 0 0 0 0 
_1.ptx 913 : 4096 26912 0 0 0 0 0 0 0 
_1.ptx 914 : 4096 29856 0 0 0 0 0 0 0 
_1.ptx 918 : 163840 1714144 0 0 0 0 0 0 0 
_1.ptx 919 : 163840 1233312 0 0 0 0 0 0 0 
_1.ptx 920 : 163840 1379200 0 0 0 0 0 0 0 
_1.ptx 921 : 163840 0 0 0 0 0 0 0 0 
_1.ptx 922 : 163840 1865408 0 0 0 0 0 0 0 
_1.ptx 923 : 163840 1709248 0 0 0 0 0 0 0 
_1.ptx 924 : 163840 492448 0 0 0 0 0 0 0 
_1.ptx 925 : 163840 2441344 0 0 0 0 0 0 0 
_1.ptx 926 : 163840 2834496 0 0 0 0 0 0 0 
_1.ptx 927 : 163840 1848864 0 0 0 0 0 0 0 
_1.ptx 928 : 163840 1240384 0 0 0 0 0 0 0 
_1.ptx 929 : 163840 1789728 0 0 0 0 0 0 0 
_1.ptx 930 : 163840 1852128 0 0 0 0 0 0 0 
_1.ptx 931 : 163840 1258048 0 0 0 0 0 0 0 
_1.ptx 932 : 163840 1753792 0 0 0 0 0 0 0 
_1.ptx 933 : 163840 1849536 0 0 0 0 0 0 0 
_1.ptx 934 : 163840 50022112 655360 0 0 0 0 0 0 
_1.ptx 935 : 163840 1850368 0 0 0 0 0 0 0 
_1.ptx 936 : 163840 1232320 0 0 0 0 0 0 0 
_1.ptx 937 : 163840 1135328 0 0 0 0 0 0 0 
_1.ptx 938 : 163840 1239296 0 0 0 0 0 0 0 
_1.ptx 942 : 9748480 109959232 0 0 0 0 0 0 0 
_1.ptx 943 : 9748480 73147648 0 0 0 0 0 0 0 
_1.ptx 944 : 9748480 103419776 0 0 0 0 0 0 0 
_1.ptx 945 : 9748480 110349504 0 0 0 0 0 0 0 
_1.ptx 946 : 9748480 39890272 0 0 0 0 0 0 0 
_1.ptx 948 : 9748480 109830784 0 0 0 0 0 0 0 
_1.ptx 949 : 9748480 2867076800 38386176 0 0 0 0 0 0 
_1.ptx 950 : 9748480 110090784 0 0 0 0 0 0 0 
_1.ptx 951 : 9748480 110424768 0 0 0 0 0 0 0 
_1.ptx 952 : 9748480 73361728 0 0 0 0 0 0 0 
_1.ptx 953 : 9748480 65302624 0 0 0 0 0 0 0 
_1.ptx 954 : 9748480 149893600 0 0 0 0 0 0 0 
_1.ptx 955 : 9748480 72883264 0 0 0 0 0 0 0 
_1.ptx 956 : 9748480 455656736 0 0 0 0 0 0 0 
_1.ptx 957 : 9748480 110023904 0 0 0 0 0 0 0 
_1.ptx 959 : 9748480 110438912 0 0 0 0 0 0 0 
_1.ptx 960 : 9748480 73357920 0 0 0 0 0 0 0 
_1.ptx 961 : 9748480 74431808 0 0 0 0 0 0 0 
_1.ptx 962 : 9748480 75105920 0 0 0 0 0 0 0 
_1.ptx 963 : 9748480 68703296 0 0 0 0 0 0 0 
_1.ptx 964 : 9748480 150113248 0 0 0 0 0 0 0 
_1.ptx 965 : 9748480 149059008 0 0 0 0 0 0 0 
_1.ptx 966 : 9748480 157780640 0 0 0 0 0 0 0 
_1.ptx 967 : 9748480 72875872 0 0 0 0 0 0 0 
_1.ptx 968 : 9748480 64269376 0 0 0 0 0 0 0 
_1.ptx 969 : 9748480 111664448 0 0 0 0 0 0 0 
_1.ptx 970 : 9748480 143903264 0 0 0 0 0 0 0 
_1.ptx 971 : 9748480 110400256 0 0 0 0 0 0 0 
_1.ptx 972 : 9748480 49873248 0 0 0 0 0 0 0 
_1.ptx 974 : 9748480 109924800 0 0 0 0 0 0 0 
_1.ptx 975 : 9748480 73242016 0 0 0 0 0 0 0 
_1.ptx 976 : 9748480 104587840 0 0 0 0 0 0 0 
_1.ptx 977 : 9748480 109815680 0 0 0 0 0 0 0 
_1.ptx 978 : 9748480 49453248 38993920 0 0 0 0 0 0 
_1.ptx 979 : 9748480 100726080 0 0 0 0 0 0 0 
_1.ptx 980 : 9748480 101288896 0 0 0 0 0 0 0 
_1.ptx 981 : 9748480 81499776 0 0 0 0 0 0 0 
_1.ptx 982 : 9748480 62157984 0 0 0 0 0 0 0 
_1.ptx 984 : 163840 1227584 0 0 0 0 0 0 0 
_1.ptx 985 : 163840 1370560 0 0 0 0 0 0 0 
_1.ptx 986 : 163840 1050880 0 0 0 0 0 0 0 
_1.ptx 989 : 4096 0 0 0 0 0 0 0 0 
_1.ptx 990 : 4096 29952 0 0 0 0 0 0 0 
_1.ptx 991 : 4096 29920 0 0 0 0 0 0 0 
_1.ptx 992 : 4096 30528 0 0 0 0 0 0 0 
_1.ptx 993 : 4096 27104 0 0 0 0 0 0 0 
_1.ptx 994 : 4096 26016 0 0 0 0 0 0 0 
_1.ptx 995 : 4096 42176 0 0 0 0 0 0 0 
_1.ptx 996 : 4096 45824 0 0 0 0 0 0 0 
_1.ptx 997 : 4096 12832 0 0 0 0 0 0 0 
_1.ptx 998 : 4096 26016 0 0 0 0 0 0 0 
_1.ptx 999 : 4096 26496 0 0 0 0 0 0 0 
_1.ptx 1000 : 4096 30368 0 0 0 0 0 0 0 
_1.ptx 1004 : 163840 1179136 0 0 0 0 0 0 0 
_1.ptx 1005 : 163840 61448128 555136 0 0 0 0 0 0 
_1.ptx 1006 : 163840 1816384 0 0 0 0 0 0 0 
_1.ptx 1007 : 163840 1183040 0 0 0 0 0 0 0 
_1.ptx 1008 : 163840 1028288 0 0 0 0 0 0 0 
_1.ptx 1009 : 163840 2475936 0 0 0 0 0 0 0 
_1.ptx 1010 : 163840 1173120 0 0 0 0 0 0 0 
_1.ptx 1011 : 163840 7566624 0 0 0 0 0 0 0 
_1.ptx 1013 : 163840 1489408 0 0 0 0 0 0 0 
_1.ptx 1015 : 163840 1019584 655360 0 0 0 0 0 0 
_1.ptx 1017 : 163840 1018848 655360 0 0 0 0 0 0 
_1.ptx 1018 : 163840 1656160 0 0 0 0 0 0 0 
_1.ptx 1019 : 163840 1665440 0 0 0 0 0 0 0 
_1.ptx 1020 : 163840 1667552 0 0 0 0 0 0 0 
_1.ptx 1021 : 163840 1680800 0 0 0 0 0 0 0 
_1.ptx 1022 : 163840 1341568 0 0 0 0 0 0 0 
_1.ptx 1023 : 163840 986016 0 0 0 0 0 0 0 
_1.ptx 1025 : 4096 0 0 0 0 0 0 0 0 
_1.ptx 1026 : 4096 29408 0 0 0 0 0 0 0 
_1.ptx 1027 : 4096 26304 0 0 0 0 0 0 0 
_1.ptx 1028 : 4096 25504 0 0 0 0 0 0 0 
_1.ptx 1029 : 4096 25600 0 0 0 0 0 0 0 
_1.ptx 1030 : 4096 29280 0 0 0 0 0 0 0 
_1.ptx 1034 : 163840 999296 0 0 0 0 0 0 0 
_1.ptx 1035 : 163840 1936480 655360 0 0 0 0 0 0 
_1.ptx 1037 : 163840 995264 0 0 0 0 0 0 0 
_1.ptx 1038 : 163840 2063520 655360 0 0 0 0 0 0 
_1.ptx 1039 : 163840 1651808 0 0 0 0 0 0 0 
_1.ptx 1040 : 163840 1654688 0 0 0 0 0 0 0 
_1.ptx 1041 : 163840 1661408 0 0 0 0 0 0 0 
_1.ptx 1042 : 163840 1322432 0 0 0 0 0 0 0 
_1.ptx 1043 : 163840 974848 0 0 0 0 0 0 0 
_1.ptx 1045 : 4096 0 0 0 0 0 0 0 0 
_1.ptx 1046 : 4096 29248 0 0 0 0 0 0 0 
_1.ptx 1047 : 4096 29024 0 0 0 0 0 0 0 
_1.ptx 1048 : 4096 29376 0 0 0 0 0 0 0 
_1.ptx 1049 : 4096 25664 0 0 0 0 0 0 0 
_1.ptx 1050 : 4096 25024 0 0 0 0 0 0 0 
_1.ptx 1051 : 4096 28992 0 0 0 0 0 0 0 
_1.ptx 1055 : 61440 291008 0 0 0 0 0 0 0 
_1.ptx 1056 : 61440 287104 0 0 0 0 0 0 0 
_1.ptx 1057 : 61440 435328 0 0 0 0 0 0 0 
_1.ptx 1058 : 61440 626688 0 0 0 0 0 0 0 
_1.ptx 1059 : 61440 679456 0 0 0 0 0 0 0 
_1.ptx 1060 : 61440 7951200 69632 0 0 0 0 0 0 
_1.ptx 1061 : 61440 680000 0 0 0 0 0 0 0 
_1.ptx 1062 : 61440 7969984 68224 0 0 0 0 0 0 
_1.ptx 1063 : 61440 557312 0 0 0 0 0 0 0 
_1.ptx 1064 : 61440 435680 0 0 0 0 0 0 0 
_1.ptx 1065 : 61440 376096 0 0 0 0 0 0 0 
_1.ptx 1066 : 61440 926720 0 0 0 0 0 0 0 
_1.ptx 1067 : 61440 439392 0 0 0 0 0 0 0 
_1.ptx 1068 : 61440 388096 0 0 0 0 0 0 0 
_1.ptx 1069 : 61440 497088 0 0 0 0 0 0 0 
_1.ptx 1070 : 61440 0 0 0 0 0 0 0 0 
_1.ptx 1072 : 61440 376384 0 0 0 0 0 0 0 
_1.ptx 1073 : 61440 556512 0 0 0 0 0 0 0 
_1.ptx 1075 : 61440 680384 0 0 0 0 0 0 0 
_1.ptx 1076 : 61440 4353600 8320 0 0 0 0 0 0 
_1.ptx 1077 : 61440 373440 0 0 0 0 0 0 0 
_1.ptx 1078 : 61440 557376 0 0 0 0 0 0 0 
_1.ptx 1079 : 61440 349856 0 0 0 0 0 0 0 
_1.ptx 1081 : 61440 682080 0 0 0 0 0 0 0 
_1.ptx 1082 : 61440 4116480 6912 0 0 0 0 0 0 
_1.ptx 1083 : 61440 372608 0 0 0 0 0 0 0 
_1.ptx 1084 : 61440 680640 0 0 0 0 0 0 0 
_1.ptx 1085 : 61440 345376 0 0 0 0 0 0 0 
_1.ptx 1087 : 61440 620704 0 0 0 0 0 0 0 
_1.ptx 1088 : 61440 621056 0 0 0 0 0 0 0 
_1.ptx 1089 : 61440 627744 0 0 0 0 0 0 0 
_1.ptx 1090 : 61440 495904 0 0 0 0 0 0 0 
_1.ptx 1091 : 61440 349792 0 0 0 0 0 0 0 
_1.ptx 1092 : 4096 25056 0 0 0 0 0 0 0 
_1.ptx 1096 : 4096 0 0 0 0 0 0 0 0 
_1.ptx 1097 : 4096 28960 0 0 0 0 0 0 0 
_1.ptx 1098 : 4096 45536 0 0 0 0 0 0 0 
_1.ptx 1099 : 4096 31648 0 0 0 0 0 0 0 
_1.ptx 1100 : 4096 41920 0 0 0 0 0 0 0 
_1.ptx 1101 : 4096 45280 0 0 0 0 0 0 0 
_1.ptx 1102 : 4096 45184 0 0 0 0 0 0 0 
_1.ptx 1103 : 4096 45568 0 0 0 0 0 0 0 
_1.ptx 1104 : 4096 30112 0 0 0 0 0 0 0 
_1.ptx 1105 : 4096 41728 0 0 0 0 0 0 0 
_1.ptx 1106 : 4096 45280 0 0 0 0 0 0 0 
_1.ptx 1107 : 4096 17856 0 0 0 0 0 0 0 
_1.ptx 1108 : 4096 29664 0 0 0 0 0 0 0 
_1.ptx 1112 : 163840 720736 0 0 0 0 0 0 0 
_1.ptx 1113 : 163840 1155136 0 0 0 0 0 0 0 
_1.ptx 1114 : 163840 685216 0 0 0 0 0 0 0 
_1.ptx 1115 : 163840 1481088 0 0 0 0 0 0 0 
_1.ptx 1116 : 163840 956480 0 0 0 0 0 0 0 
_1.ptx 1118 : 163840 49318016 640384 0 0 0 0 0 0 
_1.ptx 1119 : 163840 1807040 0 0 0 0 0 0 0 
_1.ptx 1120 : 163840 1157632 0 0 0 0 0 0 0 
_1.ptx 1121 : 163840 995680 0 0 0 0 0 0 0 
_1.ptx 1122 : 163840 2462208 0 0 0 0 0 0 0 
_1.ptx 1123 : 163840 1155712 0 0 0 0 0 0 0 
_1.ptx 1124 : 163840 9828032 0 0 0 0 0 0 0 
_1.ptx 1125 : 163840 48215712 624768 0 0 0 0 0 0 
_1.ptx 1126 : 163840 1807424 0 0 0 0 0 0 0 
_1.ptx 1127 : 163840 1807328 0 0 0 0 0 0 0 
_1.ptx 1128 : 163840 1153344 0 0 0 0 0 0 0 
_1.ptx 1129 : 163840 851648 0 0 0 0 0 0 0 
_1.ptx 1130 : 163840 1318560 0 0 0 0 0 0 0 
_1.ptx 1131 : 163840 24672 0 0 0 0 0 0 0 
_1.ptx 1133 : 159744 46998464 597248 0 0 0 0 0 0 
_1.ptx 1134 : 159744 1762208 0 0 0 0 0 0 0 
_1.ptx 1135 : 159744 840960 0 0 0 0 0 0 0 
_1.ptx 1137 : 159744 47099552 599168 0 0 0 0 0 0 
_1.ptx 1138 : 159744 1763808 0 0 0 0 0 0 0 
_1.ptx 1139 : 159744 1129920 0 0 0 0 0 0 0 
_1.ptx 1140 : 159744 984480 0 0 0 0 0 0 0 
_1.ptx 1141 : 159744 2402336 0 0 0 0 0 0 0 
_1.ptx 1142 : 159744 1128576 0 0 0 0 0 0 0 
_1.ptx 1143 : 159744 9392928 0 0 0 0 0 0 0 
_1.ptx 1144 : 159744 1761728 0 0 0 0 0 0 0 
_1.ptx 1145 : 159744 833472 0 0 0 0 0 0 0 
_1.ptx 1147 : 163840 1645024 0 0 0 0 0 0 0 
_1.ptx 1148 : 163840 1649344 0 0 0 0 0 0 0 
_1.ptx 1149 : 163840 1652384 0 0 0 0 0 0 0 
_1.ptx 1150 : 163840 1658400 0 0 0 0 0 0 0 
_1.ptx 1151 : 163840 1656864 0 0 0 0 0 0 0 
_1.ptx 1152 : 163840 1320992 0 0 0 0 0 0 0 
_1.ptx 1153 : 163840 967808 0 0 0 0 0 0 0 
_1.ptx 1155 : 4096 0 0 0 0 0 0 0 0 
_1.ptx 1156 : 4096 28832 0 0 0 0 0 0 0 
_1.ptx 1157 : 4096 25088 0 0 0 0 0 0 0 
_1.ptx 1158 : 4096 12416 0 0 0 0 0 0 0 
_1.ptx 1159 : 4096 24608 0 0 0 0 0 0 0 
_1.ptx 1160 : 4096 24704 0 0 0 0 0 0 0 
_1.ptx 1161 : 4096 28800 0 0 0 0 0 0 0 
_1.ptx 1165 : 163840 1147680 0 0 0 0 0 0 0 
_1.ptx 1166 : 163840 46190336 655360 0 0 0 0 0 0 
_1.ptx 1167 : 163840 1802720 0 0 0 0 0 0 0 
_1.ptx 1168 : 163840 1147776 0 0 0 0 0 0 0 
_1.ptx 1169 : 163840 983904 0 0 0 0 0 0 0 
_1.ptx 1170 : 163840 2458656 0 0 0 0 0 0 0 
_1.ptx 1171 : 163840 111424928 0 0 0 0 0 0 0 
_1.ptx 1172 : 163840 1148000 0 0 0 0 0 0 0 
_1.ptx 1173 : 163840 1639328 0 0 0 0 0 0 0 
_1.ptx 1174 : 163840 1639584 0 0 0 0 0 0 0 
_1.ptx 1175 : 163840 1311360 0 0 0 0 0 0 0 
_1.ptx 1176 : 163840 959104 0 0 0 0 0 0 0 
_1.ptx 1177 : 4096 24576 0 0 0 0 0 0 0 
_1.ptx 1182 : 4096 45056 0 0 0 0 0 0 0 
_1.ptx 1183 : 4096 0 0 0 0 0 0 0 0 
_1.ptx 1184 : 4096 28672 0 0 0 0 0 0 0 
_1.ptx 1185 : 4096 12288 0 0 0 0 0 0 0 
_1.ptx 1186 : 4096 45056 0 0 0 0 0 0 0 
_1.ptx 1187 : 4096 24576 0 0 0 0 0 0 0 
_1.ptx 1188 : 4096 28704 0 0 0 0 0 0 0 
_1.ptx 1189 : 4096 28736 0 0 0 0 0 0 0 
_1.ptx 1190 : 4096 24608 0 0 0 0 0 0 0 
_1.ptx 1191 : 4096 28736 0 0 0 0 0 0 0 
_1.ptx 1195 : 163840 35342464 323328 0 0 0 0 0 0 
_1.ptx 1196 : 163840 1802944 0 0 0 0 0 0 0 
_1.ptx 1197 : 163840 1148128 0 0 0 0 0 0 0 
_1.ptx 1198 : 163840 992896 0 0 0 0 0 0 0 
_1.ptx 1199 : 163840 2457984 0 0 0 0 0 0 0 
_1.ptx 1200 : 163840 120909120 0 0 0 0 0 0 0 
_1.ptx 1201 : 163840 1147456 0 0 0 0 0 0 0 
_1.ptx 1202 : 163840 820384 0 0 0 0 0 0 0 
_1.ptx 1203 : 163840 1639040 0 0 0 0 0 0 0 
_1.ptx 1204 : 163840 1638784 0 0 0 0 0 0 0 
_1.ptx 1205 : 163840 1310912 0 0 0 0 0 0 0 
_1.ptx 1206 : 163840 958656 0 0 0 0 0 0 0 
_1.ptx 1209 : 4096 28800 0 0 0 0 0 0 0 
_1.ptx 1210 : 4096 0 0 0 0 0 0 0 0 
_1.ptx 1211 : 4096 28736 0 0 0 0 0 0 0 
_1.ptx 1212 : 4096 28704 0 0 0 0 0 0 0 
_1.ptx 1213 : 4096 539264 0 0 0 0 0 0 0 
_1.ptx 1214 : 4096 45216 0 0 0 0 0 0 0 
_1.ptx 1215 : 4096 28800 0 0 0 0 0 0 0 
_1.ptx 1219 : 163840 46949824 651904 0 0 0 0 0 0 
_1.ptx 1220 : 163840 1804992 0 0 0 0 0 0 0 
_1.ptx 1221 : 163840 823488 0 0 0 0 0 0 0 
_1.ptx 1222 : 163840 1640640 0 0 0 0 0 0 0 
_1.ptx 1223 : 163840 1643168 0 0 0 0 0 0 0 
_1.ptx 1224 : 163840 1314368 0 0 0 0 0 0 0 
_1.ptx 1225 : 163840 961760 0 0 0 0 0 0 0 
_1.ptx 1228 : 4096 20544 16384 0 0 128 128 0 0 
_1.ptx 1230 : 4096 28864 0 0 0 0 0 0 0 
_1.ptx 1231 : 4096 0 0 0 0 0 0 0 0 
_1.ptx 1232 : 4096 28800 0 0 0 0 0 0 0 
_1.ptx 1233 : 4096 41120 0 0 0 0 0 0 0 
_1.ptx 1234 : 4096 28736 0 0 0 0 0 0 0 
_1.ptx 1237 : 163840 1319328 0 0 0 0 0 0 0 
_1.ptx 1238 : 163840 0 0 0 0 0 0 0 0 
_1.ptx 1239 : 163840 1810624 0 0 0 0 0 0 0 
_1.ptx 1240 : 163840 1649440 0 0 0 0 0 0 0 
_1.ptx 1241 : 163840 1812352 0 0 0 0 0 0 0 
_1.ptx 1242 : 163840 1890336 0 0 0 0 0 0 0 
_1.ptx 1243 : 163840 1172160 0 0 0 0 0 0 0 
_1.ptx 1244 : 163840 1751008 0 0 0 0 0 0 0 
_1.ptx 1245 : 163840 1818912 0 0 0 0 0 0 0 
_1.ptx 1246 : 163840 1174208 0 0 0 0 0 0 0 
_1.ptx 1247 : 163840 1695616 0 0 0 0 0 0 0 
_1.ptx 1248 : 163840 1810176 0 0 0 0 0 0 0 
_1.ptx 1249 : 163840 1809920 0 0 0 0 0 0 0 
_1.ptx 1250 : 163840 1161056 0 0 0 0 0 0 0 
_1.ptx 1251 : 163840 1708416 0 0 0 0 0 0 0 
_1.ptx 1252 : 163840 1810368 0 0 0 0 0 0 0 
_1.ptx 1253 : 163840 1809856 0 0 0 0 0 0 0 
_1.ptx 1254 : 163840 1808224 0 0 0 0 0 0 0 
_1.ptx 1255 : 163840 1161472 0 0 0 0 0 0 0 
_1.ptx 1256 : 163840 1725440 0 0 0 0 0 0 0 
_1.ptx 1257 : 163840 1808320 0 0 0 0 0 0 0 
_1.ptx 1258 : 163840 497984 0 0 0 0 0 0 0 
_1.ptx 1259 : 163840 993088 0 0 0 0 0 0 0 
_1.ptx 1260 : 163840 1175200 0 0 0 0 0 0 0 
_1.ptx 1264 : 9748480 2847088704 38712192 0 0 0 0 0 0 
_1.ptx 1265 : 9748480 39664224 0 0 0 0 0 0 0 
_1.ptx 1266 : 9748480 2960599136 38993920 0 0 0 0 0 0 
_1.ptx 1267 : 9748480 107584640 0 0 0 0 0 0 0 
_1.ptx 1268 : 9748480 88028480 0 0 0 0 0 0 0 
_1.ptx 1270 : 9748480 2847813024 38993920 0 0 0 0 0 0 
_1.ptx 1271 : 9748480 69002368 0 0 0 0 0 0 0 
_1.ptx 1272 : 9748480 107627456 0 0 0 0 0 0 0 
_1.ptx 1273 : 9748480 69110944 0 0 0 0 0 0 0 
_1.ptx 1274 : 9748480 60978080 0 0 0 0 0 0 0 
_1.ptx 1275 : 9748480 146609504 0 0 0 0 0 0 0 
_1.ptx 1276 : 9748480 69033632 0 0 0 0 0 0 0 
_1.ptx 1277 : 9748480 449876608 0 0 0 0 0 0 0 
_1.ptx 1279 : 9748480 107636416 0 0 0 0 0 0 0 
_1.ptx 1280 : 9748480 107584320 0 0 0 0 0 0 0 
_1.ptx 1281 : 9748480 107659520 0 0 0 0 0 0 0 
_1.ptx 1282 : 9748480 449601824 0 0 0 0 0 0 0 
_1.ptx 1283 : 9748480 88230880 0 0 0 0 0 0 0 
_1.ptx 1284 : 9748480 49300384 0 0 0 0 0 0 0 
_1.ptx 1285 : 9748480 98057856 0 0 0 0 0 0 0 
_1.ptx 1286 : 9748480 98361824 0 0 0 0 0 0 0 
_1.ptx 1287 : 9748480 98615200 0 0 0 0 0 0 0 
_1.ptx 1288 : 9748480 98704544 0 0 0 0 0 0 0 
_1.ptx 1289 : 9748480 98784928 0 0 0 0 0 0 0 
_1.ptx 1290 : 9748480 60465696 0 0 0 0 0 0 0 
_1.ptx 1291 : 9748480 78616256 0 0 0 0 0 0 0 
_1.ptx 1292 : 9748480 58126176 0 0 0 0 0 0 0 
_1.ptx 1294 : 163840 1648640 0 0 0 0 0 0 0 
_1.ptx 1295 : 163840 995904 0 0 0 0 0 0 0 
_1.ptx 1296 : 163840 1319648 0 0 0 0 0 0 0 
_1.ptx 1297 : 163840 968000 0 0 0 0 0 0 0 
_1.ptx 1300 : 4096 1160224 16384 0 0 0 0 0 0 
_1.ptx 1301 : 4096 20512 16384 0 0 128 128 0 0 
_1.ptx 1302 : 4096 45088 0 0 0 0 0 0 0 
_1.ptx 1303 : 4096 45376 0 0 0 0 0 0 0 
_1.ptx 1304 : 4096 45632 0 0 0 0 0 0 0 
_1.ptx 1305 : 4096 24992 0 0 0 0 0 0 0 
_1.ptx 1306 : 4096 32864 0 0 0 0 0 0 0 
_1.ptx 1307 : 4096 0 0 0 0 0 0 0 0 
_1.ptx 1310 : 4096 24640 0 0 0 0 0 0 0 
_1.ptx 1329 : 4096 24576 0 0 0 0 0 0 0 
_1.ptx 1330 : 4096 24576 0 0 0 0 0 0 0 
_1.ptx 1331 : 4096 60672 0 0 0 0 0 0 0 
_1.ptx 1332 : 4096 24576 0 0 0 0 0 0 0 
_1.ptx 1333 : 4096 45600 0 0 0 0 0 0 0 
_1.ptx 1334 : 4096 28800 0 0 0 0 0 0 0 
_1.ptx 1335 : 4096 24576 0 0 0 0 0 0 0 
_1.ptx 1336 : 4096 33152 0 0 0 0 0 0 0 
_1.ptx 1337 : 4096 0 0 0 0 0 0 0 0 
_1.ptx 1338 : 4096 1040992 128 0 0 0 0 0 0 
_1.ptx 1339 : 4096 24608 0 0 0 0 0 0 0 
_1.ptx 1340 : 4096 32896 0 0 0 0 0 0 0 
_1.ptx 1341 : 4096 12288 0 0 0 0 0 0 0 
_1.ptx 1342 : 4096 25056 0 0 0 0 0 0 0 
_1.ptx 1343 : 4096 33376 0 0 0 0 0 0 0 
_1.ptx 1344 : 4096 34464 0 0 0 0 0 0 0 
_1.ptx 1345 : 4096 1076352 128 0 0 0 0 0 0 
_1.ptx 1346 : 4096 24576 0 0 0 0 0 0 0 
_1.ptx 1347 : 4096 34240 0 0 0 0 0 0 0 
_1.ptx 1348 : 4096 24576 0 0 0 0 0 0 0 
_1.ptx 1349 : 4096 64352 0 0 0 0 0 0 0 
_1.ptx 1350 : 4096 28672 0 0 0 0 0 0 0 
_1.ptx 1351 : 4096 1043680 128 0 0 0 0 0 0 
_1.ptx 1352 : 4096 29024 0 0 0 0 0 0 0 
_1.ptx 1353 : 4096 47904 0 0 0 0 0 0 0 
_1.ptx 1354 : 4096 47072 0 0 0 0 0 0 0 
_1.ptx 1355 : 4096 43488 0 0 0 0 0 0 0 
_1.ptx 1356 : 4096 32640 0 0 0 0 0 0 0 
_1.ptx 1357 : 4096 30976 0 0 0 0 0 0 0 
_1.ptx 1358 : 4096 34688 0 0 0 0 0 0 0 
_1.ptx 1359 : 4096 35840 0 0 0 0 0 0 0 
_1.ptx 1360 : 4096 33056 0 0 0 0 0 0 0 
_1.ptx 1361 : 4096 32800 0 0 0 0 0 0 0 
_1.ptx 1362 : 4096 33056 0 0 0 0 0 0 0 
_1.ptx 1365 : 4096 0 0 0 0 0 0 0 0 
_1.ptx 1366 : 4096 35328 0 0 0 0 0 0 0 
_1.ptx 1367 : 4096 30016 0 0 0 0 0 0 0 
_1.ptx 1368 : 4096 31168 0 0 0 0 0 0 0 
_1.ptx 1369 : 4096 24864 0 0 0 0 0 0 0 
_1.ptx 1370 : 4096 29728 0 0 0 0 0 0 0 
_1.ptx 1374 : 327680 1993120 0 0 0 0 0 0 0 
_1.ptx 1375 : 327680 29928288 1310720 0 0 0 0 0 0 
_1.ptx 1377 : 327680 1990368 0 0 0 0 0 0 0 
_1.ptx 1378 : 327680 30494368 1310720 0 0 0 0 0 0 
_1.ptx 1379 : 327680 3299040 0 0 0 0 0 0 0 
_1.ptx 1380 : 327680 3313824 0 0 0 0 0 0 0 
_1.ptx 1381 : 327680 3318368 0 0 0 0 0 0 0 
_1.ptx 1382 : 327680 2647584 0 0 0 0 0 0 0 
_1.ptx 1383 : 327680 1974720 0 0 0 0 0 0 0 
_1.ptx 1386 : 4096 0 0 0 0 0 0 0 0 
_1.ptx 1387 : 4096 29376 0 0 0 0 0 0 0 
_1.ptx 1388 : 4096 25824 0 0 0 0 0 0 0 
_1.ptx 1389 : 4096 29280 0 0 0 0 0 0 0 
_1.ptx 1393 : 163840 1711616 0 0 0 0 0 0 0 
_1.ptx 1394 : 163840 1232320 0 0 0 0 0 0 0 
_1.ptx 1395 : 163840 1375040 0 0 0 0 0 0 0 
_1.ptx 1396 : 163840 0 0 0 0 0 0 0 0 
_1.ptx 1397 : 163840 1858688 0 0 0 0 0 0 0 
_1.ptx 1398 : 163840 1723040 0 0 0 0 0 0 0 
_1.ptx 1399 : 163840 692288 0 0 0 0 0 0 0 
_1.ptx 1400 : 163840 2537056 0 0 0 0 0 0 0 
_1.ptx 1401 : 163840 1235840 0 0 0 0 0 0 0 
_1.ptx 1402 : 163840 2738880 0 0 0 0 0 0 0 
_1.ptx 1403 : 163840 1871072 0 0 0 0 0 0 0 
_1.ptx 1404 : 163840 1289376 0 0 0 0 0 0 0 
_1.ptx 1405 : 163840 1906752 0 0 0 0 0 0 0 
_1.ptx 1406 : 163840 1865408 0 0 0 0 0 0 0 
_1.ptx 1407 : 163840 49490176 655360 0 0 0 0 0 0 
_1.ptx 1408 : 163840 1865056 0 0 0 0 0 0 0 
_1.ptx 1409 : 163840 1254240 0 0 0 0 0 0 0 
_1.ptx 1410 : 163840 1171008 0 0 0 0 0 0 0 
_1.ptx 1411 : 163840 1266816 0 0 0 0 0 0 0 
_1.ptx 1415 : 9748480 110879392 0 0 0 0 0 0 0 
_1.ptx 1416 : 9748480 72812544 0 0 0 0 0 0 0 
_1.ptx 1417 : 9748480 115794976 0 0 0 0 0 0 0 
_1.ptx 1418 : 9748480 110163200 0 0 0 0 0 0 0 
_1.ptx 1419 : 9748480 41858784 512 0 0 0 0 0 0 
_1.ptx 1421 : 9748480 109943296 0 0 0 0 0 0 0 
_1.ptx 1422 : 9748480 2433403424 28863360 0 0 0 0 0 0 
_1.ptx 1423 : 9748480 110802080 0 0 0 0 0 0 0 
_1.ptx 1424 : 9748480 111118208 0 0 0 0 0 0 0 
_1.ptx 1425 : 9748480 73705728 0 0 0 0 0 0 0 
_1.ptx 1426 : 9748480 65689472 0 0 0 0 0 0 0 
_1.ptx 1427 : 9748480 150025376 0 0 0 0 0 0 0 
_1.ptx 1428 : 9748480 73098912 0 0 0 0 0 0 0 
_1.ptx 1429 : 9748480 468404448 0 0 0 0 0 0 0 
_1.ptx 1430 : 9748480 110929344 0 0 0 0 0 0 0 
_1.ptx 1432 : 9748480 111461984 0 0 0 0 0 0 0 
_1.ptx 1433 : 9748480 74386304 0 0 0 0 0 0 0 
_1.ptx 1434 : 9748480 75719040 0 0 0 0 0 0 0 
_1.ptx 1435 : 9748480 76244800 0 0 0 0 0 0 0 
_1.ptx 1436 : 9748480 69924896 0 0 0 0 0 0 0 
_1.ptx 1437 : 9748480 150524480 0 0 0 0 0 0 0 
_1.ptx 1438 : 9748480 149016064 0 0 0 0 0 0 0 
_1.ptx 1439 : 9748480 157980256 0 0 0 0 0 0 0 
_1.ptx 1440 : 9748480 73328128 0 0 0 0 0 0 0 
_1.ptx 1441 : 9748480 65097024 0 0 0 0 0 0 0 
_1.ptx 1442 : 9748480 113033600 0 0 0 0 0 0 0 
_1.ptx 1443 : 9748480 153598624 0 0 0 0 0 0 0 
_1.ptx 1444 : 9748480 111490496 0 0 0 0 0 0 0 
_1.ptx 1445 : 9748480 50412640 0 0 0 0 0 0 0 
_1.ptx 1446 : 9748480 102007328 0 0 0 0 0 0 0 
_1.ptx 1447 : 9748480 102948032 0 0 0 0 0 0 0 
_1.ptx 1448 : 9748480 82482496 0 0 0 0 0 0 0 
_1.ptx 1449 : 9748480 62225568 0 0 0 0 0 0 0 
_1.ptx 1451 : 163840 1243744 0 0 0 0 0 0 0 
_1.ptx 1452 : 163840 1386976 0 0 0 0 0 0 0 
_1.ptx 1453 : 163840 1033120 0 0 0 0 0 0 0 
_1.ptx 1456 : 4096 0 0 0 0 0 0 0 0 
_1.ptx 1457 : 4096 46208 0 0 0 0 0 0 0 
_1.ptx 1458 : 4096 30720 0 0 0 0 0 0 0 
_1.ptx 1459 : 4096 28064 0 0 0 0 0 0 0 
_1.ptx 1460 : 4096 30240 0 0 0 0 0 0 0 
_1.ptx 1461 : 4096 382368 0 0 0 0 0 0 0 
_1.ptx 1462 : 4096 46368 0 0 0 0 0 0 0 
_1.ptx 1463 : 4096 30752 0 0 0 0 0 0 0 
_1.ptx 1464 : 4096 30688 0 0 0 0 0 0 0 
_1.ptx 1465 : 4096 12288 0 0 0 0 0 0 0 
_1.ptx 1466 : 4096 26272 0 0 0 0 0 0 0 
_1.ptx 1467 : 4096 26912 0 0 0 0 0 0 0 
_1.ptx 1468 : 4096 30784 0 0 0 0 0 0 0 
_1.ptx 1472 : 163840 1189536 0 0 0 0 0 0 0 
_1.ptx 1473 : 163840 33224384 268800 0 0 0 0 0 0 
_1.ptx 1474 : 163840 1817024 0 0 0 0 0 0 0 
_1.ptx 1475 : 163840 1173440 0 0 0 0 0 0 0 
_1.ptx 1476 : 163840 1015808 0 0 0 0 0 0 0 
_1.ptx 1477 : 163840 2473760 0 0 0 0 0 0 0 
_1.ptx 1478 : 163840 76274048 0 0 0 0 0 0 0 
_1.ptx 1479 : 163840 1163552 0 0 0 0 0 0 0 
_1.ptx 1481 : 163840 1489024 0 0 0 0 0 0 0 
_1.ptx 1483 : 163840 833952 655360 0 0 0 0 0 0 
_1.ptx 1485 : 163840 822336 655360 0 0 0 0 0 0 
_1.ptx 1486 : 163840 1664864 0 0 0 0 0 0 0 
_1.ptx 1487 : 163840 1671936 0 0 0 0 0 0 0 
_1.ptx 1488 : 163840 1675904 0 0 0 0 0 0 0 
_1.ptx 1489 : 163840 1683904 0 0 0 0 0 0 0 
_1.ptx 1490 : 163840 1460352 0 0 0 0 0 0 0 
_1.ptx 1491 : 163840 994144 0 0 0 0 0 0 0 
_1.ptx 1493 : 4096 0 0 0 0 0 0 0 0 
_1.ptx 1494 : 4096 29248 0 0 0 0 0 0 0 
_1.ptx 1495 : 4096 29216 0 0 0 0 0 0 0 
_1.ptx 1496 : 4096 29280 0 0 0 0 0 0 0 
_1.ptx 1497 : 4096 25696 0 0 0 0 0 0 0 
_1.ptx 1498 : 4096 25440 0 0 0 0 0 0 0 
_1.ptx 1499 : 4096 29312 0 0 0 0 0 0 0 
_1.ptx 1503 : 61440 321632 128 0 0 0 0 0 0 
_1.ptx 1504 : 61440 433472 0 0 0 0 0 0 0 
_1.ptx 1505 : 61440 8512224 0 0 0 0 0 0 0 
_1.ptx 1506 : 61440 678464 0 0 0 0 0 0 0 
_1.ptx 1507 : 61440 4255104 29696 0 0 0 0 0 0 
_1.ptx 1508 : 61440 331648 256 0 0 0 0 0 0 
_1.ptx 1509 : 61440 678432 0 0 0 0 0 0 0 
_1.ptx 1510 : 61440 4448032 34432 0 0 0 0 0 0 
_1.ptx 1511 : 61440 555136 0 0 0 0 0 0 0 
_1.ptx 1512 : 61440 434880 0 0 0 0 0 0 0 
_1.ptx 1513 : 61440 374816 0 0 0 0 0 0 0 
_1.ptx 1514 : 61440 926880 0 0 0 0 0 0 0 
_1.ptx 1515 : 61440 438496 0 0 0 0 0 0 0 
_1.ptx 1517 : 61440 441248 0 0 0 0 0 0 0 
_1.ptx 1518 : 61440 444352 0 0 0 0 0 0 0 
_1.ptx 1519 : 61440 395040 0 0 0 0 0 0 0 
_1.ptx 1520 : 61440 991264 0 0 0 0 0 0 0 
_1.ptx 1521 : 61440 442304 0 0 0 0 0 0 0 
_1.ptx 1522 : 61440 381184 0 0 0 0 0 0 0 
_1.ptx 1523 : 61440 499232 0 0 0 0 0 0 0 
_1.ptx 1524 : 61440 557408 0 0 0 0 0 0 0 
_1.ptx 1525 : 61440 619488 0 0 0 0 0 0 0 
_1.ptx 1526 : 61440 625056 0 0 0 0 0 0 0 
_1.ptx 1527 : 61440 624864 0 0 0 0 0 0 0 
_1.ptx 1528 : 61440 495680 0 0 0 0 0 0 0 
_1.ptx 1529 : 61440 347392 0 0 0 0 0 0 0 
_1.ptx 1530 : 4096 24608 0 0 0 0 0 0 0 
_1.ptx 1534 : 4096 0 0 0 0 0 0 0 0 
_1.ptx 1535 : 4096 28992 0 0 0 0 0 0 0 
_1.ptx 1536 : 4096 24992 0 0 0 0 0 0 0 
_1.ptx 1537 : 4096 12288 0 0 0 0 0 0 0 
_1.ptx 1538 : 4096 24768 0 0 0 0 0 0 0 
_1.ptx 1539 : 4096 24704 0 0 0 0 0 0 0 
_1.ptx 1540 : 4096 28736 0 0 0 0 0 0 0 
_1.ptx 1544 : 163840 1157472 0 0 0 0 0 0 0 
_1.ptx 1545 : 163840 46219744 655360 0 0 0 0 0 0 
_1.ptx 1546 : 163840 1807392 0 0 0 0 0 0 0 
_1.ptx 1547 : 163840 1152640 0 0 0 0 0 0 0 
_1.ptx 1548 : 163840 988640 0 0 0 0 0 0 0 
_1.ptx 1549 : 163840 2461920 0 0 0 0 0 0 0 
_1.ptx 1550 : 163840 72355232 0 0 0 0 0 0 0 
_1.ptx 1551 : 163840 1151744 0 0 0 0 0 0 0 
_1.ptx 1552 : 163840 1646656 0 0 0 0 0 0 0 
_1.ptx 1553 : 163840 1645312 0 0 0 0 0 0 0 
_1.ptx 1554 : 163840 1317184 0 0 0 0 0 0 0 
_1.ptx 1555 : 163840 968960 0 0 0 0 0 0 0 
_1.ptx 1556 : 4096 24608 0 0 0 0 0 0 0 
_1.ptx 1561 : 4096 45088 0 0 0 0 0 0 0 
_1.ptx 1563 : 4096 20480 16384 0 0 128 128 0 0 
_1.ptx 1564 : 4096 45088 0 0 0 0 0 0 0 
_1.ptx 1565 : 4096 45120 0 0 0 0 0 0 0 
_1.ptx 1566 : 4096 24704 0 0 0 0 0 0 0 
_1.ptx 1567 : 4096 32768 0 0 0 0 0 0 0 
_1.ptx 1568 : 4096 0 0 0 0 0 0 0 0 
_1.ptx 1571 : 4096 24608 0 0 0 0 0 0 0 
