kernel line : count latency dram_traffic smem_bk_conflicts smem_warp gmem_access_generated gmem_warp exposed_latency warp_divergence
_1.ptx 409 : 1885 17778 0 0 0 0 0 0 0 
_1.ptx 410 : 1885 14346 0 0 0 0 0 0 0 
_1.ptx 411 : 1885 14593 0 0 0 0 0 0 0 
_1.ptx 412 : 1885 14340 0 0 0 0 0 0 0 
_1.ptx 413 : 1885 15778 0 0 0 0 0 0 0 
_1.ptx 414 : 1885 14306 0 0 0 0 0 0 0 
_1.ptx 415 : 1885 12847 0 0 0 0 0 0 0 
_1.ptx 418 : 915 10550 0 0 0 0 0 0 0 
_1.ptx 419 : 915 5934 0 0 0 0 0 0 0 
_1.ptx 420 : 915 6167 0 0 0 0 0 0 0 
_1.ptx 421 : 915 8583 0 0 0 0 0 0 0 
_1.ptx 422 : 915 6159 0 0 0 0 0 0 0 
_1.ptx 423 : 915 8625 0 0 0 0 0 0 0 
_1.ptx 424 : 915 6279 0 0 0 0 0 0 0 
_1.ptx 425 : 915 8616 0 0 0 0 0 0 0 
_1.ptx 426 : 915 10348 0 0 0 0 0 0 0 
_1.ptx 427 : 915 8796 0 0 0 0 0 0 0 
_1.ptx 429 : 915 11441 0 0 0 0 0 0 0 
_1.ptx 430 : 915 6405 0 0 0 0 0 0 0 
_1.ptx 431 : 915 7820 0 0 0 0 0 0 0 
_1.ptx 432 : 915 8580 0 0 0 0 0 0 0 
_1.ptx 435 : 2800 21255 0 0 0 0 0 0 0 
_1.ptx 436 : 2800 19429 0 0 0 0 0 0 0 
_1.ptx 437 : 2800 43060 0 0 0 0 0 0 0 
_1.ptx 438 : 2800 21839 0 0 0 0 0 0 0 
_1.ptx 439 : 2800 8572 0 0 0 0 0 0 0 
_1.ptx 440 : 2800 29161 0 0 0 0 0 0 0 
_1.ptx 441 : 2800 31588 0 0 0 0 0 0 0 
_1.ptx 442 : 2800 21150 0 0 0 0 0 0 0 
_1.ptx 443 : 2800 29201 0 0 0 0 0 0 0 
_1.ptx 444 : 2800 31528 0 0 0 0 0 0 0 
_1.ptx 445 : 2800 14519 3264 0 0 2800 2800 0 0 
_1.ptx 447 : 2800 18005 0 0 0 0 0 0 0 
_1.ptx 464 : 280 1692 0 0 0 0 0 0 0 
_1.ptx 465 : 280 3180 0 0 0 0 0 0 0 
_1.ptx 466 : 280 840 0 0 0 0 0 0 0 
_1.ptx 467 : 280 1987 0 0 0 0 0 0 0 
_1.ptx 468 : 280 3316 0 0 0 0 0 0 0 
_1.ptx 469 : 280 3098 0 0 0 0 0 0 0 
_1.ptx 470 : 280 45384 1280 0 0 280 280 0 0 
_1.ptx 471 : 280 1699 0 0 0 0 0 0 0 
_1.ptx 472 : 280 2954 0 0 0 0 0 0 0 
_1.ptx 473 : 280 2072 0 0 0 0 0 0 0 
_1.ptx 474 : 280 2891 0 0 0 0 0 0 0 
_1.ptx 65 : 28392 196470 0 0 0 0 0 0 0 
_1.ptx 475 : 280 2101 0 0 0 0 0 0 0 
_1.ptx 66 : 28392 534362 0 0 0 0 0 0 0 
_1.ptx 476 : 280 2055 0 0 0 0 0 0 0 
_1.ptx 67 : 28392 4134194 128 0 0 0 0 0 0 
_1.ptx 477 : 280 844 0 0 0 0 0 0 0 
_1.ptx 68 : 28392 226955 0 0 0 0 0 0 0 
_1.ptx 69 : 28392 576623 0 0 0 0 0 0 0 
_1.ptx 70 : 28392 340359 0 0 0 0 0 0 0 
_1.ptx 71 : 28392 2567819 640 0 0 1008 1008 0 0 
_1.ptx 481 : 28000 209416 0 0 0 0 0 0 0 
_1.ptx 72 : 28392 209818 0 0 0 0 0 0 0 
_1.ptx 482 : 28000 293492 0 0 0 0 0 0 0 
_1.ptx 73 : 28392 444572 0 0 0 0 0 0 0 
_1.ptx 483 : 28000 316103 0 0 0 0 0 0 0 
_1.ptx 74 : 28392 207609 0 0 0 0 0 0 0 
_1.ptx 484 : 28000 255760 0 0 0 28000 28000 0 0 
_1.ptx 75 : 28392 486630 0 0 0 0 0 0 0 
_1.ptx 485 : 28000 211182 2816 0 0 28000 28000 0 0 
_1.ptx 76 : 28392 203552 0 0 0 0 0 0 0 
_1.ptx 486 : 28000 261834 0 0 0 0 0 0 0 
_1.ptx 77 : 28392 537425 0 0 0 0 0 0 0 
_1.ptx 487 : 28000 297210 0 0 0 0 0 0 0 
_1.ptx 78 : 28392 238634 0 0 0 0 0 0 0 
_1.ptx 488 : 28000 294971 0 0 0 0 0 0 0 
_1.ptx 79 : 28392 324741 0 0 0 0 0 0 0 
_1.ptx 489 : 28000 296917 0 0 0 0 0 0 0 
_1.ptx 80 : 28392 338533 0 0 0 0 0 0 0 
_1.ptx 490 : 28000 242959 0 0 0 0 0 0 0 
_1.ptx 81 : 28392 224087 0 0 0 0 0 0 0 
_1.ptx 491 : 28000 182807 0 0 0 0 0 0 0 
_1.ptx 82 : 28392 244232 0 0 0 0 0 0 0 
_1.ptx 83 : 28392 218488 0 0 0 0 0 0 0 
_1.ptx 493 : 280 2112 0 0 0 0 0 0 0 
_1.ptx 494 : 280 1891 0 0 0 0 0 0 0 
_1.ptx 495 : 280 4267 0 0 0 0 0 0 0 
_1.ptx 496 : 280 2088 0 0 0 0 0 0 0 
_1.ptx 87 : 709800 8279810 128 0 0 0 0 0 0 
_1.ptx 497 : 280 2150 0 0 0 0 0 0 0 
_1.ptx 88 : 709800 8467965 0 0 0 0 0 0 0 
_1.ptx 498 : 280 2191 0 0 0 0 0 0 0 
_1.ptx 89 : 709800 8478911 0 0 0 0 0 0 0 
_1.ptx 499 : 280 1889 0 0 0 0 0 0 0 
_1.ptx 90 : 709800 6223234 0 0 0 0 0 0 0 
_1.ptx 500 : 280 2333 0 0 0 0 0 0 0 
_1.ptx 91 : 709800 8105506 0 0 0 0 0 0 0 
_1.ptx 501 : 280 161 0 0 0 0 0 0 0 
_1.ptx 92 : 709800 8507824 0 0 0 0 0 0 0 
_1.ptx 93 : 709800 21704806 94208 0 0 115134 25200 0 0 
_1.ptx 503 : 256 2922 0 0 0 0 0 0 0 
_1.ptx 94 : 709800 8148045 0 0 0 25200 25200 0 0 
_1.ptx 504 : 256 1665 0 0 0 0 0 0 0 
_1.ptx 95 : 709800 7156053 0 0 0 0 0 0 0 
_1.ptx 505 : 256 2873 0 0 0 0 0 0 0 
_1.ptx 96 : 709800 7985261 0 0 0 0 0 0 0 
_1.ptx 506 : 256 1918 0 0 0 0 0 0 0 
_1.ptx 97 : 709800 8078381 0 0 0 0 0 0 0 
_1.ptx 507 : 256 1687 0 0 0 0 0 0 0 
_1.ptx 98 : 709800 8017914 0 0 0 0 0 0 0 
_1.ptx 508 : 256 1698 0 0 0 0 0 0 0 
_1.ptx 99 : 709800 6608974 0 0 0 0 0 0 0 
_1.ptx 509 : 256 2360 0 0 0 0 0 0 0 
_1.ptx 100 : 709800 5397940 0 0 0 0 0 0 0 
_1.ptx 510 : 256 2356 0 0 0 0 0 0 0 
_1.ptx 511 : 256 1656 0 0 0 0 0 0 0 
_1.ptx 102 : 28392 267586 0 0 0 0 0 0 0 
_1.ptx 512 : 256 2861 0 0 0 0 0 0 0 
_1.ptx 103 : 28392 244890 0 0 0 0 0 0 0 
_1.ptx 104 : 28392 477667 0 0 0 0 0 0 0 
_1.ptx 514 : 256 4864 0 0 0 0 0 0 0 
_1.ptx 105 : 28392 271177 0 0 0 0 0 0 0 
_1.ptx 515 : 256 6162 0 0 0 0 0 0 0 
_1.ptx 106 : 28392 268098 0 0 0 0 0 0 0 
_1.ptx 516 : 256 2912 0 0 0 0 0 0 0 
_1.ptx 107 : 28392 268277 0 0 0 0 0 0 0 
_1.ptx 108 : 28392 242922 0 0 0 0 0 0 0 
_1.ptx 518 : 256 1645 0 0 0 0 0 0 0 
_1.ptx 109 : 28392 276973 0 0 0 0 0 0 0 
_1.ptx 519 : 256 1767 0 0 0 0 0 0 0 
_1.ptx 110 : 28392 155624 0 0 0 0 0 0 862 
_1.ptx 520 : 256 1801 0 0 0 0 0 0 0 
_1.ptx 521 : 256 1754 0 0 0 0 0 0 0 
_1.ptx 112 : 9895 126508 0 0 0 0 0 0 0 
_1.ptx 522 : 256 2872 0 0 0 0 0 0 0 
_1.ptx 113 : 9895 82127 0 0 0 0 0 0 0 
_1.ptx 523 : 256 12463 0 0 0 0 0 0 0 
_1.ptx 114 : 9895 131111 0 0 0 0 0 0 0 
_1.ptx 524 : 256 2876 0 0 0 0 0 0 0 
_1.ptx 115 : 9895 92685 0 0 0 0 0 0 0 
_1.ptx 525 : 256 1624 0 0 0 0 0 0 0 
_1.ptx 116 : 9895 84368 0 0 0 0 0 0 0 
_1.ptx 526 : 256 2115 0 0 0 0 0 0 0 
_1.ptx 117 : 9895 85009 0 0 0 0 0 0 0 
_1.ptx 527 : 256 2339 0 0 0 0 0 0 0 
_1.ptx 118 : 9895 102085 0 0 0 0 0 0 0 
_1.ptx 528 : 256 1866 0 0 0 0 0 0 0 
_1.ptx 119 : 9895 103241 0 0 0 0 0 0 0 
_1.ptx 529 : 256 1870 0 0 0 0 0 0 0 
_1.ptx 120 : 9895 84374 0 0 0 0 0 0 0 
_1.ptx 530 : 256 1889 0 0 0 0 0 0 0 
_1.ptx 121 : 9895 127789 0 0 0 0 0 0 0 
_1.ptx 531 : 256 2095 0 0 0 0 0 0 0 
_1.ptx 532 : 256 1869 0 0 0 0 0 0 0 
_1.ptx 123 : 9895 205753 0 0 0 0 0 0 0 
_1.ptx 533 : 256 1638 0 0 0 0 0 0 0 
_1.ptx 124 : 9895 239989 0 0 0 0 0 0 0 
_1.ptx 125 : 9895 132397 0 0 0 0 0 0 0 
_1.ptx 536 : 24 276 0 0 0 0 0 0 0 
_1.ptx 127 : 9895 85821 0 0 0 0 0 0 0 
_1.ptx 537 : 24 152 0 0 0 0 0 0 0 
_1.ptx 128 : 9895 87283 0 0 0 0 0 0 0 
_1.ptx 538 : 24 153 0 0 0 0 0 0 0 
_1.ptx 129 : 9895 88077 0 0 0 0 0 0 0 
_1.ptx 539 : 24 218 0 0 0 0 0 0 0 
_1.ptx 130 : 9895 84725 0 0 0 0 0 0 0 
_1.ptx 540 : 24 150 0 0 0 0 0 0 0 
_1.ptx 131 : 9895 123831 0 0 0 0 0 0 0 
_1.ptx 541 : 24 221 0 0 0 0 0 0 0 
_1.ptx 132 : 9895 502299 0 0 0 0 0 0 0 
_1.ptx 542 : 24 149 0 0 0 0 0 0 0 
_1.ptx 133 : 9895 125879 0 0 0 0 0 0 0 
_1.ptx 543 : 24 217 0 0 0 0 0 0 0 
_1.ptx 134 : 9895 85375 0 0 0 0 0 0 0 
_1.ptx 544 : 24 273 0 0 0 0 0 0 0 
_1.ptx 135 : 9895 97210 0 0 0 0 0 0 0 
_1.ptx 545 : 24 224 0 0 0 0 0 0 0 
_1.ptx 136 : 9895 102580 0 0 0 0 0 0 0 
_1.ptx 137 : 9895 91103 0 0 0 0 0 0 0 
_1.ptx 547 : 24 295 0 0 0 0 0 0 0 
_1.ptx 138 : 9895 91281 0 0 0 0 0 0 0 
_1.ptx 548 : 24 165 0 0 0 0 0 0 0 
_1.ptx 139 : 9895 91578 0 0 0 0 0 0 0 
_1.ptx 549 : 24 201 0 0 0 0 0 0 0 
_1.ptx 140 : 9895 95542 0 0 0 0 0 0 0 
_1.ptx 550 : 24 219 0 0 0 0 0 0 0 
_1.ptx 141 : 9895 93752 0 0 0 0 0 0 0 
_1.ptx 142 : 9895 84279 0 0 0 0 0 0 0 
_1.ptx 553 : 280 2038 0 0 0 0 0 0 0 
_1.ptx 554 : 280 1783 0 0 0 0 0 0 0 
_1.ptx 145 : 18497 241663 0 0 0 0 0 0 0 
_1.ptx 555 : 280 5302 0 0 0 0 0 0 0 
_1.ptx 146 : 18497 153350 0 0 0 0 0 0 0 
_1.ptx 556 : 280 3057 0 0 0 0 0 0 0 
_1.ptx 147 : 18497 158315 0 0 0 0 0 0 0 
_1.ptx 557 : 280 843 0 0 0 0 0 0 0 
_1.ptx 148 : 18497 193341 0 0 0 0 0 0 0 
_1.ptx 558 : 280 2923 0 0 0 0 0 0 0 
_1.ptx 149 : 18497 155082 0 0 0 0 0 0 0 
_1.ptx 559 : 280 3277 0 0 0 0 0 0 0 
_1.ptx 150 : 18497 191879 0 0 0 0 0 0 0 
_1.ptx 560 : 280 2050 0 0 0 0 0 0 0 
_1.ptx 151 : 18497 156374 0 0 0 0 0 0 0 
_1.ptx 561 : 280 3050 0 0 0 0 0 0 0 
_1.ptx 152 : 18497 192466 0 0 0 0 0 0 0 
_1.ptx 562 : 280 3110 0 0 0 0 0 0 0 
_1.ptx 153 : 18497 239693 0 0 0 0 0 0 0 
_1.ptx 563 : 280 1425 1024 0 0 280 280 0 0 
_1.ptx 154 : 18497 193170 0 0 0 0 0 0 0 
_1.ptx 565 : 280 1738 0 0 0 0 0 0 0 
_1.ptx 156 : 18497 238753 0 0 0 0 0 0 0 
_1.ptx 157 : 18497 154035 0 0 0 0 0 0 0 
_1.ptx 158 : 18497 180817 0 0 0 0 0 0 0 
_1.ptx 159 : 18497 192845 0 0 0 0 0 0 0 
_1.ptx 162 : 28392 270071 0 0 0 0 0 0 0 
_1.ptx 163 : 28392 249922 0 0 0 0 0 0 0 
_1.ptx 164 : 28392 476545 0 0 0 0 0 0 0 
_1.ptx 165 : 28392 270700 0 0 0 0 0 0 0 
_1.ptx 166 : 28392 119584 0 0 0 0 0 0 0 
_1.ptx 167 : 28392 382630 0 0 0 0 0 0 0 
_1.ptx 168 : 28392 395964 0 0 0 0 0 0 0 
_1.ptx 169 : 28392 358776 0 0 0 0 0 0 0 
_1.ptx 170 : 28392 357670 0 0 0 0 0 0 0 
_1.ptx 171 : 28392 383221 0 0 0 0 0 0 0 
_1.ptx 172 : 28392 355881 0 0 0 0 0 0 0 
_1.ptx 173 : 28392 265178 0 0 0 0 0 0 0 
_1.ptx 174 : 28392 386478 0 0 0 0 0 0 0 
_1.ptx 175 : 28392 356211 0 0 0 0 0 0 0 
_1.ptx 176 : 28392 198104 90048 0 0 1860 1008 0 0 
_1.ptx 178 : 28392 237109 0 0 0 0 0 0 0 
_1.ptx 196 : 35000 214425 0 0 0 0 0 0 0 
_1.ptx 197 : 35000 368225 0 0 0 0 0 0 0 
_1.ptx 198 : 35000 259025 0 0 0 0 0 0 0 
_1.ptx 199 : 35000 251725 0 0 0 0 0 0 0 
_1.ptx 200 : 35000 371525 0 0 0 0 0 0 0 
_1.ptx 201 : 35000 389025 0 0 0 0 0 0 0 
_1.ptx 202 : 35000 2995050 6400 0 0 1400 1400 0 0 
_1.ptx 203 : 35000 215050 0 0 0 0 0 0 0 
_1.ptx 204 : 35000 368850 0 0 0 0 0 0 0 
_1.ptx 205 : 35000 214100 0 0 0 0 0 0 0 
_1.ptx 206 : 35000 376125 0 0 0 0 0 0 0 
_1.ptx 207 : 35000 214350 0 0 0 0 0 0 0 
_1.ptx 208 : 35000 366600 0 0 0 0 0 0 0 
_1.ptx 209 : 35000 392550 0 0 0 0 0 0 0 
_1.ptx 210 : 35000 259025 0 0 0 0 0 0 0 
_1.ptx 211 : 35000 367525 0 0 0 0 0 0 0 
_1.ptx 212 : 35000 229300 0 0 0 0 0 0 0 
_1.ptx 213 : 35000 264625 0 0 0 0 0 0 0 
_1.ptx 214 : 35000 251125 0 0 0 0 0 0 0 
_1.ptx 218 : 875000 8569700 128 0 0 0 0 0 0 
_1.ptx 219 : 875000 9788725 0 0 0 0 0 0 0 
_1.ptx 220 : 875000 9747650 0 0 0 0 0 0 0 
_1.ptx 221 : 875000 6313425 0 0 0 0 0 0 0 
_1.ptx 222 : 875000 9029550 0 0 0 0 0 0 0 
_1.ptx 223 : 875000 9731125 0 0 0 0 0 0 0 
_1.ptx 224 : 875000 15370525 0 0 0 157500 35000 0 0 
_1.ptx 225 : 875000 10392150 0 0 0 35000 35000 0 0 
_1.ptx 226 : 875000 7937125 0 0 0 0 0 0 0 
_1.ptx 228 : 875000 12636750 7936 0 0 35000 35000 0 0 
_1.ptx 229 : 875000 15377400 0 0 0 157500 35000 0 0 
_1.ptx 230 : 875000 7945025 0 0 0 0 0 0 0 
_1.ptx 232 : 875000 8504900 0 0 0 35000 35000 0 0 
_1.ptx 233 : 875000 15050975 0 0 0 157400 35000 0 0 
_1.ptx 234 : 875000 7940150 0 0 0 0 0 0 0 
_1.ptx 236 : 875000 13007575 8832 0 0 35000 35000 0 0 
_1.ptx 237 : 875000 15483950 0 0 0 157500 35000 0 0 
_1.ptx 238 : 875000 7941675 0 0 0 0 0 0 0 
_1.ptx 240 : 875000 8447300 0 0 0 35000 35000 0 0 
_1.ptx 241 : 875000 15722925 0 0 0 157550 35000 0 0 
_1.ptx 242 : 875000 7933050 0 0 0 0 0 0 0 
_1.ptx 244 : 875000 12702325 8064 0 0 35000 35000 0 0 
_1.ptx 245 : 875000 16434275 0 0 0 157550 35000 0 0 
_1.ptx 246 : 875000 8002375 0 0 0 0 0 0 0 
_1.ptx 247 : 875000 8981725 0 0 0 0 0 0 0 
_1.ptx 248 : 875000 8908075 0 0 0 0 0 0 0 
_1.ptx 249 : 875000 8961675 0 0 0 0 0 0 0 
_1.ptx 250 : 875000 7153300 0 0 0 0 0 0 0 
_1.ptx 251 : 875000 5160825 0 0 0 0 0 0 0 
_1.ptx 253 : 35000 252000 0 0 0 0 0 0 0 
_1.ptx 254 : 35000 216000 0 0 0 0 0 0 0 
_1.ptx 255 : 35000 528900 0 0 0 0 0 0 0 
_1.ptx 256 : 35000 253125 0 0 0 0 0 0 0 
_1.ptx 257 : 35000 256375 0 0 0 0 0 0 0 
_1.ptx 258 : 35000 255025 0 0 0 0 0 0 0 
_1.ptx 259 : 35000 223850 0 0 0 0 0 0 0 
_1.ptx 260 : 35000 285025 0 0 0 0 0 0 0 
_1.ptx 261 : 35000 83043 0 0 0 0 0 0 1378 
_1.ptx 263 : 21487 241284 0 0 0 0 0 0 0 
_1.ptx 264 : 21487 132111 0 0 0 0 0 0 0 
_1.ptx 265 : 21487 238844 0 0 0 0 0 0 0 
_1.ptx 266 : 21487 156130 0 0 0 0 0 0 0 
_1.ptx 267 : 21487 133364 0 0 0 0 0 0 0 
_1.ptx 268 : 21487 134143 0 0 0 0 0 0 0 
_1.ptx 269 : 21487 196046 0 0 0 0 0 0 0 
_1.ptx 270 : 21487 196658 0 0 0 0 0 0 0 
_1.ptx 271 : 21487 134126 0 0 0 0 0 0 0 
_1.ptx 272 : 21487 239245 0 0 0 0 0 0 0 
_1.ptx 274 : 21487 330597 0 0 0 0 0 0 0 
_1.ptx 275 : 21487 356034 0 0 0 0 0 0 0 
_1.ptx 276 : 21487 239665 0 0 0 0 0 0 0 
_1.ptx 278 : 21487 131862 0 0 0 0 0 0 0 
_1.ptx 279 : 21487 133004 0 0 0 0 0 0 0 
_1.ptx 280 : 21487 135101 0 0 0 0 0 0 0 
_1.ptx 281 : 21487 132340 0 0 0 0 0 0 0 
_1.ptx 282 : 21487 239200 0 0 0 0 0 0 0 
_1.ptx 283 : 21487 1003832 0 0 0 0 0 0 0 
_1.ptx 284 : 21487 239605 0 0 0 0 0 0 0 
_1.ptx 285 : 21487 134195 0 0 0 0 0 0 0 
_1.ptx 286 : 21487 175174 0 0 0 0 0 0 0 
_1.ptx 287 : 21487 196440 0 0 0 0 0 0 0 
_1.ptx 288 : 21487 155473 0 0 0 0 0 0 0 
_1.ptx 289 : 21487 155061 0 0 0 0 0 0 0 
_1.ptx 290 : 21487 155297 0 0 0 0 0 0 0 
_1.ptx 291 : 21487 175438 0 0 0 0 0 0 0 
_1.ptx 292 : 21487 155934 0 0 0 0 0 0 0 
_1.ptx 293 : 21487 134359 0 0 0 0 0 0 0 
_1.ptx 296 : 13513 151261 0 0 0 0 0 0 0 
_1.ptx 297 : 13513 82587 0 0 0 0 0 0 0 
_1.ptx 298 : 13513 83814 0 0 0 0 0 0 0 
_1.ptx 299 : 13513 123515 0 0 0 0 0 0 0 
_1.ptx 300 : 13513 83912 0 0 0 0 0 0 0 
_1.ptx 301 : 13513 123345 0 0 0 0 0 0 0 
_1.ptx 302 : 13513 84066 0 0 0 0 0 0 0 
_1.ptx 303 : 13513 123165 0 0 0 0 0 0 0 
_1.ptx 304 : 13513 150495 0 0 0 0 0 0 0 
_1.ptx 305 : 13513 124189 0 0 0 0 0 0 0 
_1.ptx 307 : 13513 162955 0 0 0 0 0 0 0 
_1.ptx 308 : 13513 85335 0 0 0 0 0 0 0 
_1.ptx 309 : 13513 110665 0 0 0 0 0 0 0 
_1.ptx 310 : 13513 123049 0 0 0 0 0 0 0 
_1.ptx 313 : 35000 255750 0 0 0 0 0 0 0 
_1.ptx 314 : 35000 225875 0 0 0 0 0 0 0 
_1.ptx 315 : 35000 530725 0 0 0 0 0 0 0 
_1.ptx 316 : 35000 253075 0 0 0 0 0 0 0 
_1.ptx 317 : 35000 257275 0 0 0 0 0 0 0 
_1.ptx 318 : 35000 361400 0 0 0 0 0 0 0 
_1.ptx 319 : 35000 368650 0 0 0 0 0 0 0 
_1.ptx 320 : 35000 389175 0 0 0 0 0 0 0 
_1.ptx 321 : 35000 389100 0 0 0 0 0 0 0 
_1.ptx 322 : 35000 366450 0 0 0 0 0 0 0 
_1.ptx 323 : 35000 389075 0 0 0 0 0 0 0 
_1.ptx 324 : 35000 252000 0 0 0 0 0 0 0 
_1.ptx 325 : 35000 364975 0 0 0 0 0 0 0 
_1.ptx 326 : 35000 389650 0 0 0 0 0 0 0 
_1.ptx 327 : 35000 311625 112288 0 0 2450 1400 0 0 
_1.ptx 329 : 35000 213600 0 0 0 0 0 0 0 
_1.ptx 346 : 2800 18295 0 0 0 0 0 0 0 
_1.ptx 347 : 2800 29474 0 0 0 0 0 0 0 
_1.ptx 348 : 2800 8688 0 0 0 0 0 0 0 
_1.ptx 349 : 2800 21279 0 0 0 0 0 0 0 
_1.ptx 350 : 2800 30156 0 0 0 0 0 0 0 
_1.ptx 351 : 2800 31774 0 0 0 0 0 0 0 
_1.ptx 352 : 2800 384814 12800 0 0 2800 2800 0 0 
_1.ptx 353 : 2800 18339 0 0 0 0 0 0 0 
_1.ptx 354 : 2800 29777 0 0 0 0 0 0 0 
_1.ptx 355 : 2800 21276 0 0 0 0 0 0 0 
_1.ptx 356 : 2800 29588 0 0 0 0 0 0 0 
_1.ptx 357 : 2800 21835 0 0 0 0 0 0 0 
_1.ptx 358 : 2800 21692 0 0 0 0 0 0 0 
_1.ptx 359 : 2800 8614 0 0 0 0 0 0 0 
_1.ptx 363 : 3500000 26456958 0 0 0 0 0 0 0 
_1.ptx 364 : 3500000 36722794 0 0 0 0 0 0 0 
_1.ptx 365 : 3500000 39698008 0 0 0 0 0 0 0 
_1.ptx 366 : 3500000 17961051 768 0 0 3500000 3500000 0 0 
_1.ptx 367 : 3500000 30538894 487680 0 0 3500000 3500000 0 0 
_1.ptx 368 : 3500000 32834261 0 0 0 0 0 0 0 
_1.ptx 369 : 3500000 37386843 0 0 0 0 0 0 0 
_1.ptx 370 : 3500000 37072497 0 0 0 0 0 0 0 
_1.ptx 371 : 3500000 37440509 0 0 0 0 0 0 0 
_1.ptx 372 : 3500000 30648104 0 0 0 0 0 0 0 
_1.ptx 373 : 3500000 23391684 0 0 0 0 0 0 0 
_1.ptx 375 : 2800 21506 0 0 0 0 0 0 0 
_1.ptx 376 : 2800 19078 0 0 0 0 0 0 0 
_1.ptx 377 : 2800 42868 0 0 0 0 0 0 0 
_1.ptx 378 : 2800 21819 0 0 0 0 0 0 0 
_1.ptx 379 : 2800 22530 0 0 0 0 0 0 0 
_1.ptx 380 : 2800 23065 0 0 0 0 0 0 0 
_1.ptx 381 : 2800 19758 0 0 0 0 0 0 0 
_1.ptx 382 : 2800 23499 0 0 0 0 0 0 0 
_1.ptx 383 : 2800 6106 0 0 0 0 0 0 0 
_1.ptx 385 : 1885 21789 0 0 0 0 0 0 0 
_1.ptx 386 : 1885 12316 0 0 0 0 0 0 0 
_1.ptx 387 : 1885 21326 0 0 0 0 0 0 0 
_1.ptx 388 : 1885 14327 0 0 0 0 0 0 0 
_1.ptx 389 : 1885 12842 0 0 0 0 0 0 0 
_1.ptx 390 : 1885 13006 0 0 0 0 0 0 0 
_1.ptx 391 : 1885 17707 0 0 0 0 0 0 0 
_1.ptx 392 : 1885 17731 0 0 0 0 0 0 0 
_1.ptx 393 : 1885 12712 0 0 0 0 0 0 0 
_1.ptx 394 : 1885 21301 0 0 0 0 0 0 0 
_1.ptx 396 : 1885 28508 0 0 0 0 0 0 0 
_1.ptx 397 : 1885 31962 0 0 0 0 0 0 0 
_1.ptx 398 : 1885 21547 0 0 0 0 0 0 0 
_1.ptx 400 : 1885 12367 0 0 0 0 0 0 0 
_1.ptx 401 : 1885 12772 0 0 0 0 0 0 0 
_1.ptx 402 : 1885 13133 0 0 0 0 0 0 0 
_1.ptx 403 : 1885 12723 0 0 0 0 0 0 0 
_1.ptx 404 : 1885 21347 0 0 0 0 0 0 0 
_1.ptx 405 : 1885 87754 0 0 0 0 0 0 0 
_1.ptx 406 : 1885 21344 0 0 0 0 0 0 0 
_1.ptx 407 : 1885 12621 0 0 0 0 0 0 0 
_1.ptx 408 : 1885 15772 0 0 0 0 0 0 0 
