kernel line : count latency dram_traffic smem_bk_conflicts smem_warp gmem_access_generated gmem_warp exposed_latency warp_divergence
_1.ptx 200 : 61440 504896 0 0 0 0 0 0 0 
_1.ptx 68 : 61440 431712 0 0 0 0 0 0 0 
_1.ptx 69 : 61440 439168 0 0 0 0 0 0 0 
_1.ptx 70 : 61440 1871936 0 0 0 0 0 0 0 
_1.ptx 71 : 61440 413312 0 0 0 0 0 0 0 
_1.ptx 72 : 61440 720064 0 0 0 0 0 0 0 
_1.ptx 73 : 61440 509344 0 0 0 0 0 0 0 
_1.ptx 74 : 61440 7114560 128 0 0 0 0 0 0 
_1.ptx 75 : 61440 574880 0 0 0 0 0 0 0 
_1.ptx 76 : 61440 0 0 0 0 0 0 0 0 
_1.ptx 77 : 61440 3103552 0 0 0 0 0 0 0 
_1.ptx 78 : 61440 484192 0 0 0 0 0 0 0 
_1.ptx 79 : 61440 979776 0 0 0 0 0 0 0 
_1.ptx 80 : 61440 479936 0 0 0 0 0 0 0 
_1.ptx 81 : 61440 2163424 0 0 0 0 0 0 0 
_1.ptx 82 : 61440 500832 0 0 0 0 0 0 0 
_1.ptx 83 : 61440 2163200 0 0 0 0 0 0 0 
_1.ptx 84 : 61440 487808 0 0 0 0 0 0 0 
_1.ptx 85 : 61440 3159456 0 0 0 0 0 0 0 
_1.ptx 86 : 61440 609184 0 0 0 0 0 0 0 
_1.ptx 87 : 61440 2979872 0 0 0 0 0 0 0 
_1.ptx 88 : 61440 733824 0 0 0 0 0 0 0 
_1.ptx 89 : 61440 2306560 0 0 0 0 0 0 0 
_1.ptx 90 : 61440 2994592 0 0 0 0 0 0 0 
_1.ptx 91 : 61440 739232 0 0 0 0 0 0 0 
_1.ptx 92 : 61440 3049664 0 0 0 0 0 0 0 
_1.ptx 93 : 61440 739296 0 0 0 0 0 0 0 
_1.ptx 94 : 61440 2895648 0 0 0 0 0 0 0 
_1.ptx 95 : 61440 740320 0 0 0 0 0 0 0 
_1.ptx 96 : 61440 3190208 0 0 0 0 0 0 0 
_1.ptx 97 : 61440 740832 0 0 0 0 0 0 0 
_1.ptx 101 : 2000000 1008743424 8000000 0 0 62500 62500 0 0 
_1.ptx 102 : 2000000 1007405440 8000000 0 0 62500 62500 0 0 
_1.ptx 103 : 2000000 1014919008 8000000 0 0 62500 62500 0 0 
_1.ptx 104 : 2000000 25904672 0 0 0 0 0 0 0 
_1.ptx 105 : 2000000 143447104 0 0 0 0 0 0 0 
_1.ptx 106 : 2000000 71479360 0 0 0 0 0 0 0 
_1.ptx 107 : 2000000 16120096 0 0 0 0 0 0 0 
_1.ptx 108 : 2000000 73691776 0 0 0 0 0 0 0 
_1.ptx 109 : 2000000 25458688 0 0 0 0 0 0 0 
_1.ptx 110 : 2000000 13760640 0 0 0 0 0 0 0 
_1.ptx 111 : 2000000 25490336 0 0 0 0 0 0 0 
_1.ptx 112 : 2000000 13986816 0 0 0 0 0 0 0 
_1.ptx 113 : 2000000 24960768 0 0 0 0 0 0 0 
_1.ptx 114 : 2000000 74450720 0 0 0 0 0 0 0 
_1.ptx 115 : 2000000 18977920 0 0 0 0 0 0 0 
_1.ptx 116 : 2000000 24439296 0 0 0 0 0 0 0 
_1.ptx 117 : 2000000 136327008 0 0 0 0 0 0 0 
_1.ptx 118 : 2000000 23581888 0 0 0 0 0 0 0 
_1.ptx 119 : 2000000 23253760 0 0 0 0 0 0 0 
_1.ptx 120 : 2000000 13572832 0 0 0 0 0 0 0 
_1.ptx 121 : 2000000 17496768 0 0 0 0 0 0 0 
_1.ptx 122 : 2000000 13845280 0 0 0 0 0 0 0 
_1.ptx 123 : 2000000 24148448 0 0 0 0 0 0 0 
_1.ptx 124 : 2000000 16980128 0 0 0 0 0 0 0 
_1.ptx 125 : 2000000 14418272 0 0 0 0 0 0 0 
_1.ptx 126 : 2000000 17363040 0 0 0 0 0 0 0 
_1.ptx 127 : 2000000 14096288 0 0 0 0 0 0 0 
_1.ptx 128 : 2000000 23961184 0 0 0 0 0 0 0 
_1.ptx 129 : 2000000 15977760 0 0 0 0 0 0 0 
_1.ptx 130 : 2000000 24217376 0 0 0 0 0 0 0 
_1.ptx 131 : 2000000 14519168 0 0 0 0 0 0 0 
_1.ptx 132 : 2000000 14815904 0 0 0 0 0 0 0 
_1.ptx 133 : 2000000 19299904 0 0 0 0 0 0 0 
_1.ptx 134 : 2000000 24515264 0 0 0 0 0 0 0 
_1.ptx 135 : 2000000 14724640 0 0 0 0 0 0 0 
_1.ptx 136 : 2000000 15030656 0 0 0 0 0 0 0 
_1.ptx 137 : 2000000 19017312 0 0 0 0 0 0 0 
_1.ptx 138 : 2000000 13526144 0 0 0 0 0 0 0 
_1.ptx 139 : 2000000 24329280 0 0 0 0 0 0 0 
_1.ptx 140 : 2000000 73089792 0 0 0 0 0 0 0 
_1.ptx 141 : 2000000 13747968 0 0 0 0 0 0 0 
_1.ptx 142 : 2000000 24465632 0 0 0 0 0 0 0 
_1.ptx 143 : 2000000 87656288 0 0 0 0 0 0 0 
_1.ptx 144 : 2000000 85889280 0 0 0 0 0 0 0 
_1.ptx 145 : 2000000 13703072 0 0 0 0 0 0 0 
_1.ptx 146 : 2000000 14053216 0 0 0 0 0 0 0 
_1.ptx 147 : 2000000 19020864 0 0 0 0 0 0 0 
_1.ptx 148 : 2000000 94965088 0 0 0 0 0 0 0 
_1.ptx 149 : 2000000 13987040 0 0 0 0 0 0 0 
_1.ptx 150 : 2000000 14208352 0 0 0 0 0 0 0 
_1.ptx 151 : 2000000 19025024 0 0 0 0 0 0 0 
_1.ptx 152 : 2000000 13588736 0 0 0 0 0 0 0 
_1.ptx 153 : 2000000 24501088 0 0 0 0 0 0 0 
_1.ptx 154 : 2000000 13590880 0 0 0 0 0 0 0 
_1.ptx 155 : 2000000 19043136 0 0 0 0 0 0 0 
_1.ptx 156 : 2000000 13558240 0 0 0 0 0 0 0 
_1.ptx 157 : 2000000 24457760 0 0 0 0 0 0 0 
_1.ptx 158 : 2000000 13553344 0 0 0 0 0 0 0 
_1.ptx 159 : 2000000 19059904 0 0 0 0 0 0 0 
_1.ptx 160 : 2000000 13536032 0 0 0 0 0 0 0 
_1.ptx 161 : 2000000 19000160 0 0 0 0 0 0 0 
_1.ptx 162 : 2000000 13484832 0 0 0 0 0 0 0 
_1.ptx 163 : 2000000 19131008 0 0 0 0 0 0 0 
_1.ptx 164 : 2000000 13499392 0 0 0 0 0 0 0 
_1.ptx 165 : 2000000 18997024 0 0 0 0 0 0 0 
_1.ptx 166 : 2000000 13506400 0 0 0 0 0 0 0 
_1.ptx 167 : 2000000 18954464 0 0 0 0 0 0 0 
_1.ptx 168 : 2000000 24069824 0 0 0 0 0 0 0 
_1.ptx 169 : 2000000 24192832 0 0 0 0 0 0 0 
_1.ptx 170 : 2000000 24275264 0 0 0 0 0 0 0 
_1.ptx 171 : 2000000 24493856 0 0 0 0 0 0 0 
_1.ptx 172 : 2000000 13677472 0 0 0 0 0 0 0 
_1.ptx 173 : 2000000 23274272 0 0 0 0 0 0 0 
_1.ptx 174 : 2000000 13610912 0 0 0 0 0 0 0 
_1.ptx 175 : 2000000 23024832 0 0 0 0 0 0 0 
_1.ptx 176 : 2000000 19068928 0 0 0 0 0 0 0 
_1.ptx 177 : 2000000 18927200 0 0 0 0 0 0 0 
_1.ptx 178 : 2000000 23905760 0 0 0 0 0 0 0 
_1.ptx 179 : 2000000 24327712 0 0 0 0 0 0 0 
_1.ptx 180 : 2000000 23044384 0 0 0 0 0 0 0 
_1.ptx 181 : 2000000 112729120 8000000 0 0 62500 62500 0 0 
_1.ptx 182 : 2000000 14392096 0 0 0 0 0 0 0 
_1.ptx 183 : 2000000 24050016 0 0 0 0 0 0 0 
_1.ptx 184 : 2000000 27644320 0 0 0 0 0 0 0 
_1.ptx 185 : 2000000 15957408 0 0 0 0 0 0 0 
_1.ptx 186 : 2000000 24159584 0 0 0 0 0 0 0 
_1.ptx 187 : 2000000 26267296 0 0 0 0 0 0 0 
_1.ptx 188 : 2000000 23764928 0 0 0 0 0 0 0 
_1.ptx 189 : 2000000 135005184 8000000 0 0 62500 62500 0 0 
_1.ptx 190 : 2000000 23652960 0 0 0 0 0 0 0 
_1.ptx 191 : 2000000 24077536 0 0 0 0 0 0 0 
_1.ptx 192 : 2000000 24411168 0 0 0 0 0 0 0 
_1.ptx 193 : 2000000 24864128 0 0 0 0 0 0 0 
_1.ptx 194 : 2000000 25374080 0 0 0 0 0 0 0 
_1.ptx 195 : 2000000 25220832 0 0 0 0 0 0 0 
_1.ptx 196 : 2000000 20028992 0 0 0 0 0 0 0 
_1.ptx 197 : 2000000 15552928 0 0 0 0 0 0 0 
