kernel line : count latency dram_traffic smem_bk_conflicts smem_warp gmem_access_generated gmem_warp exposed_latency warp_divergence
_1.ptx 200 : 61440 456864 0 0 0 0 0 0 0 
_1.ptx 68 : 61440 430176 0 0 0 0 0 0 0 
_1.ptx 69 : 61440 440576 0 0 0 0 0 0 0 
_1.ptx 70 : 61440 1949984 0 0 0 0 0 0 0 
_1.ptx 71 : 61440 414848 0 0 0 0 0 0 0 
_1.ptx 72 : 61440 723680 0 0 0 0 0 0 0 
_1.ptx 73 : 61440 513312 0 0 0 0 0 0 0 
_1.ptx 74 : 61440 6098560 128 0 0 0 0 0 0 
_1.ptx 75 : 61440 552672 0 0 0 0 0 0 0 
_1.ptx 76 : 61440 0 0 0 0 0 0 0 0 
_1.ptx 77 : 61440 2344512 0 0 0 0 0 0 0 
_1.ptx 78 : 61440 457280 0 0 0 0 0 0 0 
_1.ptx 79 : 61440 906752 0 0 0 0 0 0 0 
_1.ptx 80 : 61440 466944 0 0 0 0 0 0 0 
_1.ptx 81 : 61440 2071584 0 0 0 0 0 0 0 
_1.ptx 82 : 61440 491648 0 0 0 0 0 0 0 
_1.ptx 83 : 61440 2056992 0 0 0 0 0 0 0 
_1.ptx 84 : 61440 488032 0 0 0 0 0 0 0 
_1.ptx 85 : 61440 2318400 0 0 0 0 0 0 0 
_1.ptx 86 : 61440 595040 0 0 0 0 0 0 0 
_1.ptx 87 : 61440 1994400 0 0 0 0 0 0 0 
_1.ptx 88 : 61440 722016 0 0 0 0 0 0 0 
_1.ptx 89 : 61440 2063392 0 0 0 0 0 0 0 
_1.ptx 90 : 61440 2259264 0 0 0 0 0 0 0 
_1.ptx 91 : 61440 724512 0 0 0 0 0 0 0 
_1.ptx 92 : 61440 2179680 0 0 0 0 0 0 0 
_1.ptx 93 : 61440 725536 0 0 0 0 0 0 0 
_1.ptx 94 : 61440 2169248 0 0 0 0 0 0 0 
_1.ptx 95 : 61440 721760 0 0 0 0 0 0 0 
_1.ptx 96 : 61440 2294656 0 0 0 0 0 0 0 
_1.ptx 97 : 61440 720896 0 0 0 0 0 0 0 
_1.ptx 101 : 2000000 1564186752 8000000 0 0 62500 62500 0 0 
_1.ptx 102 : 2000000 1554788704 8000000 0 0 62500 62500 0 0 
_1.ptx 103 : 2000000 1556363904 8000000 0 0 62500 62500 0 0 
_1.ptx 104 : 2000000 24927872 0 0 0 0 0 0 0 
_1.ptx 105 : 2000000 143169216 0 0 0 0 0 0 0 
_1.ptx 106 : 2000000 70509408 0 0 0 0 0 0 0 
_1.ptx 107 : 2000000 15794496 0 0 0 0 0 0 0 
_1.ptx 108 : 2000000 72353984 0 0 0 0 0 0 0 
_1.ptx 109 : 2000000 24552288 0 0 0 0 0 0 0 
_1.ptx 110 : 2000000 13484960 0 0 0 0 0 0 0 
_1.ptx 111 : 2000000 24855360 0 0 0 0 0 0 0 
_1.ptx 112 : 2000000 13776448 0 0 0 0 0 0 0 
_1.ptx 113 : 2000000 24451776 0 0 0 0 0 0 0 
_1.ptx 114 : 2000000 72494752 0 0 0 0 0 0 0 
_1.ptx 115 : 2000000 18909216 0 0 0 0 0 0 0 
_1.ptx 116 : 2000000 24189344 0 0 0 0 0 0 0 
_1.ptx 117 : 2000000 134446976 0 0 0 0 0 0 0 
_1.ptx 118 : 2000000 23417088 0 0 0 0 0 0 0 
_1.ptx 119 : 2000000 23244640 0 0 0 0 0 0 0 
_1.ptx 120 : 2000000 13558080 0 0 0 0 0 0 0 
_1.ptx 121 : 2000000 17483264 0 0 0 0 0 0 0 
_1.ptx 122 : 2000000 13845952 0 0 0 0 0 0 0 
_1.ptx 123 : 2000000 23843392 0 0 0 0 0 0 0 
_1.ptx 124 : 2000000 16974144 0 0 0 0 0 0 0 
_1.ptx 125 : 2000000 14474400 0 0 0 0 0 0 0 
_1.ptx 126 : 2000000 17344608 0 0 0 0 0 0 0 
_1.ptx 127 : 2000000 14104448 0 0 0 0 0 0 0 
_1.ptx 128 : 2000000 23724640 0 0 0 0 0 0 0 
_1.ptx 129 : 2000000 15967264 0 0 0 0 0 0 0 
_1.ptx 130 : 2000000 24074176 0 0 0 0 0 0 0 
_1.ptx 131 : 2000000 14543776 0 0 0 0 0 0 0 
_1.ptx 132 : 2000000 14847680 0 0 0 0 0 0 0 
_1.ptx 133 : 2000000 19283744 0 0 0 0 0 0 0 
_1.ptx 134 : 2000000 24402272 0 0 0 0 0 0 0 
_1.ptx 135 : 2000000 14755776 0 0 0 0 0 0 0 
_1.ptx 136 : 2000000 15107936 0 0 0 0 0 0 0 
_1.ptx 137 : 2000000 18983872 0 0 0 0 0 0 0 
_1.ptx 138 : 2000000 13509504 0 0 0 0 0 0 0 
_1.ptx 139 : 2000000 24066432 0 0 0 0 0 0 0 
_1.ptx 140 : 2000000 70820192 0 0 0 0 0 0 0 
_1.ptx 141 : 2000000 13773056 0 0 0 0 0 0 0 
_1.ptx 142 : 2000000 24224224 0 0 0 0 0 0 0 
_1.ptx 143 : 2000000 85469856 0 0 0 0 0 0 0 
_1.ptx 144 : 2000000 83316544 0 0 0 0 0 0 0 
_1.ptx 145 : 2000000 13652960 0 0 0 0 0 0 0 
_1.ptx 146 : 2000000 14029856 0 0 0 0 0 0 0 
_1.ptx 147 : 2000000 18977920 0 0 0 0 0 0 0 
_1.ptx 148 : 2000000 92960384 0 0 0 0 0 0 0 
_1.ptx 149 : 2000000 13988992 0 0 0 0 0 0 0 
_1.ptx 150 : 2000000 14246560 0 0 0 0 0 0 0 
_1.ptx 151 : 2000000 18962112 0 0 0 0 0 0 0 
_1.ptx 152 : 2000000 13519712 0 0 0 0 0 0 0 
_1.ptx 153 : 2000000 24103232 0 0 0 0 0 0 0 
_1.ptx 154 : 2000000 13520256 0 0 0 0 0 0 0 
_1.ptx 155 : 2000000 18990944 0 0 0 0 0 0 0 
_1.ptx 156 : 2000000 13457920 0 0 0 0 0 0 0 
_1.ptx 157 : 2000000 23932864 0 0 0 0 0 0 0 
_1.ptx 158 : 2000000 13468448 0 0 0 0 0 0 0 
_1.ptx 159 : 2000000 18958016 0 0 0 0 0 0 0 
_1.ptx 160 : 2000000 13403872 0 0 0 0 0 0 0 
_1.ptx 161 : 2000000 18929600 0 0 0 0 0 0 0 
_1.ptx 162 : 2000000 13362976 0 0 0 0 0 0 0 
_1.ptx 163 : 2000000 19041632 0 0 0 0 0 0 0 
_1.ptx 164 : 2000000 13384352 0 0 0 0 0 0 0 
_1.ptx 165 : 2000000 18909408 0 0 0 0 0 0 0 
_1.ptx 166 : 2000000 13384064 0 0 0 0 0 0 0 
_1.ptx 167 : 2000000 18897664 0 0 0 0 0 0 0 
_1.ptx 168 : 2000000 23902592 0 0 0 0 0 0 0 
_1.ptx 169 : 2000000 23743776 0 0 0 0 0 0 0 
_1.ptx 170 : 2000000 23858816 0 0 0 0 0 0 0 
_1.ptx 171 : 2000000 24051968 0 0 0 0 0 0 0 
_1.ptx 172 : 2000000 13563488 0 0 0 0 0 0 0 
_1.ptx 173 : 2000000 23198784 0 0 0 0 0 0 0 
_1.ptx 174 : 2000000 13521952 0 0 0 0 0 0 0 
_1.ptx 175 : 2000000 22946432 0 0 0 0 0 0 0 
_1.ptx 176 : 2000000 19022784 0 0 0 0 0 0 0 
_1.ptx 177 : 2000000 18867136 0 0 0 0 0 0 0 
_1.ptx 178 : 2000000 23631008 0 0 0 0 0 0 0 
_1.ptx 179 : 2000000 24069728 0 0 0 0 0 0 0 
_1.ptx 180 : 2000000 22991072 0 0 0 0 0 0 0 
_1.ptx 181 : 2000000 106099392 8000000 0 0 62500 62500 0 0 
_1.ptx 182 : 2000000 13877408 0 0 0 0 0 0 0 
_1.ptx 183 : 2000000 23519136 0 0 0 0 0 0 0 
_1.ptx 184 : 2000000 25177952 0 0 0 0 0 0 0 
_1.ptx 185 : 2000000 14721728 0 0 0 0 0 0 0 
_1.ptx 186 : 2000000 23468640 0 0 0 0 0 0 0 
_1.ptx 187 : 2000000 24538976 0 0 0 0 0 0 0 
_1.ptx 188 : 2000000 23298240 0 0 0 0 0 0 0 
_1.ptx 189 : 2000000 114361920 8000000 0 0 62500 62500 0 0 
_1.ptx 190 : 2000000 23158208 0 0 0 0 0 0 0 
_1.ptx 191 : 2000000 23515136 0 0 0 0 0 0 0 
_1.ptx 192 : 2000000 23880416 0 0 0 0 0 0 0 
_1.ptx 193 : 2000000 24331808 0 0 0 0 0 0 0 
_1.ptx 194 : 2000000 24898368 0 0 0 0 0 0 0 
_1.ptx 195 : 2000000 24677216 0 0 0 0 0 0 0 
_1.ptx 196 : 2000000 19228512 0 0 0 0 0 0 0 
_1.ptx 197 : 2000000 14327168 0 0 0 0 0 0 0 
