kernel line : count latency dram_traffic smem_bk_conflicts smem_warp gmem_access_generated gmem_warp exposed_latency warp_divergence
_1.ptx 97 : 262144 2073312 0 0 0 0 0 0 0 
_1.ptx 98 : 262144 2259936 0 0 0 0 0 0 0 
_1.ptx 99 : 262144 0 0 0 0 0 0 0 0 
_1.ptx 100 : 262144 3014688 0 0 0 0 0 0 0 
_1.ptx 101 : 262144 2822176 0 0 0 0 0 0 0 
_1.ptx 102 : 262144 2077344 0 0 0 0 0 0 0 
_1.ptx 103 : 262144 1809888 0 0 0 0 0 0 0 
_1.ptx 104 : 262144 2222048 0 0 0 0 0 0 0 
_1.ptx 105 : 262144 3003904 0 0 0 0 0 0 0 
_1.ptx 106 : 262144 2029376 0 0 0 0 0 0 0 
_1.ptx 107 : 262144 2011680 0 0 0 0 0 0 0 
_1.ptx 108 : 262144 2826080 0 0 0 0 0 0 0 
_1.ptx 109 : 262144 5523200 0 0 0 0 0 0 0 
_1.ptx 110 : 262144 2971360 0 0 0 0 0 0 0 
_1.ptx 111 : 262144 4812960 0 0 0 0 0 0 0 
_1.ptx 112 : 262144 3001888 0 0 0 0 0 0 0 
_1.ptx 113 : 262144 1750944 0 0 0 0 0 0 0 
_1.ptx 114 : 262144 2033152 0 0 0 0 0 0 0 
_1.ptx 118 : 1048576 407317248 4194304 0 0 32768 32768 0 0 
_1.ptx 119 : 1048576 408600768 4194304 0 0 32768 32768 0 0 
_1.ptx 120 : 1048576 9742624 0 0 0 0 0 0 0 
_1.ptx 121 : 1048576 10923552 0 0 0 0 0 0 0 
_1.ptx 122 : 1048576 10987584 0 0 0 0 0 0 0 
_1.ptx 123 : 1048576 10987552 0 0 0 0 0 0 0 
_1.ptx 124 : 1048576 8798400 0 0 0 0 0 0 0 
_1.ptx 125 : 1048576 5133120 0 0 0 0 0 0 0 
_1.ptx 126 : 262144 1714208 0 0 0 0 0 0 0 
_1.ptx 131 : 262144 6365024 0 8192 8192 0 0 0 0 
_1.ptx 132 : 262144 2962080 0 0 0 0 0 0 0 
_1.ptx 133 : 262144 2980832 0 0 0 0 0 0 0 
_1.ptx 134 : 262144 2221888 0 0 0 0 0 0 0 
_1.ptx 135 : 262144 1310112 0 0 0 0 0 0 0 
_1.ptx 137 : 65536 436480 0 0 0 0 0 0 0 
_1.ptx 141 : 655360 4494752 0 0 0 0 0 0 0 
_1.ptx 142 : 655360 5554272 0 0 0 0 0 0 0 
_1.ptx 143 : 655360 3206189 0 0 0 0 0 0 1280 
_1.ptx 144 : 196352 1580831 0 0 0 0 0 0 0 
_1.ptx 145 : 196352 1406428 0 0 0 0 0 0 0 
_1.ptx 146 : 196352 1605614 0 0 0 0 0 0 0 
_1.ptx 147 : 196352 2264550 0 0 0 0 0 0 0 
_1.ptx 148 : 196352 2387214 0 0 0 0 0 0 0 
_1.ptx 149 : 196352 2752710 0 0 0 0 0 0 0 
_1.ptx 150 : 196352 2906772 0 0 0 0 0 0 0 
_1.ptx 151 : 196352 2360839 0 0 0 0 0 0 0 
_1.ptx 152 : 196352 1663722 0 0 0 0 0 0 0 
_1.ptx 153 : 196352 2785984 0 0 0 0 0 0 0 
_1.ptx 154 : 196352 2288742 0 0 0 0 0 0 0 
_1.ptx 158 : 261888 4158096 0 9216 9216 0 0 0 0 
_1.ptx 159 : 261888 3637162 0 9216 9216 0 0 0 0 
_1.ptx 160 : 261888 3016819 0 0 0 0 0 0 0 
_1.ptx 161 : 261888 3096699 0 9216 9216 0 0 0 0 
_1.ptx 162 : 261888 3019416 0 0 0 0 0 0 0 
_1.ptx 163 : 261888 3023058 0 0 0 0 0 0 0 
_1.ptx 66 : 32768 214144 0 0 0 0 0 0 0 
_1.ptx 164 : 261888 3075913 0 0 0 0 0 0 0 
_1.ptx 67 : 32768 242176 0 0 0 0 0 0 0 
_1.ptx 165 : 261888 2322654 0 0 0 0 0 0 0 
_1.ptx 68 : 32768 4850496 128 0 0 0 0 0 0 
_1.ptx 166 : 261888 475232 0 0 0 0 0 0 0 
_1.ptx 69 : 32768 278112 0 0 0 0 0 0 0 
_1.ptx 70 : 32768 0 0 0 0 0 0 0 0 
_1.ptx 71 : 32768 230784 0 0 0 0 0 0 0 
_1.ptx 169 : 655360 5270880 0 0 0 0 0 0 0 
_1.ptx 72 : 32768 228128 0 0 0 0 0 0 0 
_1.ptx 170 : 655360 4640736 0 0 0 0 0 0 0 
_1.ptx 73 : 32768 280896 0 0 0 0 0 0 0 
_1.ptx 171 : 655360 5724160 0 0 0 0 0 0 0 
_1.ptx 74 : 32768 232064 0 0 0 0 0 0 0 
_1.ptx 172 : 655360 4183296 0 0 0 0 0 0 0 
_1.ptx 75 : 32768 233760 0 0 0 0 0 0 0 
_1.ptx 173 : 65536 490394 0 0 0 0 0 0 256 
_1.ptx 76 : 32768 280384 0 0 0 0 0 0 0 
_1.ptx 77 : 32768 218624 0 0 0 0 0 0 0 
_1.ptx 175 : 256 4203 0 256 256 0 0 0 0 
_1.ptx 78 : 32768 221024 0 0 0 0 0 0 0 
_1.ptx 176 : 256 2288 0 0 0 0 0 0 0 
_1.ptx 177 : 256 1981 0 0 0 0 0 0 0 
_1.ptx 178 : 256 2702 0 0 0 0 0 0 0 
_1.ptx 81 : 65536 0 0 0 0 0 0 0 0 
_1.ptx 179 : 256 2969 0 0 0 0 0 0 0 
_1.ptx 82 : 65536 553568 0 0 0 0 0 0 0 
_1.ptx 180 : 256 4365 480 0 0 256 256 0 0 
_1.ptx 83 : 65536 565632 0 0 0 0 0 0 0 
_1.ptx 84 : 65536 763456 0 0 0 0 0 0 0 
_1.ptx 182 : 65536 760704 0 0 0 0 0 0 0 
_1.ptx 85 : 65536 542048 0 0 0 0 0 0 0 
_1.ptx 183 : 65536 576896 0 0 0 0 0 0 0 
_1.ptx 86 : 65536 497632 0 0 0 0 0 0 0 
_1.ptx 184 : 65536 233568 0 0 0 0 0 0 0 
_1.ptx 87 : 65536 546016 0 0 0 0 0 0 0 
_1.ptx 88 : 65536 777184 0 0 0 0 0 0 0 
_1.ptx 89 : 65536 740608 0 0 0 0 0 0 0 
_1.ptx 187 : 32768 230688 0 0 0 0 0 0 0 
_1.ptx 90 : 65536 1025952 0 0 0 0 0 0 0 
_1.ptx 91 : 65536 1051552 0 0 0 0 0 0 0 
_1.ptx 92 : 65536 796800 0 0 0 0 0 0 0 
_1.ptx 96 : 262144 2074880 0 0 0 0 0 0 0 
