kernel line : count latency dram_traffic smem_bk_conflicts smem_warp gmem_access_generated gmem_warp exposed_latency warp_divergence
_1.ptx 823 : 4096 24576 0 0 0 0 0 0 0 
_1.ptx 824 : 4096 24576 0 0 0 0 0 0 0 
_1.ptx 825 : 4096 60672 0 0 0 0 0 0 0 
_1.ptx 826 : 4096 24576 0 0 0 0 0 0 0 
_1.ptx 827 : 4096 45536 0 0 0 0 0 0 0 
_1.ptx 828 : 4096 29408 0 0 0 0 0 0 0 
_1.ptx 829 : 4096 24608 0 0 0 0 0 0 0 
_1.ptx 830 : 4096 33312 0 0 0 0 0 0 0 
_1.ptx 831 : 4096 0 0 0 0 0 0 0 0 
_1.ptx 832 : 4096 12288 0 0 0 0 0 0 0 
_1.ptx 833 : 4096 24576 0 0 0 0 0 0 0 
_1.ptx 834 : 4096 32800 0 0 0 0 0 0 0 
_1.ptx 835 : 4096 12288 0 0 0 0 0 0 0 
_1.ptx 836 : 4096 26112 0 0 0 0 0 0 0 
_1.ptx 837 : 4096 34912 0 0 0 0 0 0 0 
_1.ptx 838 : 4096 47712 0 0 0 0 0 0 0 
_1.ptx 839 : 4096 12288 0 0 0 0 0 0 0 
_1.ptx 840 : 4096 29792 0 0 0 0 0 0 0 
_1.ptx 841 : 4096 36864 0 0 0 0 0 0 0 
_1.ptx 842 : 4096 35296 0 0 0 0 0 0 0 
_1.ptx 843 : 4096 45600 0 0 0 0 0 0 0 
_1.ptx 844 : 4096 29792 0 0 0 0 0 0 0 
_1.ptx 845 : 4096 51328 0 0 0 0 0 0 0 
_1.ptx 846 : 4096 30560 0 0 0 0 0 0 0 
_1.ptx 847 : 4096 35776 0 0 0 0 0 0 0 
_1.ptx 848 : 4096 46752 0 0 0 0 0 0 0 
_1.ptx 849 : 4096 33760 0 0 0 0 0 0 0 
_1.ptx 850 : 4096 46208 0 0 0 0 0 0 0 
_1.ptx 851 : 4096 30624 0 0 0 0 0 0 0 
_1.ptx 852 : 4096 25696 0 0 0 0 0 0 0 
_1.ptx 853 : 4096 33792 0 0 0 0 0 0 0 
_1.ptx 854 : 4096 26880 0 0 0 0 0 0 0 
_1.ptx 855 : 4096 34624 0 0 0 0 0 0 0 
_1.ptx 856 : 4096 12288 0 0 0 0 0 0 0 
_1.ptx 857 : 4096 47136 0 0 0 0 0 0 0 
_1.ptx 858 : 4096 44800 0 0 0 0 0 0 0 
_1.ptx 859 : 4096 12288 0 0 0 0 0 0 0 
_1.ptx 860 : 4096 46304 0 0 0 0 0 0 0 
_1.ptx 861 : 4096 29344 0 0 0 0 0 0 0 
_1.ptx 862 : 4096 29824 0 0 0 0 0 0 0 
_1.ptx 863 : 4096 29568 0 0 0 0 0 0 0 
_1.ptx 864 : 4096 30016 0 0 0 0 0 0 0 
_1.ptx 865 : 4096 28800 0 0 0 0 0 0 0 
_1.ptx 866 : 4096 30496 0 0 0 0 0 0 0 
_1.ptx 867 : 4096 24576 0 0 0 0 0 0 0 
_1.ptx 868 : 4096 24576 0 0 0 0 0 0 0 
_1.ptx 869 : 4096 25632 0 0 0 0 0 0 0 
_1.ptx 870 : 4096 25280 0 0 0 0 0 0 0 
_1.ptx 873 : 4096 0 0 0 0 0 0 0 0 
_1.ptx 874 : 4096 28832 0 0 0 0 0 0 0 
_1.ptx 875 : 4096 26272 0 0 0 0 0 0 0 
_1.ptx 876 : 4096 26432 0 0 0 0 0 0 0 
_1.ptx 877 : 4096 24928 0 0 0 0 0 0 0 
_1.ptx 878 : 4096 29632 0 0 0 0 0 0 0 
_1.ptx 882 : 327680 1987648 0 0 0 0 0 0 0 
_1.ptx 883 : 327680 38559136 1310720 0 0 0 0 0 0 
_1.ptx 885 : 327680 1990432 0 0 0 0 0 0 0 
_1.ptx 886 : 327680 38183392 1310720 0 0 0 0 0 0 
_1.ptx 887 : 327680 3338560 0 0 0 0 0 0 0 
_1.ptx 888 : 327680 3338816 0 0 0 0 0 0 0 
_1.ptx 889 : 327680 3375904 0 0 0 0 0 0 0 
_1.ptx 890 : 327680 2684896 0 0 0 0 0 0 0 
_1.ptx 891 : 327680 1983392 0 0 0 0 0 0 0 
_1.ptx 894 : 4096 0 0 0 0 0 0 0 0 
_1.ptx 895 : 4096 29152 0 0 0 0 0 0 0 
_1.ptx 896 : 4096 25024 0 0 0 0 0 0 0 
_1.ptx 897 : 4096 24896 0 0 0 0 0 0 0 
_1.ptx 898 : 4096 24768 0 0 0 0 0 0 0 
_1.ptx 899 : 4096 28736 0 0 0 0 0 0 0 
_1.ptx 903 : 327680 142573376 1310720 0 0 0 0 0 0 
_1.ptx 904 : 327680 26138912 1310720 0 0 0 0 0 0 
_1.ptx 905 : 327680 3305920 0 0 0 0 0 0 0 
_1.ptx 906 : 327680 3324928 0 0 0 0 0 0 0 
_1.ptx 907 : 327680 3380064 0 0 0 0 0 0 0 
_1.ptx 908 : 327680 2712928 0 0 0 0 0 0 0 
_1.ptx 909 : 327680 2030432 0 0 0 0 0 0 0 
_1.ptx 911 : 4096 0 0 0 0 0 0 0 0 
_1.ptx 912 : 4096 29344 0 0 0 0 0 0 0 
_1.ptx 913 : 4096 26144 0 0 0 0 0 0 0 
_1.ptx 914 : 4096 29376 0 0 0 0 0 0 0 
_1.ptx 918 : 163840 1674848 0 0 0 0 0 0 0 
_1.ptx 919 : 163840 1186304 0 0 0 0 0 0 0 
_1.ptx 920 : 163840 1339168 0 0 0 0 0 0 0 
_1.ptx 921 : 163840 0 0 0 0 0 0 0 0 
_1.ptx 922 : 163840 1826624 0 0 0 0 0 0 0 
_1.ptx 923 : 163840 1674240 0 0 0 0 0 0 0 
_1.ptx 924 : 163840 6185280 0 0 0 0 0 0 0 
_1.ptx 925 : 163840 2375136 0 0 0 0 0 0 0 
_1.ptx 926 : 163840 2720800 0 0 0 0 0 0 0 
_1.ptx 927 : 163840 1854976 0 0 0 0 0 0 0 
_1.ptx 928 : 163840 1262656 0 0 0 0 0 0 0 
_1.ptx 929 : 163840 1726464 0 0 0 0 0 0 0 
_1.ptx 930 : 163840 1860512 0 0 0 0 0 0 0 
_1.ptx 931 : 163840 1263904 0 0 0 0 0 0 0 
_1.ptx 932 : 163840 1719456 0 0 0 0 0 0 0 
_1.ptx 933 : 163840 1849152 0 0 0 0 0 0 0 
_1.ptx 934 : 163840 58342048 655360 0 0 0 0 0 0 
_1.ptx 935 : 163840 1839968 0 0 0 0 0 0 0 
_1.ptx 936 : 163840 1237472 0 0 0 0 0 0 0 
_1.ptx 937 : 163840 1131136 0 0 0 0 0 0 0 
_1.ptx 938 : 163840 1238240 0 0 0 0 0 0 0 
_1.ptx 942 : 9748480 109108800 0 0 0 0 0 0 0 
_1.ptx 943 : 9748480 70908576 0 0 0 0 0 0 0 
_1.ptx 944 : 9748480 103086784 0 0 0 0 0 0 0 
_1.ptx 945 : 9748480 108587968 0 0 0 0 0 0 0 
_1.ptx 946 : 9748480 364471264 0 0 0 0 0 0 0 
_1.ptx 948 : 9748480 109121152 0 0 0 0 0 0 0 
_1.ptx 949 : 9748480 3191511936 38654336 0 0 0 0 0 0 
_1.ptx 950 : 9748480 108755712 0 0 0 0 0 0 0 
_1.ptx 951 : 9748480 109043136 0 0 0 0 0 0 0 
_1.ptx 952 : 9748480 71938912 0 0 0 0 0 0 0 
_1.ptx 953 : 9748480 63452704 0 0 0 0 0 0 0 
_1.ptx 954 : 9748480 148418176 0 0 0 0 0 0 0 
_1.ptx 955 : 9748480 72044160 0 0 0 0 0 0 0 
_1.ptx 956 : 9748480 452497056 0 0 0 0 0 0 0 
_1.ptx 957 : 9748480 110285056 0 0 0 0 0 0 0 
_1.ptx 959 : 9748480 111127008 0 0 0 0 0 0 0 
_1.ptx 960 : 9748480 74577760 0 0 0 0 0 0 0 
_1.ptx 961 : 9748480 75700992 0 0 0 0 0 0 0 
_1.ptx 962 : 9748480 76546496 0 0 0 0 0 0 0 
_1.ptx 963 : 9748480 70353536 0 0 0 0 0 0 0 
_1.ptx 964 : 9748480 152336320 0 0 0 0 0 0 0 
_1.ptx 965 : 9748480 150538336 0 0 0 0 0 0 0 
_1.ptx 966 : 9748480 158464608 0 0 0 0 0 0 0 
_1.ptx 967 : 9748480 73981120 0 0 0 0 0 0 0 
_1.ptx 968 : 9748480 65284960 0 0 0 0 0 0 0 
_1.ptx 969 : 9748480 112565728 0 0 0 0 0 0 0 
_1.ptx 970 : 9748480 145821312 0 0 0 0 0 0 0 
_1.ptx 971 : 9748480 110089056 0 0 0 0 0 0 0 
_1.ptx 972 : 9748480 487463424 0 0 0 0 0 0 0 
_1.ptx 974 : 9748480 109563904 0 0 0 0 0 0 0 
_1.ptx 975 : 9748480 72208896 0 0 0 0 0 0 0 
_1.ptx 976 : 9748480 105995776 0 0 0 0 0 0 0 
_1.ptx 977 : 9748480 109214272 0 0 0 0 0 0 0 
_1.ptx 978 : 9748480 528252448 38993920 0 0 0 0 0 0 
_1.ptx 979 : 9748480 99915040 0 0 0 0 0 0 0 
_1.ptx 980 : 9748480 100254528 0 0 0 0 0 0 0 
_1.ptx 981 : 9748480 80271936 0 0 0 0 0 0 0 
_1.ptx 982 : 9748480 60728576 0 0 0 0 0 0 0 
_1.ptx 984 : 163840 1211584 0 0 0 0 0 0 0 
_1.ptx 985 : 163840 1356960 0 0 0 0 0 0 0 
_1.ptx 986 : 163840 1013376 0 0 0 0 0 0 0 
_1.ptx 989 : 4096 0 0 0 0 0 0 0 0 
_1.ptx 990 : 4096 29696 0 0 0 0 0 0 0 
_1.ptx 991 : 4096 29568 0 0 0 0 0 0 0 
_1.ptx 992 : 4096 29856 0 0 0 0 0 0 0 
_1.ptx 993 : 4096 26400 0 0 0 0 0 0 0 
_1.ptx 994 : 4096 25120 0 0 0 0 0 0 0 
_1.ptx 995 : 4096 75872 0 0 0 0 0 0 0 
_1.ptx 996 : 4096 45248 0 0 0 0 0 0 0 
_1.ptx 997 : 4096 185408 0 0 0 0 0 0 0 
_1.ptx 998 : 4096 25568 0 0 0 0 0 0 0 
_1.ptx 999 : 4096 26432 0 0 0 0 0 0 0 
_1.ptx 1000 : 4096 30880 0 0 0 0 0 0 0 
_1.ptx 1004 : 163840 1220416 0 0 0 0 0 0 0 
_1.ptx 1005 : 163840 62071040 587008 0 0 0 0 0 0 
_1.ptx 1006 : 163840 1821568 0 0 0 0 0 0 0 
_1.ptx 1007 : 163840 1197472 0 0 0 0 0 0 0 
_1.ptx 1008 : 163840 1049408 0 0 0 0 0 0 0 
_1.ptx 1009 : 163840 2481344 0 0 0 0 0 0 0 
_1.ptx 1010 : 163840 1184288 0 0 0 0 0 0 0 
_1.ptx 1011 : 163840 8368704 0 0 0 0 0 0 0 
_1.ptx 1013 : 163840 1488032 0 0 0 0 0 0 0 
_1.ptx 1015 : 163840 12040736 655360 0 0 0 0 0 0 
_1.ptx 1017 : 163840 12977632 655360 0 0 0 0 0 0 
_1.ptx 1018 : 163840 1670240 0 0 0 0 0 0 0 
_1.ptx 1019 : 163840 1688512 0 0 0 0 0 0 0 
_1.ptx 1020 : 163840 1688064 0 0 0 0 0 0 0 
_1.ptx 1021 : 163840 1704992 0 0 0 0 0 0 0 
_1.ptx 1022 : 163840 1371680 0 0 0 0 0 0 0 
_1.ptx 1023 : 163840 1024448 0 0 0 0 0 0 0 
_1.ptx 1025 : 4096 0 0 0 0 0 0 0 0 
_1.ptx 1026 : 4096 30144 0 0 0 0 0 0 0 
_1.ptx 1027 : 4096 27456 0 0 0 0 0 0 0 
_1.ptx 1028 : 4096 26624 0 0 0 0 0 0 0 
_1.ptx 1029 : 4096 26976 0 0 0 0 0 0 0 
_1.ptx 1030 : 4096 29856 0 0 0 0 0 0 0 
_1.ptx 1034 : 163840 1035040 0 0 0 0 0 0 0 
_1.ptx 1035 : 163840 15903680 655360 0 0 0 0 0 0 
_1.ptx 1037 : 163840 1018400 0 0 0 0 0 0 0 
_1.ptx 1038 : 163840 16327104 655360 0 0 0 0 0 0 
_1.ptx 1039 : 163840 1670272 0 0 0 0 0 0 0 
_1.ptx 1040 : 163840 1674528 0 0 0 0 0 0 0 
_1.ptx 1041 : 163840 1692000 0 0 0 0 0 0 0 
_1.ptx 1042 : 163840 1346976 0 0 0 0 0 0 0 
_1.ptx 1043 : 163840 1010592 0 0 0 0 0 0 0 
_1.ptx 1045 : 4096 0 0 0 0 0 0 0 0 
_1.ptx 1046 : 4096 30432 0 0 0 0 0 0 0 
_1.ptx 1047 : 4096 30464 0 0 0 0 0 0 0 
_1.ptx 1048 : 4096 30176 0 0 0 0 0 0 0 
_1.ptx 1049 : 4096 26944 0 0 0 0 0 0 0 
_1.ptx 1050 : 4096 26176 0 0 0 0 0 0 0 
_1.ptx 1051 : 4096 29728 0 0 0 0 0 0 0 
_1.ptx 1055 : 61440 4435264 0 0 0 0 0 0 0 
_1.ptx 1056 : 61440 3556032 0 0 0 0 0 0 0 
_1.ptx 1057 : 61440 443680 0 0 0 0 0 0 0 
_1.ptx 1058 : 61440 895104 0 0 0 0 0 0 0 
_1.ptx 1059 : 61440 683872 0 0 0 0 0 0 0 
_1.ptx 1060 : 61440 13714112 68608 0 0 0 0 0 0 
_1.ptx 1061 : 61440 687424 0 0 0 0 0 0 0 
_1.ptx 1062 : 61440 15048480 69120 0 0 0 0 0 0 
_1.ptx 1063 : 61440 558848 0 0 0 0 0 0 0 
_1.ptx 1064 : 61440 442336 0 0 0 0 0 0 0 
_1.ptx 1065 : 61440 385600 0 0 0 0 0 0 0 
_1.ptx 1066 : 61440 928032 0 0 0 0 0 0 0 
_1.ptx 1067 : 61440 440384 0 0 0 0 0 0 0 
_1.ptx 1068 : 61440 389920 0 0 0 0 0 0 0 
_1.ptx 1069 : 61440 496064 0 0 0 0 0 0 0 
_1.ptx 1070 : 61440 0 0 0 0 0 0 0 0 
_1.ptx 1072 : 61440 375040 0 0 0 0 0 0 0 
_1.ptx 1073 : 61440 555936 0 0 0 0 0 0 0 
_1.ptx 1075 : 61440 680640 0 0 0 0 0 0 0 
_1.ptx 1076 : 61440 11026944 10880 0 0 0 0 0 0 
_1.ptx 1077 : 61440 376608 0 0 0 0 0 0 0 
_1.ptx 1078 : 61440 560160 0 0 0 0 0 0 0 
_1.ptx 1079 : 61440 4644416 0 0 0 0 0 0 0 
_1.ptx 1081 : 61440 685056 0 0 0 0 0 0 0 
_1.ptx 1082 : 61440 11663968 12288 0 0 0 0 0 0 
_1.ptx 1083 : 61440 381216 0 0 0 0 0 0 0 
_1.ptx 1084 : 61440 683104 0 0 0 0 0 0 0 
_1.ptx 1085 : 61440 4674496 0 0 0 0 0 0 0 
_1.ptx 1087 : 61440 625760 0 0 0 0 0 0 0 
_1.ptx 1088 : 61440 626208 0 0 0 0 0 0 0 
_1.ptx 1089 : 61440 632064 0 0 0 0 0 0 0 
_1.ptx 1090 : 61440 503008 0 0 0 0 0 0 0 
_1.ptx 1091 : 61440 360704 0 0 0 0 0 0 0 
_1.ptx 1092 : 4096 25856 0 0 0 0 0 0 0 
_1.ptx 1096 : 4096 0 0 0 0 0 0 0 0 
_1.ptx 1097 : 4096 29504 0 0 0 0 0 0 0 
_1.ptx 1098 : 4096 45440 0 0 0 0 0 0 0 
_1.ptx 1099 : 4096 31648 0 0 0 0 0 0 0 
_1.ptx 1100 : 4096 74496 0 0 0 0 0 0 0 
_1.ptx 1101 : 4096 45280 0 0 0 0 0 0 0 
_1.ptx 1102 : 4096 45120 0 0 0 0 0 0 0 
_1.ptx 1103 : 4096 45440 0 0 0 0 0 0 0 
_1.ptx 1104 : 4096 29088 0 0 0 0 0 0 0 
_1.ptx 1105 : 4096 54144 0 0 0 0 0 0 0 
_1.ptx 1106 : 4096 45312 0 0 0 0 0 0 0 
_1.ptx 1107 : 4096 230912 0 0 0 0 0 0 0 
_1.ptx 1108 : 4096 29472 0 0 0 0 0 0 0 
_1.ptx 1112 : 163840 26201504 0 0 0 0 0 0 0 
_1.ptx 1113 : 163840 1181792 0 0 0 0 0 0 0 
_1.ptx 1114 : 163840 22829184 0 0 0 0 0 0 0 
_1.ptx 1115 : 163840 1486976 0 0 0 0 0 0 0 
_1.ptx 1116 : 163840 14636096 0 0 0 0 0 0 0 
_1.ptx 1118 : 163840 62314144 650240 0 0 0 0 0 0 
_1.ptx 1119 : 163840 1809184 0 0 0 0 0 0 0 
_1.ptx 1120 : 163840 1172032 0 0 0 0 0 0 0 
_1.ptx 1121 : 163840 1019136 0 0 0 0 0 0 0 
_1.ptx 1122 : 163840 2471552 0 0 0 0 0 0 0 
_1.ptx 1123 : 163840 1167392 0 0 0 0 0 0 0 
_1.ptx 1124 : 163840 13321600 0 0 0 0 0 0 0 
_1.ptx 1125 : 163840 62050976 633856 0 0 0 0 0 0 
_1.ptx 1126 : 163840 1813472 0 0 0 0 0 0 0 
_1.ptx 1127 : 163840 1817024 0 0 0 0 0 0 0 
_1.ptx 1128 : 163840 1166048 0 0 0 0 0 0 0 
_1.ptx 1129 : 163840 14695872 0 0 0 0 0 0 0 
_1.ptx 1130 : 163840 1332032 0 0 0 0 0 0 0 
_1.ptx 1131 : 163840 24800 0 0 0 0 0 0 0 
_1.ptx 1133 : 159744 63000672 606976 0 0 0 0 0 0 
_1.ptx 1134 : 159744 1765792 0 0 0 0 0 0 0 
_1.ptx 1135 : 159744 15335680 0 0 0 0 0 0 0 
_1.ptx 1137 : 159744 62984672 607744 0 0 0 0 0 0 
_1.ptx 1138 : 159744 1770528 0 0 0 0 0 0 0 
_1.ptx 1139 : 159744 1155392 0 0 0 0 0 0 0 
_1.ptx 1140 : 159744 1028384 0 0 0 0 0 0 0 
_1.ptx 1141 : 159744 2426304 0 0 0 0 0 0 0 
_1.ptx 1142 : 159744 1136416 0 0 0 0 0 0 0 
_1.ptx 1143 : 159744 13743552 0 0 0 0 0 0 0 
_1.ptx 1144 : 159744 1765824 0 0 0 0 0 0 0 
_1.ptx 1145 : 159744 15372288 0 0 0 0 0 0 0 
_1.ptx 1147 : 163840 1657728 0 0 0 0 0 0 0 
_1.ptx 1148 : 163840 1677920 0 0 0 0 0 0 0 
_1.ptx 1149 : 163840 1677632 0 0 0 0 0 0 0 
_1.ptx 1150 : 163840 1695392 0 0 0 0 0 0 0 
_1.ptx 1151 : 163840 1692960 0 0 0 0 0 0 0 
_1.ptx 1152 : 163840 1351136 0 0 0 0 0 0 0 
_1.ptx 1153 : 163840 996768 0 0 0 0 0 0 0 
_1.ptx 1155 : 4096 0 0 0 0 0 0 0 0 
_1.ptx 1156 : 4096 28896 0 0 0 0 0 0 0 
_1.ptx 1157 : 4096 25376 0 0 0 0 0 0 0 
_1.ptx 1158 : 4096 250784 0 0 0 0 0 0 0 
_1.ptx 1159 : 4096 24768 0 0 0 0 0 0 0 
_1.ptx 1160 : 4096 25088 0 0 0 0 0 0 0 
_1.ptx 1161 : 4096 28992 0 0 0 0 0 0 0 
_1.ptx 1165 : 163840 1151744 0 0 0 0 0 0 0 
_1.ptx 1166 : 163840 59707520 655360 0 0 0 0 0 0 
_1.ptx 1167 : 163840 1807264 0 0 0 0 0 0 0 
_1.ptx 1168 : 163840 1162016 0 0 0 0 0 0 0 
_1.ptx 1169 : 163840 1005280 0 0 0 0 0 0 0 
_1.ptx 1170 : 163840 2465056 0 0 0 0 0 0 0 
_1.ptx 1171 : 163840 68060096 0 0 0 0 0 0 0 
_1.ptx 1172 : 163840 1153536 0 0 0 0 0 0 0 
_1.ptx 1173 : 163840 1643712 0 0 0 0 0 0 0 
_1.ptx 1174 : 163840 1644128 0 0 0 0 0 0 0 
_1.ptx 1175 : 163840 1314528 0 0 0 0 0 0 0 
_1.ptx 1176 : 163840 963392 0 0 0 0 0 0 0 
_1.ptx 1177 : 4096 24640 0 0 0 0 0 0 0 
_1.ptx 1182 : 4096 45056 0 0 0 0 0 0 0 
_1.ptx 1183 : 4096 0 0 0 0 0 0 0 0 
_1.ptx 1184 : 4096 28864 0 0 0 0 0 0 0 
_1.ptx 1185 : 4096 248064 0 0 0 0 0 0 0 
_1.ptx 1186 : 4096 45184 0 0 0 0 0 0 0 
_1.ptx 1187 : 4096 24832 0 0 0 0 0 0 0 
_1.ptx 1188 : 4096 29440 0 0 0 0 0 0 0 
_1.ptx 1189 : 4096 29408 0 0 0 0 0 0 0 
_1.ptx 1190 : 4096 25600 0 0 0 0 0 0 0 
_1.ptx 1191 : 4096 29504 0 0 0 0 0 0 0 
_1.ptx 1195 : 163840 58517856 561408 0 0 0 0 0 0 
_1.ptx 1196 : 163840 1808736 0 0 0 0 0 0 0 
_1.ptx 1197 : 163840 1164928 0 0 0 0 0 0 0 
_1.ptx 1198 : 163840 1028352 0 0 0 0 0 0 0 
_1.ptx 1199 : 163840 2463776 0 0 0 0 0 0 0 
_1.ptx 1200 : 163840 67042816 0 0 0 0 0 0 0 
_1.ptx 1201 : 163840 1152384 0 0 0 0 0 0 0 
_1.ptx 1202 : 163840 12839712 0 0 0 0 0 0 0 
_1.ptx 1203 : 163840 1648608 0 0 0 0 0 0 0 
_1.ptx 1204 : 163840 1648928 0 0 0 0 0 0 0 
_1.ptx 1205 : 163840 1319328 0 0 0 0 0 0 0 
_1.ptx 1206 : 163840 968512 0 0 0 0 0 0 0 
_1.ptx 1209 : 4096 29248 0 0 0 0 0 0 0 
_1.ptx 1210 : 4096 0 0 0 0 0 0 0 0 
_1.ptx 1211 : 4096 29216 0 0 0 0 0 0 0 
_1.ptx 1212 : 4096 29376 0 0 0 0 0 0 0 
_1.ptx 1213 : 4096 373056 0 0 0 0 0 0 0 
_1.ptx 1214 : 4096 45280 0 0 0 0 0 0 0 
_1.ptx 1215 : 4096 29024 0 0 0 0 0 0 0 
_1.ptx 1219 : 163840 65472512 655360 0 0 0 0 0 0 
_1.ptx 1220 : 163840 1809440 0 0 0 0 0 0 0 
_1.ptx 1221 : 163840 16004192 0 0 0 0 0 0 0 
_1.ptx 1222 : 163840 1649792 0 0 0 0 0 0 0 
_1.ptx 1223 : 163840 1663392 0 0 0 0 0 0 0 
_1.ptx 1224 : 163840 1324512 0 0 0 0 0 0 0 
_1.ptx 1225 : 163840 975904 0 0 0 0 0 0 0 
_1.ptx 1228 : 4096 456288 16384 0 0 128 128 0 0 
_1.ptx 1230 : 4096 29248 0 0 0 0 0 0 0 
_1.ptx 1231 : 4096 0 0 0 0 0 0 0 0 
_1.ptx 1232 : 4096 29728 0 0 0 0 0 0 0 
_1.ptx 1233 : 4096 41728 0 0 0 0 0 0 0 
_1.ptx 1234 : 4096 29600 0 0 0 0 0 0 0 
_1.ptx 1237 : 163840 1313632 0 0 0 0 0 0 0 
_1.ptx 1238 : 163840 0 0 0 0 0 0 0 0 
_1.ptx 1239 : 163840 1804352 0 0 0 0 0 0 0 
_1.ptx 1240 : 163840 1640352 0 0 0 0 0 0 0 
_1.ptx 1241 : 163840 1804448 0 0 0 0 0 0 0 
_1.ptx 1242 : 163840 2098400 0 0 0 0 0 0 0 
_1.ptx 1243 : 163840 1150944 0 0 0 0 0 0 0 
_1.ptx 1244 : 163840 1936064 0 0 0 0 0 0 0 
_1.ptx 1245 : 163840 1804352 0 0 0 0 0 0 0 
_1.ptx 1246 : 163840 1150976 0 0 0 0 0 0 0 
_1.ptx 1247 : 163840 1784608 0 0 0 0 0 0 0 
_1.ptx 1248 : 163840 1803968 0 0 0 0 0 0 0 
_1.ptx 1249 : 163840 1803808 0 0 0 0 0 0 0 
_1.ptx 1250 : 163840 1149696 0 0 0 0 0 0 0 
_1.ptx 1251 : 163840 1767808 0 0 0 0 0 0 0 
_1.ptx 1252 : 163840 1804992 0 0 0 0 0 0 0 
_1.ptx 1253 : 163840 1805440 0 0 0 0 0 0 0 
_1.ptx 1254 : 163840 1806944 0 0 0 0 0 0 0 
_1.ptx 1255 : 163840 1156992 0 0 0 0 0 0 0 
_1.ptx 1256 : 163840 1791648 0 0 0 0 0 0 0 
_1.ptx 1257 : 163840 1808704 0 0 0 0 0 0 0 
_1.ptx 1258 : 163840 10073440 0 0 0 0 0 0 0 
_1.ptx 1259 : 163840 1013952 0 0 0 0 0 0 0 
_1.ptx 1260 : 163840 1188672 0 0 0 0 0 0 0 
_1.ptx 1264 : 9748480 3940233664 37718528 0 0 0 0 0 0 
_1.ptx 1265 : 9748480 987418880 0 0 0 0 0 0 0 
_1.ptx 1266 : 9748480 4065930528 38042368 0 0 0 0 0 0 
_1.ptx 1267 : 9748480 107905632 0 0 0 0 0 0 0 
_1.ptx 1268 : 9748480 88400928 0 0 0 0 0 0 0 
_1.ptx 1270 : 9748480 3916452576 38993920 0 0 0 0 0 0 
_1.ptx 1271 : 9748480 70550592 0 0 0 0 0 0 0 
_1.ptx 1272 : 9748480 107907584 0 0 0 0 0 0 0 
_1.ptx 1273 : 9748480 69642144 0 0 0 0 0 0 0 
_1.ptx 1274 : 9748480 62573760 0 0 0 0 0 0 0 
_1.ptx 1275 : 9748480 146965440 0 0 0 0 0 0 0 
_1.ptx 1276 : 9748480 69386656 0 0 0 0 0 0 0 
_1.ptx 1277 : 9748480 456259200 0 0 0 0 0 0 0 
_1.ptx 1279 : 9748480 107795808 0 0 0 0 0 0 0 
_1.ptx 1280 : 9748480 107370720 0 0 0 0 0 0 0 
_1.ptx 1281 : 9748480 107383008 0 0 0 0 0 0 0 
_1.ptx 1282 : 9748480 454304512 0 0 0 0 0 0 0 
_1.ptx 1283 : 9748480 88096928 0 0 0 0 0 0 0 
_1.ptx 1284 : 9748480 996071776 0 0 0 0 0 0 0 
_1.ptx 1285 : 9748480 98142112 0 0 0 0 0 0 0 
_1.ptx 1286 : 9748480 98837024 0 0 0 0 0 0 0 
_1.ptx 1287 : 9748480 98996992 0 0 0 0 0 0 0 
_1.ptx 1288 : 9748480 99782464 0 0 0 0 0 0 0 
_1.ptx 1289 : 9748480 100025152 0 0 0 0 0 0 0 
_1.ptx 1290 : 9748480 63114400 0 0 0 0 0 0 0 
_1.ptx 1291 : 9748480 78924064 0 0 0 0 0 0 0 
_1.ptx 1292 : 9748480 58464416 0 0 0 0 0 0 0 
_1.ptx 1294 : 163840 1653152 0 0 0 0 0 0 0 
_1.ptx 1295 : 163840 1002144 0 0 0 0 0 0 0 
_1.ptx 1296 : 163840 1315296 0 0 0 0 0 0 0 
_1.ptx 1297 : 163840 962272 0 0 0 0 0 0 0 
_1.ptx 1300 : 4096 1251168 13568 0 0 0 0 0 0 
_1.ptx 1301 : 4096 164928 16384 0 0 128 128 0 0 
_1.ptx 1302 : 4096 45120 0 0 0 0 0 0 0 
_1.ptx 1303 : 4096 45184 0 0 0 0 0 0 0 
_1.ptx 1304 : 4096 45568 0 0 0 0 0 0 0 
_1.ptx 1305 : 4096 25920 0 0 0 0 0 0 0 
_1.ptx 1306 : 4096 32992 0 0 0 0 0 0 0 
_1.ptx 1307 : 4096 0 0 0 0 0 0 0 0 
_1.ptx 1310 : 4096 24768 0 0 0 0 0 0 0 
_1.ptx 1329 : 4096 24576 0 0 0 0 0 0 0 
_1.ptx 1330 : 4096 24576 0 0 0 0 0 0 0 
_1.ptx 1331 : 4096 60672 0 0 0 0 0 0 0 
_1.ptx 1332 : 4096 24576 0 0 0 0 0 0 0 
_1.ptx 1333 : 4096 45600 0 0 0 0 0 0 0 
_1.ptx 1334 : 4096 28800 0 0 0 0 0 0 0 
_1.ptx 1335 : 4096 24576 0 0 0 0 0 0 0 
_1.ptx 1336 : 4096 33152 0 0 0 0 0 0 0 
_1.ptx 1337 : 4096 0 0 0 0 0 0 0 0 
_1.ptx 1338 : 4096 1040992 128 0 0 0 0 0 0 
_1.ptx 1339 : 4096 24608 0 0 0 0 0 0 0 
_1.ptx 1340 : 4096 32896 0 0 0 0 0 0 0 
_1.ptx 1341 : 4096 12288 0 0 0 0 0 0 0 
_1.ptx 1342 : 4096 25056 0 0 0 0 0 0 0 
_1.ptx 1343 : 4096 33376 0 0 0 0 0 0 0 
_1.ptx 1344 : 4096 34464 0 0 0 0 0 0 0 
_1.ptx 1345 : 4096 1076352 128 0 0 0 0 0 0 
_1.ptx 1346 : 4096 24576 0 0 0 0 0 0 0 
_1.ptx 1347 : 4096 34240 0 0 0 0 0 0 0 
_1.ptx 1348 : 4096 24576 0 0 0 0 0 0 0 
_1.ptx 1349 : 4096 64352 0 0 0 0 0 0 0 
_1.ptx 1350 : 4096 28672 0 0 0 0 0 0 0 
_1.ptx 1351 : 4096 1043680 128 0 0 0 0 0 0 
_1.ptx 1352 : 4096 29024 0 0 0 0 0 0 0 
_1.ptx 1353 : 4096 47904 0 0 0 0 0 0 0 
_1.ptx 1354 : 4096 47072 0 0 0 0 0 0 0 
_1.ptx 1355 : 4096 43488 0 0 0 0 0 0 0 
_1.ptx 1356 : 4096 32640 0 0 0 0 0 0 0 
_1.ptx 1357 : 4096 30976 0 0 0 0 0 0 0 
_1.ptx 1358 : 4096 34688 0 0 0 0 0 0 0 
_1.ptx 1359 : 4096 35840 0 0 0 0 0 0 0 
_1.ptx 1360 : 4096 33056 0 0 0 0 0 0 0 
_1.ptx 1361 : 4096 32800 0 0 0 0 0 0 0 
_1.ptx 1362 : 4096 33056 0 0 0 0 0 0 0 
_1.ptx 1365 : 4096 0 0 0 0 0 0 0 0 
_1.ptx 1366 : 4096 35328 0 0 0 0 0 0 0 
_1.ptx 1367 : 4096 30016 0 0 0 0 0 0 0 
_1.ptx 1368 : 4096 31168 0 0 0 0 0 0 0 
_1.ptx 1369 : 4096 24864 0 0 0 0 0 0 0 
_1.ptx 1370 : 4096 29728 0 0 0 0 0 0 0 
_1.ptx 1374 : 327680 2066080 0 0 0 0 0 0 0 
_1.ptx 1375 : 327680 31067968 1310720 0 0 0 0 0 0 
_1.ptx 1377 : 327680 2031456 0 0 0 0 0 0 0 
_1.ptx 1378 : 327680 33033184 1310720 0 0 0 0 0 0 
_1.ptx 1379 : 327680 3342784 0 0 0 0 0 0 0 
_1.ptx 1380 : 327680 3358720 0 0 0 0 0 0 0 
_1.ptx 1381 : 327680 3391744 0 0 0 0 0 0 0 
_1.ptx 1382 : 327680 2716512 0 0 0 0 0 0 0 
_1.ptx 1383 : 327680 2054528 0 0 0 0 0 0 0 
_1.ptx 1386 : 4096 0 0 0 0 0 0 0 0 
_1.ptx 1387 : 4096 30432 0 0 0 0 0 0 0 
_1.ptx 1388 : 4096 27232 0 0 0 0 0 0 0 
_1.ptx 1389 : 4096 29664 0 0 0 0 0 0 0 
_1.ptx 1393 : 163840 1684448 0 0 0 0 0 0 0 
_1.ptx 1394 : 163840 1204032 0 0 0 0 0 0 0 
_1.ptx 1395 : 163840 1354304 0 0 0 0 0 0 0 
_1.ptx 1396 : 163840 0 0 0 0 0 0 0 0 
_1.ptx 1397 : 163840 1843392 0 0 0 0 0 0 0 
_1.ptx 1398 : 163840 1716416 0 0 0 0 0 0 0 
_1.ptx 1399 : 163840 4888128 0 0 0 0 0 0 0 
_1.ptx 1400 : 163840 2560320 0 0 0 0 0 0 0 
_1.ptx 1401 : 163840 1262400 0 0 0 0 0 0 0 
_1.ptx 1402 : 163840 2767360 0 0 0 0 0 0 0 
_1.ptx 1403 : 163840 1881664 0 0 0 0 0 0 0 
_1.ptx 1404 : 163840 1313856 0 0 0 0 0 0 0 
_1.ptx 1405 : 163840 1941312 0 0 0 0 0 0 0 
_1.ptx 1406 : 163840 1869728 0 0 0 0 0 0 0 
_1.ptx 1407 : 163840 54442944 655360 0 0 0 0 0 0 
_1.ptx 1408 : 163840 1857952 0 0 0 0 0 0 0 
_1.ptx 1409 : 163840 1240928 0 0 0 0 0 0 0 
_1.ptx 1410 : 163840 1141440 0 0 0 0 0 0 0 
_1.ptx 1411 : 163840 1245952 0 0 0 0 0 0 0 
_1.ptx 1415 : 9748480 109641824 0 0 0 0 0 0 0 
_1.ptx 1416 : 9748480 71360672 0 0 0 0 0 0 0 
_1.ptx 1417 : 9748480 117189280 0 0 0 0 0 0 0 
_1.ptx 1418 : 9748480 109177408 0 0 0 0 0 0 0 
_1.ptx 1419 : 9748480 309910720 512 0 0 0 0 0 0 
_1.ptx 1421 : 9748480 110048736 0 0 0 0 0 0 0 
_1.ptx 1422 : 9748480 2670627744 28626304 0 0 0 0 0 0 
_1.ptx 1423 : 9748480 110352800 0 0 0 0 0 0 0 
_1.ptx 1424 : 9748480 110728576 0 0 0 0 0 0 0 
_1.ptx 1425 : 9748480 73653024 0 0 0 0 0 0 0 
_1.ptx 1426 : 9748480 65548192 0 0 0 0 0 0 0 
_1.ptx 1427 : 9748480 149363072 0 0 0 0 0 0 0 
_1.ptx 1428 : 9748480 72373888 0 0 0 0 0 0 0 
_1.ptx 1429 : 9748480 472129376 0 0 0 0 0 0 0 
_1.ptx 1430 : 9748480 110400512 0 0 0 0 0 0 0 
_1.ptx 1432 : 9748480 111568896 0 0 0 0 0 0 0 
_1.ptx 1433 : 9748480 75360736 0 0 0 0 0 0 0 
_1.ptx 1434 : 9748480 76760864 0 0 0 0 0 0 0 
_1.ptx 1435 : 9748480 77671392 0 0 0 0 0 0 0 
_1.ptx 1436 : 9748480 71354112 0 0 0 0 0 0 0 
_1.ptx 1437 : 9748480 153276960 0 0 0 0 0 0 0 
_1.ptx 1438 : 9748480 151448672 0 0 0 0 0 0 0 
_1.ptx 1439 : 9748480 159351840 0 0 0 0 0 0 0 
_1.ptx 1440 : 9748480 75776096 0 0 0 0 0 0 0 
_1.ptx 1441 : 9748480 67542048 0 0 0 0 0 0 0 
_1.ptx 1442 : 9748480 114360544 0 0 0 0 0 0 0 
_1.ptx 1443 : 9748480 159830592 0 0 0 0 0 0 0 
_1.ptx 1444 : 9748480 110391552 0 0 0 0 0 0 0 
_1.ptx 1445 : 9748480 390071520 0 0 0 0 0 0 0 
_1.ptx 1446 : 9748480 100685056 0 0 0 0 0 0 0 
_1.ptx 1447 : 9748480 101561344 0 0 0 0 0 0 0 
_1.ptx 1448 : 9748480 81014528 0 0 0 0 0 0 0 
_1.ptx 1449 : 9748480 60755744 0 0 0 0 0 0 0 
_1.ptx 1451 : 163840 1211168 0 0 0 0 0 0 0 
_1.ptx 1452 : 163840 1358592 0 0 0 0 0 0 0 
_1.ptx 1453 : 163840 1014464 0 0 0 0 0 0 0 
_1.ptx 1456 : 4096 0 0 0 0 0 0 0 0 
_1.ptx 1457 : 4096 45568 0 0 0 0 0 0 0 
_1.ptx 1458 : 4096 29440 0 0 0 0 0 0 0 
_1.ptx 1459 : 4096 26016 0 0 0 0 0 0 0 
_1.ptx 1460 : 4096 29280 0 0 0 0 0 0 0 
_1.ptx 1461 : 4096 241184 0 0 0 0 0 0 0 
_1.ptx 1462 : 4096 46176 0 0 0 0 0 0 0 
_1.ptx 1463 : 4096 30080 0 0 0 0 0 0 0 
_1.ptx 1464 : 4096 30624 0 0 0 0 0 0 0 
_1.ptx 1465 : 4096 70336 0 0 0 0 0 0 0 
_1.ptx 1466 : 4096 26432 0 0 0 0 0 0 0 
_1.ptx 1467 : 4096 26240 0 0 0 0 0 0 0 
_1.ptx 1468 : 4096 30752 0 0 0 0 0 0 0 
_1.ptx 1472 : 163840 1189408 0 0 0 0 0 0 0 
_1.ptx 1473 : 163840 35870688 225152 0 0 0 0 0 0 
_1.ptx 1474 : 163840 1825344 0 0 0 0 0 0 0 
_1.ptx 1475 : 163840 1186624 0 0 0 0 0 0 0 
_1.ptx 1476 : 163840 1033600 0 0 0 0 0 0 0 
_1.ptx 1477 : 163840 2480928 0 0 0 0 0 0 0 
_1.ptx 1478 : 163840 65262208 0 0 0 0 0 0 0 
_1.ptx 1479 : 163840 1178112 0 0 0 0 0 0 0 
_1.ptx 1481 : 163840 1492576 0 0 0 0 0 0 0 
_1.ptx 1483 : 163840 3794464 655360 0 0 0 0 0 0 
_1.ptx 1485 : 163840 4465312 655360 0 0 0 0 0 0 
_1.ptx 1486 : 163840 1664032 0 0 0 0 0 0 0 
_1.ptx 1487 : 163840 1671200 0 0 0 0 0 0 0 
_1.ptx 1488 : 163840 1674720 0 0 0 0 0 0 0 
_1.ptx 1489 : 163840 1680416 0 0 0 0 0 0 0 
_1.ptx 1490 : 163840 1455360 0 0 0 0 0 0 0 
_1.ptx 1491 : 163840 989568 0 0 0 0 0 0 0 
_1.ptx 1493 : 4096 0 0 0 0 0 0 0 0 
_1.ptx 1494 : 4096 29952 0 0 0 0 0 0 0 
_1.ptx 1495 : 4096 29888 0 0 0 0 0 0 0 
_1.ptx 1496 : 4096 29952 0 0 0 0 0 0 0 
_1.ptx 1497 : 4096 26560 0 0 0 0 0 0 0 
_1.ptx 1498 : 4096 25760 0 0 0 0 0 0 0 
_1.ptx 1499 : 4096 29280 0 0 0 0 0 0 0 
_1.ptx 1503 : 61440 929632 256 0 0 0 0 0 0 
_1.ptx 1504 : 61440 437344 0 0 0 0 0 0 0 
_1.ptx 1505 : 61440 4206400 0 0 0 0 0 0 0 
_1.ptx 1506 : 61440 681376 0 0 0 0 0 0 0 
_1.ptx 1507 : 61440 5255360 14592 0 0 0 0 0 0 
_1.ptx 1508 : 61440 1152096 256 0 0 0 0 0 0 
_1.ptx 1509 : 61440 678944 0 0 0 0 0 0 0 
_1.ptx 1510 : 61440 5930304 16384 0 0 0 0 0 0 
_1.ptx 1511 : 61440 557088 0 0 0 0 0 0 0 
_1.ptx 1512 : 61440 437696 0 0 0 0 0 0 0 
_1.ptx 1513 : 61440 380064 0 0 0 0 0 0 0 
_1.ptx 1514 : 61440 926752 0 0 0 0 0 0 0 
_1.ptx 1515 : 61440 439584 0 0 0 0 0 0 0 
_1.ptx 1517 : 61440 441952 0 0 0 0 0 0 0 
_1.ptx 1518 : 61440 446944 0 0 0 0 0 0 0 
_1.ptx 1519 : 61440 400320 0 0 0 0 0 0 0 
_1.ptx 1520 : 61440 993472 0 0 0 0 0 0 0 
_1.ptx 1521 : 61440 442528 0 0 0 0 0 0 0 
_1.ptx 1522 : 61440 383040 0 0 0 0 0 0 0 
_1.ptx 1523 : 61440 502752 0 0 0 0 0 0 0 
_1.ptx 1524 : 61440 558944 0 0 0 0 0 0 0 
_1.ptx 1525 : 61440 621536 0 0 0 0 0 0 0 
_1.ptx 1526 : 61440 626848 0 0 0 0 0 0 0 
_1.ptx 1527 : 61440 627296 0 0 0 0 0 0 0 
_1.ptx 1528 : 61440 498080 0 0 0 0 0 0 0 
_1.ptx 1529 : 61440 350208 0 0 0 0 0 0 0 
_1.ptx 1530 : 4096 24672 0 0 0 0 0 0 0 
_1.ptx 1534 : 4096 0 0 0 0 0 0 0 0 
_1.ptx 1535 : 4096 28704 0 0 0 0 0 0 0 
_1.ptx 1536 : 4096 24576 0 0 0 0 0 0 0 
_1.ptx 1537 : 4096 59360 0 0 0 0 0 0 0 
_1.ptx 1538 : 4096 24608 0 0 0 0 0 0 0 
_1.ptx 1539 : 4096 24608 0 0 0 0 0 0 0 
_1.ptx 1540 : 4096 28960 0 0 0 0 0 0 0 
_1.ptx 1544 : 163840 1171904 0 0 0 0 0 0 0 
_1.ptx 1545 : 163840 47747456 649088 0 0 0 0 0 0 
_1.ptx 1546 : 163840 1810688 0 0 0 0 0 0 0 
_1.ptx 1547 : 163840 1159904 0 0 0 0 0 0 0 
_1.ptx 1548 : 163840 999296 0 0 0 0 0 0 0 
_1.ptx 1549 : 163840 2470336 0 0 0 0 0 0 0 
_1.ptx 1550 : 163840 60767968 0 0 0 0 0 0 0 
_1.ptx 1551 : 163840 1155872 0 0 0 0 0 0 0 
_1.ptx 1552 : 163840 1647104 0 0 0 0 0 0 0 
_1.ptx 1553 : 163840 1648480 0 0 0 0 0 0 0 
_1.ptx 1554 : 163840 1320832 0 0 0 0 0 0 0 
_1.ptx 1555 : 163840 981056 0 0 0 0 0 0 0 
_1.ptx 1556 : 4096 25408 0 0 0 0 0 0 0 
_1.ptx 1561 : 4096 45536 0 0 0 0 0 0 0 
_1.ptx 1563 : 4096 46976 16384 0 0 128 128 0 0 
_1.ptx 1564 : 4096 45440 0 0 0 0 0 0 0 
_1.ptx 1565 : 4096 45504 0 0 0 0 0 0 0 
_1.ptx 1566 : 4096 25184 0 0 0 0 0 0 0 
_1.ptx 1567 : 4096 32832 0 0 0 0 0 0 0 
_1.ptx 1568 : 4096 0 0 0 0 0 0 0 0 
_1.ptx 1571 : 4096 24672 0 0 0 0 0 0 0 
