kernel line : count latency dram_traffic smem_bk_conflicts smem_warp gmem_access_generated gmem_warp exposed_latency warp_divergence
_1.ptx 823 : 4096 24576 0 0 0 0 0 0 0 
_1.ptx 824 : 4096 24576 0 0 0 0 0 0 0 
_1.ptx 825 : 4096 60672 0 0 0 0 0 0 0 
_1.ptx 826 : 4096 24576 0 0 0 0 0 0 0 
_1.ptx 827 : 4096 45536 0 0 0 0 0 0 0 
_1.ptx 828 : 4096 29344 0 0 0 0 0 0 0 
_1.ptx 829 : 4096 24608 0 0 0 0 0 0 0 
_1.ptx 830 : 4096 33248 0 0 0 0 0 0 0 
_1.ptx 831 : 4096 0 0 0 0 0 0 0 0 
_1.ptx 832 : 4096 12288 0 0 0 0 0 0 0 
_1.ptx 833 : 4096 24576 0 0 0 0 0 0 0 
_1.ptx 834 : 4096 32800 0 0 0 0 0 0 0 
_1.ptx 835 : 4096 12288 0 0 0 0 0 0 0 
_1.ptx 836 : 4096 25984 0 0 0 0 0 0 0 
_1.ptx 837 : 4096 35072 0 0 0 0 0 0 0 
_1.ptx 838 : 4096 48064 0 0 0 0 0 0 0 
_1.ptx 839 : 4096 12288 0 0 0 0 0 0 0 
_1.ptx 840 : 4096 29984 0 0 0 0 0 0 0 
_1.ptx 841 : 4096 36832 0 0 0 0 0 0 0 
_1.ptx 842 : 4096 35424 0 0 0 0 0 0 0 
_1.ptx 843 : 4096 45504 0 0 0 0 0 0 0 
_1.ptx 844 : 4096 30432 0 0 0 0 0 0 0 
_1.ptx 845 : 4096 51488 0 0 0 0 0 0 0 
_1.ptx 846 : 4096 30432 0 0 0 0 0 0 0 
_1.ptx 847 : 4096 36000 0 0 0 0 0 0 0 
_1.ptx 848 : 4096 46336 0 0 0 0 0 0 0 
_1.ptx 849 : 4096 33888 0 0 0 0 0 0 0 
_1.ptx 850 : 4096 46080 0 0 0 0 0 0 0 
_1.ptx 851 : 4096 30528 0 0 0 0 0 0 0 
_1.ptx 852 : 4096 25856 0 0 0 0 0 0 0 
_1.ptx 853 : 4096 34176 0 0 0 0 0 0 0 
_1.ptx 854 : 4096 26976 0 0 0 0 0 0 0 
_1.ptx 855 : 4096 34688 0 0 0 0 0 0 0 
_1.ptx 856 : 4096 12288 0 0 0 0 0 0 0 
_1.ptx 857 : 4096 47040 0 0 0 0 0 0 0 
_1.ptx 858 : 4096 44288 0 0 0 0 0 0 0 
_1.ptx 859 : 4096 12288 0 0 0 0 0 0 0 
_1.ptx 860 : 4096 46624 0 0 0 0 0 0 0 
_1.ptx 861 : 4096 29344 0 0 0 0 0 0 0 
_1.ptx 862 : 4096 30464 0 0 0 0 0 0 0 
_1.ptx 863 : 4096 30208 0 0 0 0 0 0 0 
_1.ptx 864 : 4096 30528 0 0 0 0 0 0 0 
_1.ptx 865 : 4096 28704 0 0 0 0 0 0 0 
_1.ptx 866 : 4096 29664 0 0 0 0 0 0 0 
_1.ptx 867 : 4096 24576 0 0 0 0 0 0 0 
_1.ptx 868 : 4096 24576 0 0 0 0 0 0 0 
_1.ptx 869 : 4096 25568 0 0 0 0 0 0 0 
_1.ptx 870 : 4096 25344 0 0 0 0 0 0 0 
_1.ptx 873 : 4096 0 0 0 0 0 0 0 0 
_1.ptx 874 : 4096 29120 0 0 0 0 0 0 0 
_1.ptx 875 : 4096 26528 0 0 0 0 0 0 0 
_1.ptx 876 : 4096 26432 0 0 0 0 0 0 0 
_1.ptx 877 : 4096 25056 0 0 0 0 0 0 0 
_1.ptx 878 : 4096 29664 0 0 0 0 0 0 0 
_1.ptx 882 : 327680 1971808 0 0 0 0 0 0 0 
_1.ptx 883 : 327680 31309024 1310720 0 0 0 0 0 0 
_1.ptx 885 : 327680 1969376 0 0 0 0 0 0 0 
_1.ptx 886 : 327680 31636832 1310720 0 0 0 0 0 0 
_1.ptx 887 : 327680 3284672 0 0 0 0 0 0 0 
_1.ptx 888 : 327680 3285440 0 0 0 0 0 0 0 
_1.ptx 889 : 327680 3295584 0 0 0 0 0 0 0 
_1.ptx 890 : 327680 2632096 0 0 0 0 0 0 0 
_1.ptx 891 : 327680 1952096 0 0 0 0 0 0 0 
_1.ptx 894 : 4096 0 0 0 0 0 0 0 0 
_1.ptx 895 : 4096 28736 0 0 0 0 0 0 0 
_1.ptx 896 : 4096 24768 0 0 0 0 0 0 0 
_1.ptx 897 : 4096 24672 0 0 0 0 0 0 0 
_1.ptx 898 : 4096 24704 0 0 0 0 0 0 0 
_1.ptx 899 : 4096 28704 0 0 0 0 0 0 0 
_1.ptx 903 : 327680 134783392 1309952 0 0 0 0 0 0 
_1.ptx 904 : 327680 4488800 1178112 0 0 0 0 0 0 
_1.ptx 905 : 327680 3287008 0 0 0 0 0 0 0 
_1.ptx 906 : 327680 3285952 0 0 0 0 0 0 0 
_1.ptx 907 : 327680 3307680 0 0 0 0 0 0 0 
_1.ptx 908 : 327680 2632448 0 0 0 0 0 0 0 
_1.ptx 909 : 327680 1956672 0 0 0 0 0 0 0 
_1.ptx 911 : 4096 0 0 0 0 0 0 0 0 
_1.ptx 912 : 4096 29536 0 0 0 0 0 0 0 
_1.ptx 913 : 4096 26784 0 0 0 0 0 0 0 
_1.ptx 914 : 4096 29248 0 0 0 0 0 0 0 
_1.ptx 918 : 163840 1780096 0 0 0 0 0 0 0 
_1.ptx 919 : 163840 1317152 0 0 0 0 0 0 0 
_1.ptx 920 : 163840 1442240 0 0 0 0 0 0 0 
_1.ptx 921 : 163840 0 0 0 0 0 0 0 0 
_1.ptx 922 : 163840 1936064 0 0 0 0 0 0 0 
_1.ptx 923 : 163840 1796544 0 0 0 0 0 0 0 
_1.ptx 924 : 163840 492992 0 0 0 0 0 0 0 
_1.ptx 925 : 163840 2646240 0 0 0 0 0 0 0 
_1.ptx 926 : 163840 3057440 0 0 0 0 0 0 0 
_1.ptx 927 : 163840 1886144 0 0 0 0 0 0 0 
_1.ptx 928 : 163840 1317600 0 0 0 0 0 0 0 
_1.ptx 929 : 163840 1956544 0 0 0 0 0 0 0 
_1.ptx 930 : 163840 1896480 0 0 0 0 0 0 0 
_1.ptx 931 : 163840 1320576 0 0 0 0 0 0 0 
_1.ptx 932 : 163840 1873056 0 0 0 0 0 0 0 
_1.ptx 933 : 163840 1891968 0 0 0 0 0 0 0 
_1.ptx 934 : 163840 50258592 655360 0 0 0 0 0 0 
_1.ptx 935 : 163840 1894560 0 0 0 0 0 0 0 
_1.ptx 936 : 163840 1318432 0 0 0 0 0 0 0 
_1.ptx 937 : 163840 1243104 0 0 0 0 0 0 0 
_1.ptx 938 : 163840 1332384 0 0 0 0 0 0 0 
_1.ptx 942 : 9748480 112827392 0 0 0 0 0 0 0 
_1.ptx 943 : 9748480 77608896 0 0 0 0 0 0 0 
_1.ptx 944 : 9748480 113761280 0 0 0 0 0 0 0 
_1.ptx 945 : 9748480 113438400 0 0 0 0 0 0 0 
_1.ptx 946 : 9748480 40184928 0 0 0 0 0 0 0 
_1.ptx 948 : 9748480 112393632 0 0 0 0 0 0 0 
_1.ptx 949 : 9748480 1062191808 8178560 0 0 0 0 0 0 
_1.ptx 950 : 9748480 113402752 0 0 0 0 0 0 0 
_1.ptx 951 : 9748480 113775104 0 0 0 0 0 0 0 
_1.ptx 952 : 9748480 77201792 0 0 0 0 0 0 0 
_1.ptx 953 : 9748480 70327008 0 0 0 0 0 0 0 
_1.ptx 954 : 9748480 152508864 0 0 0 0 0 0 0 
_1.ptx 955 : 9748480 76233728 0 0 0 0 0 0 0 
_1.ptx 956 : 9748480 469852256 0 0 0 0 0 0 0 
_1.ptx 957 : 9748480 112761504 0 0 0 0 0 0 0 
_1.ptx 959 : 9748480 113603392 0 0 0 0 0 0 0 
_1.ptx 960 : 9748480 77886208 0 0 0 0 0 0 0 
_1.ptx 961 : 9748480 79589120 0 0 0 0 0 0 0 
_1.ptx 962 : 9748480 80174368 0 0 0 0 0 0 0 
_1.ptx 963 : 9748480 74777216 0 0 0 0 0 0 0 
_1.ptx 964 : 9748480 152718976 0 0 0 0 0 0 0 
_1.ptx 965 : 9748480 150871840 0 0 0 0 0 0 0 
_1.ptx 966 : 9748480 159080608 0 0 0 0 0 0 0 
_1.ptx 967 : 9748480 76456640 0 0 0 0 0 0 0 
_1.ptx 968 : 9748480 68538464 0 0 0 0 0 0 0 
_1.ptx 969 : 9748480 115802976 0 0 0 0 0 0 0 
_1.ptx 970 : 9748480 156685344 0 0 0 0 0 0 0 
_1.ptx 971 : 9748480 113348096 0 0 0 0 0 0 0 
_1.ptx 972 : 9748480 50217600 0 0 0 0 0 0 0 
_1.ptx 974 : 9748480 112314784 0 0 0 0 0 0 0 
_1.ptx 975 : 9748480 77607904 0 0 0 0 0 0 0 
_1.ptx 976 : 9748480 115282080 0 0 0 0 0 0 0 
_1.ptx 977 : 9748480 112171424 0 0 0 0 0 0 0 
_1.ptx 978 : 9748480 49743456 38993920 0 0 0 0 0 0 
_1.ptx 979 : 9748480 103453120 0 0 0 0 0 0 0 
_1.ptx 980 : 9748480 104181568 0 0 0 0 0 0 0 
_1.ptx 981 : 9748480 84804256 0 0 0 0 0 0 0 
_1.ptx 982 : 9748480 66274784 0 0 0 0 0 0 0 
_1.ptx 984 : 163840 1305440 0 0 0 0 0 0 0 
_1.ptx 985 : 163840 1438976 0 0 0 0 0 0 0 
_1.ptx 986 : 163840 1127008 0 0 0 0 0 0 0 
_1.ptx 989 : 4096 0 0 0 0 0 0 0 0 
_1.ptx 990 : 4096 32224 0 0 0 0 0 0 0 
_1.ptx 991 : 4096 32608 0 0 0 0 0 0 0 
_1.ptx 992 : 4096 33088 0 0 0 0 0 0 0 
_1.ptx 993 : 4096 30176 0 0 0 0 0 0 0 
_1.ptx 994 : 4096 28768 0 0 0 0 0 0 0 
_1.ptx 995 : 4096 80224 0 0 0 0 0 0 0 
_1.ptx 996 : 4096 46464 0 0 0 0 0 0 0 
_1.ptx 997 : 4096 12544 0 0 0 0 0 0 0 
_1.ptx 998 : 4096 27264 0 0 0 0 0 0 0 
_1.ptx 999 : 4096 29024 0 0 0 0 0 0 0 
_1.ptx 1000 : 4096 33664 0 0 0 0 0 0 0 
_1.ptx 1004 : 163840 1253824 0 0 0 0 0 0 0 
_1.ptx 1005 : 163840 2607456 1664 0 0 0 0 0 0 
_1.ptx 1006 : 163840 1858080 0 0 0 0 0 0 0 
_1.ptx 1007 : 163840 1237856 0 0 0 0 0 0 0 
_1.ptx 1008 : 163840 1100768 0 0 0 0 0 0 0 
_1.ptx 1009 : 163840 2533152 0 0 0 0 0 0 0 
_1.ptx 1010 : 163840 1239840 0 0 0 0 0 0 0 
_1.ptx 1011 : 163840 9851264 0 0 0 0 0 0 0 
_1.ptx 1013 : 163840 1528544 0 0 0 0 0 0 0 
_1.ptx 1015 : 163840 850560 655360 0 0 0 0 0 0 
_1.ptx 1017 : 163840 831872 655360 0 0 0 0 0 0 
_1.ptx 1018 : 163840 1712000 0 0 0 0 0 0 0 
_1.ptx 1019 : 163840 1730080 0 0 0 0 0 0 0 
_1.ptx 1020 : 163840 1733824 0 0 0 0 0 0 0 
_1.ptx 1021 : 163840 1755392 0 0 0 0 0 0 0 
_1.ptx 1022 : 163840 1408352 0 0 0 0 0 0 0 
_1.ptx 1023 : 163840 1043840 0 0 0 0 0 0 0 
_1.ptx 1025 : 4096 0 0 0 0 0 0 0 0 
_1.ptx 1026 : 4096 31328 0 0 0 0 0 0 0 
_1.ptx 1027 : 4096 28768 0 0 0 0 0 0 0 
_1.ptx 1028 : 4096 27424 0 0 0 0 0 0 0 
_1.ptx 1029 : 4096 28768 0 0 0 0 0 0 0 
_1.ptx 1030 : 4096 31264 0 0 0 0 0 0 0 
_1.ptx 1034 : 163840 1085472 0 0 0 0 0 0 0 
_1.ptx 1035 : 163840 835872 655360 0 0 0 0 0 0 
_1.ptx 1037 : 163840 1072064 0 0 0 0 0 0 0 
_1.ptx 1038 : 163840 835392 655360 0 0 0 0 0 0 
_1.ptx 1039 : 163840 1712320 0 0 0 0 0 0 0 
_1.ptx 1040 : 163840 1722784 0 0 0 0 0 0 0 
_1.ptx 1041 : 163840 1742144 0 0 0 0 0 0 0 
_1.ptx 1042 : 163840 1374976 0 0 0 0 0 0 0 
_1.ptx 1043 : 163840 1043040 0 0 0 0 0 0 0 
_1.ptx 1045 : 4096 0 0 0 0 0 0 0 0 
_1.ptx 1046 : 4096 30304 0 0 0 0 0 0 0 
_1.ptx 1047 : 4096 30912 0 0 0 0 0 0 0 
_1.ptx 1048 : 4096 31328 0 0 0 0 0 0 0 
_1.ptx 1049 : 4096 28448 0 0 0 0 0 0 0 
_1.ptx 1050 : 4096 27584 0 0 0 0 0 0 0 
_1.ptx 1051 : 4096 31584 0 0 0 0 0 0 0 
_1.ptx 1055 : 61440 254304 0 0 0 0 0 0 0 
_1.ptx 1056 : 61440 254016 0 0 0 0 0 0 0 
_1.ptx 1057 : 61440 456288 0 0 0 0 0 0 0 
_1.ptx 1058 : 61440 1781792 0 0 0 0 0 0 0 
_1.ptx 1059 : 61440 695712 0 0 0 0 0 0 0 
_1.ptx 1060 : 61440 3876896 15488 0 0 0 0 0 0 
_1.ptx 1061 : 61440 693600 0 0 0 0 0 0 0 
_1.ptx 1062 : 61440 3780736 12928 0 0 0 0 0 0 
_1.ptx 1063 : 61440 569184 0 0 0 0 0 0 0 
_1.ptx 1064 : 61440 459872 0 0 0 0 0 0 0 
_1.ptx 1065 : 61440 411168 0 0 0 0 0 0 0 
_1.ptx 1066 : 61440 942144 0 0 0 0 0 0 0 
_1.ptx 1067 : 61440 461888 0 0 0 0 0 0 0 
_1.ptx 1068 : 61440 424864 0 0 0 0 0 0 0 
_1.ptx 1069 : 61440 521856 0 0 0 0 0 0 0 
_1.ptx 1070 : 61440 0 0 0 0 0 0 0 0 
_1.ptx 1072 : 61440 405952 0 0 0 0 0 0 0 
_1.ptx 1073 : 61440 576384 0 0 0 0 0 0 0 
_1.ptx 1075 : 61440 704960 0 0 0 0 0 0 0 
_1.ptx 1076 : 61440 3280608 384 0 0 0 0 0 0 
_1.ptx 1077 : 61440 398240 0 0 0 0 0 0 0 
_1.ptx 1078 : 61440 572448 0 0 0 0 0 0 0 
_1.ptx 1079 : 61440 311840 0 0 0 0 0 0 0 
_1.ptx 1081 : 61440 693568 0 0 0 0 0 0 0 
_1.ptx 1082 : 61440 3294624 896 0 0 0 0 0 0 
_1.ptx 1083 : 61440 391328 0 0 0 0 0 0 0 
_1.ptx 1084 : 61440 695008 0 0 0 0 0 0 0 
_1.ptx 1085 : 61440 312672 0 0 0 0 0 0 0 
_1.ptx 1087 : 61440 638336 0 0 0 0 0 0 0 
_1.ptx 1088 : 61440 640064 0 0 0 0 0 0 0 
_1.ptx 1089 : 61440 646688 0 0 0 0 0 0 0 
_1.ptx 1090 : 61440 516800 0 0 0 0 0 0 0 
_1.ptx 1091 : 61440 371360 0 0 0 0 0 0 0 
_1.ptx 1092 : 4096 26944 0 0 0 0 0 0 0 
_1.ptx 1096 : 4096 0 0 0 0 0 0 0 0 
_1.ptx 1097 : 4096 31072 0 0 0 0 0 0 0 
_1.ptx 1098 : 4096 46816 0 0 0 0 0 0 0 
_1.ptx 1099 : 4096 33056 0 0 0 0 0 0 0 
_1.ptx 1100 : 4096 111488 0 0 0 0 0 0 0 
_1.ptx 1101 : 4096 46560 0 0 0 0 0 0 0 
_1.ptx 1102 : 4096 46688 0 0 0 0 0 0 0 
_1.ptx 1103 : 4096 47264 0 0 0 0 0 0 0 
_1.ptx 1104 : 4096 32288 0 0 0 0 0 0 0 
_1.ptx 1105 : 4096 93536 0 0 0 0 0 0 0 
_1.ptx 1106 : 4096 46528 0 0 0 0 0 0 0 
_1.ptx 1107 : 4096 12448 0 0 0 0 0 0 0 
_1.ptx 1108 : 4096 31296 0 0 0 0 0 0 0 
_1.ptx 1112 : 163840 668288 0 0 0 0 0 0 0 
_1.ptx 1113 : 163840 1201280 0 0 0 0 0 0 0 
_1.ptx 1114 : 163840 670272 0 0 0 0 0 0 0 
_1.ptx 1115 : 163840 1512192 0 0 0 0 0 0 0 
_1.ptx 1116 : 163840 944640 0 0 0 0 0 0 0 
_1.ptx 1118 : 163840 24553184 263424 0 0 0 0 0 0 
_1.ptx 1119 : 163840 1835392 0 0 0 0 0 0 0 
_1.ptx 1120 : 163840 1205984 0 0 0 0 0 0 0 
_1.ptx 1121 : 163840 1061888 0 0 0 0 0 0 0 
_1.ptx 1122 : 163840 2497440 0 0 0 0 0 0 0 
_1.ptx 1123 : 163840 1199840 0 0 0 0 0 0 0 
_1.ptx 1124 : 163840 11489280 0 0 0 0 0 0 0 
_1.ptx 1125 : 163840 43201696 533376 0 0 0 0 0 0 
_1.ptx 1126 : 163840 1838688 0 0 0 0 0 0 0 
_1.ptx 1127 : 163840 1837184 0 0 0 0 0 0 0 
_1.ptx 1128 : 163840 1204768 0 0 0 0 0 0 0 
_1.ptx 1129 : 163840 837120 0 0 0 0 0 0 0 
_1.ptx 1130 : 163840 1349696 0 0 0 0 0 0 0 
_1.ptx 1131 : 163840 25888 0 0 0 0 0 0 0 
_1.ptx 1133 : 159744 40722816 467968 0 0 0 0 0 0 
_1.ptx 1134 : 159744 1791648 0 0 0 0 0 0 0 
_1.ptx 1135 : 159744 827072 0 0 0 0 0 0 0 
_1.ptx 1137 : 159744 41530112 486016 0 0 0 0 0 0 
_1.ptx 1138 : 159744 1783008 0 0 0 0 0 0 0 
_1.ptx 1139 : 159744 1175904 0 0 0 0 0 0 0 
_1.ptx 1140 : 159744 1060320 0 0 0 0 0 0 0 
_1.ptx 1141 : 159744 2436448 0 0 0 0 0 0 0 
_1.ptx 1142 : 159744 1169760 0 0 0 0 0 0 0 
_1.ptx 1143 : 159744 11113184 0 0 0 0 0 0 0 
_1.ptx 1144 : 159744 1789760 0 0 0 0 0 0 0 
_1.ptx 1145 : 159744 809184 0 0 0 0 0 0 0 
_1.ptx 1147 : 163840 1680800 0 0 0 0 0 0 0 
_1.ptx 1148 : 163840 1698400 0 0 0 0 0 0 0 
_1.ptx 1149 : 163840 1699872 0 0 0 0 0 0 0 
_1.ptx 1150 : 163840 1716288 0 0 0 0 0 0 0 
_1.ptx 1151 : 163840 1717376 0 0 0 0 0 0 0 
_1.ptx 1152 : 163840 1379872 0 0 0 0 0 0 0 
_1.ptx 1153 : 163840 1015936 0 0 0 0 0 0 0 
_1.ptx 1155 : 4096 0 0 0 0 0 0 0 0 
_1.ptx 1156 : 4096 30336 0 0 0 0 0 0 0 
_1.ptx 1157 : 4096 27488 0 0 0 0 0 0 0 
_1.ptx 1158 : 4096 12416 0 0 0 0 0 0 0 
_1.ptx 1159 : 4096 25632 0 0 0 0 0 0 0 
_1.ptx 1160 : 4096 25792 0 0 0 0 0 0 0 
_1.ptx 1161 : 4096 29952 0 0 0 0 0 0 0 
_1.ptx 1165 : 163840 1165088 0 0 0 0 0 0 0 
_1.ptx 1166 : 163840 49117344 654080 0 0 0 0 0 0 
_1.ptx 1167 : 163840 1821376 0 0 0 0 0 0 0 
_1.ptx 1168 : 163840 1180832 0 0 0 0 0 0 0 
_1.ptx 1169 : 163840 1026112 0 0 0 0 0 0 0 
_1.ptx 1170 : 163840 2479456 0 0 0 0 0 0 0 
_1.ptx 1171 : 163840 61075200 0 0 0 0 0 0 0 
_1.ptx 1172 : 163840 1174912 0 0 0 0 0 0 0 
_1.ptx 1173 : 163840 1667264 0 0 0 0 0 0 0 
_1.ptx 1174 : 163840 1668256 0 0 0 0 0 0 0 
_1.ptx 1175 : 163840 1326464 0 0 0 0 0 0 0 
_1.ptx 1176 : 163840 978976 0 0 0 0 0 0 0 
_1.ptx 1177 : 4096 25024 0 0 0 0 0 0 0 
_1.ptx 1182 : 4096 45696 0 0 0 0 0 0 0 
_1.ptx 1183 : 4096 0 0 0 0 0 0 0 0 
_1.ptx 1184 : 4096 29664 0 0 0 0 0 0 0 
_1.ptx 1185 : 4096 12352 0 0 0 0 0 0 0 
_1.ptx 1186 : 4096 46144 0 0 0 0 0 0 0 
_1.ptx 1187 : 4096 25728 0 0 0 0 0 0 0 
_1.ptx 1188 : 4096 29824 0 0 0 0 0 0 0 
_1.ptx 1189 : 4096 29504 0 0 0 0 0 0 0 
_1.ptx 1190 : 4096 25536 0 0 0 0 0 0 0 
_1.ptx 1191 : 4096 29568 0 0 0 0 0 0 0 
_1.ptx 1195 : 163840 28436768 376064 0 0 0 0 0 0 
_1.ptx 1196 : 163840 1812064 0 0 0 0 0 0 0 
_1.ptx 1197 : 163840 1175552 0 0 0 0 0 0 0 
_1.ptx 1198 : 163840 1042080 0 0 0 0 0 0 0 
_1.ptx 1199 : 163840 2474816 0 0 0 0 0 0 0 
_1.ptx 1200 : 163840 61952096 0 0 0 0 0 0 0 
_1.ptx 1201 : 163840 1164864 0 0 0 0 0 0 0 
_1.ptx 1202 : 163840 828352 0 0 0 0 0 0 0 
_1.ptx 1203 : 163840 1653920 0 0 0 0 0 0 0 
_1.ptx 1204 : 163840 1655584 0 0 0 0 0 0 0 
_1.ptx 1205 : 163840 1325504 0 0 0 0 0 0 0 
_1.ptx 1206 : 163840 977760 0 0 0 0 0 0 0 
_1.ptx 1209 : 4096 29248 0 0 0 0 0 0 0 
_1.ptx 1210 : 4096 0 0 0 0 0 0 0 0 
_1.ptx 1211 : 4096 29216 0 0 0 0 0 0 0 
_1.ptx 1212 : 4096 29216 0 0 0 0 0 0 0 
_1.ptx 1213 : 4096 187616 0 0 0 0 0 0 0 
_1.ptx 1214 : 4096 45440 0 0 0 0 0 0 0 
_1.ptx 1215 : 4096 29344 0 0 0 0 0 0 0 
_1.ptx 1219 : 163840 46117184 611968 0 0 0 0 0 0 
_1.ptx 1220 : 163840 1815264 0 0 0 0 0 0 0 
_1.ptx 1221 : 163840 826336 0 0 0 0 0 0 0 
_1.ptx 1222 : 163840 1655264 0 0 0 0 0 0 0 
_1.ptx 1223 : 163840 1662400 0 0 0 0 0 0 0 
_1.ptx 1224 : 163840 1326912 0 0 0 0 0 0 0 
_1.ptx 1225 : 163840 981024 0 0 0 0 0 0 0 
_1.ptx 1228 : 4096 20704 16384 0 0 128 128 0 0 
_1.ptx 1230 : 4096 29280 0 0 0 0 0 0 0 
_1.ptx 1231 : 4096 0 0 0 0 0 0 0 0 
_1.ptx 1232 : 4096 29120 0 0 0 0 0 0 0 
_1.ptx 1233 : 4096 41504 0 0 0 0 0 0 0 
_1.ptx 1234 : 4096 29088 0 0 0 0 0 0 0 
_1.ptx 1237 : 163840 1319840 0 0 0 0 0 0 0 
_1.ptx 1238 : 163840 0 0 0 0 0 0 0 0 
_1.ptx 1239 : 163840 1809248 0 0 0 0 0 0 0 
_1.ptx 1240 : 163840 1647968 0 0 0 0 0 0 0 
_1.ptx 1241 : 163840 1811520 0 0 0 0 0 0 0 
_1.ptx 1242 : 163840 2164512 0 0 0 0 0 0 0 
_1.ptx 1243 : 163840 1169536 0 0 0 0 0 0 0 
_1.ptx 1244 : 163840 2061216 0 0 0 0 0 0 0 
_1.ptx 1245 : 163840 1815744 0 0 0 0 0 0 0 
_1.ptx 1246 : 163840 1172608 0 0 0 0 0 0 0 
_1.ptx 1247 : 163840 1887808 0 0 0 0 0 0 0 
_1.ptx 1248 : 163840 1810208 0 0 0 0 0 0 0 
_1.ptx 1249 : 163840 1810272 0 0 0 0 0 0 0 
_1.ptx 1250 : 163840 1158752 0 0 0 0 0 0 0 
_1.ptx 1251 : 163840 1887264 0 0 0 0 0 0 0 
_1.ptx 1252 : 163840 1808672 0 0 0 0 0 0 0 
_1.ptx 1253 : 163840 1809536 0 0 0 0 0 0 0 
_1.ptx 1254 : 163840 1809280 0 0 0 0 0 0 0 
_1.ptx 1255 : 163840 1160448 0 0 0 0 0 0 0 
_1.ptx 1256 : 163840 1891136 0 0 0 0 0 0 0 
_1.ptx 1257 : 163840 1808960 0 0 0 0 0 0 0 
_1.ptx 1258 : 163840 495776 0 0 0 0 0 0 0 
_1.ptx 1259 : 163840 993728 0 0 0 0 0 0 0 
_1.ptx 1260 : 163840 1175680 0 0 0 0 0 0 0 
_1.ptx 1264 : 9748480 2781124224 37073280 0 0 0 0 0 0 
_1.ptx 1265 : 9748480 39519008 0 0 0 0 0 0 0 
_1.ptx 1266 : 9748480 2952442976 38744448 0 0 0 0 0 0 
_1.ptx 1267 : 9748480 107541632 0 0 0 0 0 0 0 
_1.ptx 1268 : 9748480 88035968 0 0 0 0 0 0 0 
_1.ptx 1270 : 9748480 2883422016 38993920 0 0 0 0 0 0 
_1.ptx 1271 : 9748480 68987072 0 0 0 0 0 0 0 
_1.ptx 1272 : 9748480 107597440 0 0 0 0 0 0 0 
_1.ptx 1273 : 9748480 69034976 0 0 0 0 0 0 0 
_1.ptx 1274 : 9748480 60671456 0 0 0 0 0 0 0 
_1.ptx 1275 : 9748480 146564096 0 0 0 0 0 0 0 
_1.ptx 1276 : 9748480 68894272 0 0 0 0 0 0 0 
_1.ptx 1277 : 9748480 457577408 0 0 0 0 0 0 0 
_1.ptx 1279 : 9748480 107601632 0 0 0 0 0 0 0 
_1.ptx 1280 : 9748480 107556896 0 0 0 0 0 0 0 
_1.ptx 1281 : 9748480 107625120 0 0 0 0 0 0 0 
_1.ptx 1282 : 9748480 458332704 0 0 0 0 0 0 0 
_1.ptx 1283 : 9748480 88168832 0 0 0 0 0 0 0 
_1.ptx 1284 : 9748480 49123936 0 0 0 0 0 0 0 
_1.ptx 1285 : 9748480 97941312 0 0 0 0 0 0 0 
_1.ptx 1286 : 9748480 98253120 0 0 0 0 0 0 0 
_1.ptx 1287 : 9748480 98436160 0 0 0 0 0 0 0 
_1.ptx 1288 : 9748480 98579424 0 0 0 0 0 0 0 
_1.ptx 1289 : 9748480 98629056 0 0 0 0 0 0 0 
_1.ptx 1290 : 9748480 60195904 0 0 0 0 0 0 0 
_1.ptx 1291 : 9748480 78522240 0 0 0 0 0 0 0 
_1.ptx 1292 : 9748480 58022528 0 0 0 0 0 0 0 
_1.ptx 1294 : 163840 1647648 0 0 0 0 0 0 0 
_1.ptx 1295 : 163840 995968 0 0 0 0 0 0 0 
_1.ptx 1296 : 163840 1318336 0 0 0 0 0 0 0 
_1.ptx 1297 : 163840 966784 0 0 0 0 0 0 0 
_1.ptx 1300 : 4096 1019552 12544 0 0 0 0 0 0 
_1.ptx 1301 : 4096 20544 16384 0 0 128 128 0 0 
_1.ptx 1302 : 4096 45120 0 0 0 0 0 0 0 
_1.ptx 1303 : 4096 45184 0 0 0 0 0 0 0 
_1.ptx 1304 : 4096 45376 0 0 0 0 0 0 0 
_1.ptx 1305 : 4096 24960 0 0 0 0 0 0 0 
_1.ptx 1306 : 4096 32992 0 0 0 0 0 0 0 
_1.ptx 1307 : 4096 0 0 0 0 0 0 0 0 
_1.ptx 1310 : 4096 24608 0 0 0 0 0 0 0 
_1.ptx 1329 : 4096 24576 0 0 0 0 0 0 0 
_1.ptx 1330 : 4096 24576 0 0 0 0 0 0 0 
_1.ptx 1331 : 4096 60672 0 0 0 0 0 0 0 
_1.ptx 1332 : 4096 24576 0 0 0 0 0 0 0 
_1.ptx 1333 : 4096 45600 0 0 0 0 0 0 0 
_1.ptx 1334 : 4096 28800 0 0 0 0 0 0 0 
_1.ptx 1335 : 4096 24576 0 0 0 0 0 0 0 
_1.ptx 1336 : 4096 33152 0 0 0 0 0 0 0 
_1.ptx 1337 : 4096 0 0 0 0 0 0 0 0 
_1.ptx 1338 : 4096 1040992 128 0 0 0 0 0 0 
_1.ptx 1339 : 4096 24608 0 0 0 0 0 0 0 
_1.ptx 1340 : 4096 32896 0 0 0 0 0 0 0 
_1.ptx 1341 : 4096 12288 0 0 0 0 0 0 0 
_1.ptx 1342 : 4096 25056 0 0 0 0 0 0 0 
_1.ptx 1343 : 4096 33376 0 0 0 0 0 0 0 
_1.ptx 1344 : 4096 34464 0 0 0 0 0 0 0 
_1.ptx 1345 : 4096 1076352 128 0 0 0 0 0 0 
_1.ptx 1346 : 4096 24576 0 0 0 0 0 0 0 
_1.ptx 1347 : 4096 34240 0 0 0 0 0 0 0 
_1.ptx 1348 : 4096 24576 0 0 0 0 0 0 0 
_1.ptx 1349 : 4096 64352 0 0 0 0 0 0 0 
_1.ptx 1350 : 4096 28672 0 0 0 0 0 0 0 
_1.ptx 1351 : 4096 1043680 128 0 0 0 0 0 0 
_1.ptx 1352 : 4096 29024 0 0 0 0 0 0 0 
_1.ptx 1353 : 4096 47904 0 0 0 0 0 0 0 
_1.ptx 1354 : 4096 47072 0 0 0 0 0 0 0 
_1.ptx 1355 : 4096 43488 0 0 0 0 0 0 0 
_1.ptx 1356 : 4096 32640 0 0 0 0 0 0 0 
_1.ptx 1357 : 4096 30976 0 0 0 0 0 0 0 
_1.ptx 1358 : 4096 34688 0 0 0 0 0 0 0 
_1.ptx 1359 : 4096 35840 0 0 0 0 0 0 0 
_1.ptx 1360 : 4096 33056 0 0 0 0 0 0 0 
_1.ptx 1361 : 4096 32800 0 0 0 0 0 0 0 
_1.ptx 1362 : 4096 33056 0 0 0 0 0 0 0 
_1.ptx 1365 : 4096 0 0 0 0 0 0 0 0 
_1.ptx 1366 : 4096 35328 0 0 0 0 0 0 0 
_1.ptx 1367 : 4096 30016 0 0 0 0 0 0 0 
_1.ptx 1368 : 4096 31168 0 0 0 0 0 0 0 
_1.ptx 1369 : 4096 24864 0 0 0 0 0 0 0 
_1.ptx 1370 : 4096 29728 0 0 0 0 0 0 0 
_1.ptx 1374 : 327680 1993600 0 0 0 0 0 0 0 
_1.ptx 1375 : 327680 29928352 1310720 0 0 0 0 0 0 
_1.ptx 1377 : 327680 1990592 0 0 0 0 0 0 0 
_1.ptx 1378 : 327680 30494240 1310720 0 0 0 0 0 0 
_1.ptx 1379 : 327680 3299552 0 0 0 0 0 0 0 
_1.ptx 1380 : 327680 3313856 0 0 0 0 0 0 0 
_1.ptx 1381 : 327680 3318176 0 0 0 0 0 0 0 
_1.ptx 1382 : 327680 2647744 0 0 0 0 0 0 0 
_1.ptx 1383 : 327680 1974240 0 0 0 0 0 0 0 
_1.ptx 1386 : 4096 0 0 0 0 0 0 0 0 
_1.ptx 1387 : 4096 29376 0 0 0 0 0 0 0 
_1.ptx 1388 : 4096 25824 0 0 0 0 0 0 0 
_1.ptx 1389 : 4096 29504 0 0 0 0 0 0 0 
_1.ptx 1393 : 163840 1794016 0 0 0 0 0 0 0 
_1.ptx 1394 : 163840 1340064 0 0 0 0 0 0 0 
_1.ptx 1395 : 163840 1476096 0 0 0 0 0 0 0 
_1.ptx 1396 : 163840 0 0 0 0 0 0 0 0 
_1.ptx 1397 : 163840 1954048 0 0 0 0 0 0 0 
_1.ptx 1398 : 163840 1823232 0 0 0 0 0 0 0 
_1.ptx 1399 : 163840 692960 0 0 0 0 0 0 0 
_1.ptx 1400 : 163840 3014624 0 0 0 0 0 0 0 
_1.ptx 1401 : 163840 1325472 0 0 0 0 0 0 0 
_1.ptx 1402 : 163840 3245920 0 0 0 0 0 0 0 
_1.ptx 1403 : 163840 1925632 0 0 0 0 0 0 0 
_1.ptx 1404 : 163840 1373056 0 0 0 0 0 0 0 
_1.ptx 1405 : 163840 2272768 0 0 0 0 0 0 0 
_1.ptx 1406 : 163840 1920768 0 0 0 0 0 0 0 
_1.ptx 1407 : 163840 48460576 655360 0 0 0 0 0 0 
_1.ptx 1408 : 163840 1928288 0 0 0 0 0 0 0 
_1.ptx 1409 : 163840 1360896 0 0 0 0 0 0 0 
_1.ptx 1410 : 163840 1292384 0 0 0 0 0 0 0 
_1.ptx 1411 : 163840 1373696 0 0 0 0 0 0 0 
_1.ptx 1415 : 9748480 114894624 0 0 0 0 0 0 0 
_1.ptx 1416 : 9748480 77900704 0 0 0 0 0 0 0 
_1.ptx 1417 : 9748480 133001792 0 0 0 0 0 0 0 
_1.ptx 1418 : 9748480 114051584 0 0 0 0 0 0 0 
_1.ptx 1419 : 9748480 42257888 512 0 0 0 0 0 0 
_1.ptx 1421 : 9748480 113277248 0 0 0 0 0 0 0 
_1.ptx 1422 : 9748480 890592448 2819584 0 0 0 0 0 0 
_1.ptx 1423 : 9748480 114885760 0 0 0 0 0 0 0 
_1.ptx 1424 : 9748480 115317024 0 0 0 0 0 0 0 
_1.ptx 1425 : 9748480 79290208 0 0 0 0 0 0 0 
_1.ptx 1426 : 9748480 72898432 0 0 0 0 0 0 0 
_1.ptx 1427 : 9748480 154515456 0 0 0 0 0 0 0 
_1.ptx 1428 : 9748480 78153280 0 0 0 0 0 0 0 
_1.ptx 1429 : 9748480 484031488 0 0 0 0 0 0 0 
_1.ptx 1430 : 9748480 114528608 0 0 0 0 0 0 0 
_1.ptx 1432 : 9748480 115688416 0 0 0 0 0 0 0 
_1.ptx 1433 : 9748480 80253824 0 0 0 0 0 0 0 
_1.ptx 1434 : 9748480 82319264 0 0 0 0 0 0 0 
_1.ptx 1435 : 9748480 82869888 0 0 0 0 0 0 0 
_1.ptx 1436 : 9748480 77674048 0 0 0 0 0 0 0 
_1.ptx 1437 : 9748480 154400576 0 0 0 0 0 0 0 
_1.ptx 1438 : 9748480 152110816 0 0 0 0 0 0 0 
_1.ptx 1439 : 9748480 160262720 0 0 0 0 0 0 0 
_1.ptx 1440 : 9748480 78515936 0 0 0 0 0 0 0 
_1.ptx 1441 : 9748480 70998016 0 0 0 0 0 0 0 
_1.ptx 1442 : 9748480 118313536 0 0 0 0 0 0 0 
_1.ptx 1443 : 9748480 175153952 0 0 0 0 0 0 0 
_1.ptx 1444 : 9748480 115387040 0 0 0 0 0 0 0 
_1.ptx 1445 : 9748480 50680032 0 0 0 0 0 0 0 
_1.ptx 1446 : 9748480 106208416 0 0 0 0 0 0 0 
_1.ptx 1447 : 9748480 107731040 0 0 0 0 0 0 0 
_1.ptx 1448 : 9748480 86788800 0 0 0 0 0 0 0 
_1.ptx 1449 : 9748480 67057984 0 0 0 0 0 0 0 
_1.ptx 1451 : 163840 1344352 0 0 0 0 0 0 0 
_1.ptx 1452 : 163840 1477280 0 0 0 0 0 0 0 
_1.ptx 1453 : 163840 1143456 0 0 0 0 0 0 0 
_1.ptx 1456 : 4096 0 0 0 0 0 0 0 0 
_1.ptx 1457 : 4096 46176 0 0 0 0 0 0 0 
_1.ptx 1458 : 4096 31456 0 0 0 0 0 0 0 
_1.ptx 1459 : 4096 28992 0 0 0 0 0 0 0 
_1.ptx 1460 : 4096 32000 0 0 0 0 0 0 0 
_1.ptx 1461 : 4096 235840 0 0 0 0 0 0 0 
_1.ptx 1462 : 4096 46816 0 0 0 0 0 0 0 
_1.ptx 1463 : 4096 31744 0 0 0 0 0 0 0 
_1.ptx 1464 : 4096 31840 0 0 0 0 0 0 0 
_1.ptx 1465 : 4096 12352 0 0 0 0 0 0 0 
_1.ptx 1466 : 4096 27232 0 0 0 0 0 0 0 
_1.ptx 1467 : 4096 28128 0 0 0 0 0 0 0 
_1.ptx 1468 : 4096 31808 0 0 0 0 0 0 0 
_1.ptx 1472 : 163840 1247808 0 0 0 0 0 0 0 
_1.ptx 1473 : 163840 1691296 0 0 0 0 0 0 0 
_1.ptx 1474 : 163840 1868736 0 0 0 0 0 0 0 
_1.ptx 1475 : 163840 1270688 0 0 0 0 0 0 0 
_1.ptx 1476 : 163840 1132096 0 0 0 0 0 0 0 
_1.ptx 1477 : 163840 2546336 0 0 0 0 0 0 0 
_1.ptx 1478 : 163840 65817504 0 0 0 0 0 0 0 
_1.ptx 1479 : 163840 1208960 0 0 0 0 0 0 0 
_1.ptx 1481 : 163840 1512032 0 0 0 0 0 0 0 
_1.ptx 1483 : 163840 839008 655360 0 0 0 0 0 0 
_1.ptx 1485 : 163840 825312 655360 0 0 0 0 0 0 
_1.ptx 1486 : 163840 1680832 0 0 0 0 0 0 0 
_1.ptx 1487 : 163840 1695296 0 0 0 0 0 0 0 
_1.ptx 1488 : 163840 1703648 0 0 0 0 0 0 0 
_1.ptx 1489 : 163840 1723680 0 0 0 0 0 0 0 
_1.ptx 1490 : 163840 1476800 0 0 0 0 0 0 0 
_1.ptx 1491 : 163840 1035744 0 0 0 0 0 0 0 
_1.ptx 1493 : 4096 0 0 0 0 0 0 0 0 
_1.ptx 1494 : 4096 30720 0 0 0 0 0 0 0 
_1.ptx 1495 : 4096 31072 0 0 0 0 0 0 0 
_1.ptx 1496 : 4096 31072 0 0 0 0 0 0 0 
_1.ptx 1497 : 4096 28224 0 0 0 0 0 0 0 
_1.ptx 1498 : 4096 27456 0 0 0 0 0 0 0 
_1.ptx 1499 : 4096 31552 0 0 0 0 0 0 0 
_1.ptx 1503 : 61440 326016 256 0 0 0 0 0 0 
_1.ptx 1504 : 61440 439776 0 0 0 0 0 0 0 
_1.ptx 1505 : 61440 5283712 0 0 0 0 0 0 0 
_1.ptx 1506 : 61440 682432 0 0 0 0 0 0 0 
_1.ptx 1507 : 61440 3230112 0 0 0 0 0 0 0 
_1.ptx 1508 : 61440 326400 256 0 0 0 0 0 0 
_1.ptx 1509 : 61440 682816 0 0 0 0 0 0 0 
_1.ptx 1510 : 61440 3233344 128 0 0 0 0 0 0 
_1.ptx 1511 : 61440 564416 0 0 0 0 0 0 0 
_1.ptx 1512 : 61440 452640 0 0 0 0 0 0 0 
_1.ptx 1513 : 61440 399776 0 0 0 0 0 0 0 
_1.ptx 1514 : 61440 940704 0 0 0 0 0 0 0 
_1.ptx 1515 : 61440 459840 0 0 0 0 0 0 0 
_1.ptx 1517 : 61440 464448 0 0 0 0 0 0 0 
_1.ptx 1518 : 61440 471648 0 0 0 0 0 0 0 
_1.ptx 1519 : 61440 434944 0 0 0 0 0 0 0 
_1.ptx 1520 : 61440 1008800 0 0 0 0 0 0 0 
_1.ptx 1521 : 61440 466176 0 0 0 0 0 0 0 
_1.ptx 1522 : 61440 410560 0 0 0 0 0 0 0 
_1.ptx 1523 : 61440 523296 0 0 0 0 0 0 0 
_1.ptx 1524 : 61440 572160 0 0 0 0 0 0 0 
_1.ptx 1525 : 61440 638368 0 0 0 0 0 0 0 
_1.ptx 1526 : 61440 648416 0 0 0 0 0 0 0 
_1.ptx 1527 : 61440 647712 0 0 0 0 0 0 0 
_1.ptx 1528 : 61440 502976 0 0 0 0 0 0 0 
_1.ptx 1529 : 61440 354304 0 0 0 0 0 0 0 
_1.ptx 1530 : 4096 25664 0 0 0 0 0 0 0 
_1.ptx 1534 : 4096 0 0 0 0 0 0 0 0 
_1.ptx 1535 : 4096 29184 0 0 0 0 0 0 0 
_1.ptx 1536 : 4096 25376 0 0 0 0 0 0 0 
_1.ptx 1537 : 4096 12288 0 0 0 0 0 0 0 
_1.ptx 1538 : 4096 24960 0 0 0 0 0 0 0 
_1.ptx 1539 : 4096 25504 0 0 0 0 0 0 0 
_1.ptx 1540 : 4096 29504 0 0 0 0 0 0 0 
_1.ptx 1544 : 163840 1183104 0 0 0 0 0 0 0 
_1.ptx 1545 : 163840 39593120 512512 0 0 0 0 0 0 
_1.ptx 1546 : 163840 1836992 0 0 0 0 0 0 0 
_1.ptx 1547 : 163840 1202592 0 0 0 0 0 0 0 
_1.ptx 1548 : 163840 1055968 0 0 0 0 0 0 0 
_1.ptx 1549 : 163840 2515040 0 0 0 0 0 0 0 
_1.ptx 1550 : 163840 62118432 0 0 0 0 0 0 0 
_1.ptx 1551 : 163840 1174048 0 0 0 0 0 0 0 
_1.ptx 1552 : 163840 1668704 0 0 0 0 0 0 0 
_1.ptx 1553 : 163840 1670016 0 0 0 0 0 0 0 
_1.ptx 1554 : 163840 1328864 0 0 0 0 0 0 0 
_1.ptx 1555 : 163840 996448 0 0 0 0 0 0 0 
_1.ptx 1556 : 4096 25056 0 0 0 0 0 0 0 
_1.ptx 1561 : 4096 45120 0 0 0 0 0 0 0 
_1.ptx 1563 : 4096 20608 16384 0 0 128 128 0 0 
_1.ptx 1564 : 4096 45312 0 0 0 0 0 0 0 
_1.ptx 1565 : 4096 45376 0 0 0 0 0 0 0 
_1.ptx 1566 : 4096 25632 0 0 0 0 0 0 0 
_1.ptx 1567 : 4096 33920 0 0 0 0 0 0 0 
_1.ptx 1568 : 4096 0 0 0 0 0 0 0 0 
_1.ptx 1571 : 4096 26400 0 0 0 0 0 0 0 
