kernel line : count latency dram_traffic smem_bk_conflicts smem_warp gmem_access_generated gmem_warp exposed_latency warp_divergence
_1.ptx 67 : 11796480 71258560 0 0 0 0 0 0 0 
_1.ptx 68 : 11796480 124519168 0 0 0 0 0 0 0 
_1.ptx 69 : 11796480 72108768 0 0 0 0 0 0 0 
_1.ptx 70 : 11796480 125781952 0 0 0 0 0 0 0 
_1.ptx 71 : 11796480 72911008 0 0 0 0 0 0 0 
_1.ptx 72 : 11796480 74372512 0 0 0 0 0 0 0 
_1.ptx 73 : 11796480 132983456 0 0 0 0 0 0 0 
_1.ptx 74 : 11796480 133182560 0 0 0 0 0 0 0 
_1.ptx 75 : 11796480 76426752 0 0 0 0 0 0 0 
_1.ptx 76 : 11796480 91083232 0 0 0 0 0 0 0 
_1.ptx 77 : 11796480 87072320 0 0 0 0 0 0 0 
_1.ptx 78 : 11796480 124667616 0 0 0 0 0 0 0 
_1.ptx 79 : 11796480 132324864 0 0 0 0 0 0 0 
_1.ptx 80 : 11796480 123420832 0 0 0 0 0 0 0 
_1.ptx 81 : 11796480 131933216 0 0 0 0 0 0 0 
_1.ptx 82 : 11796480 65731488 128 0 0 0 0 0 0 
_1.ptx 83 : 11796480 135773120 0 0 0 0 0 0 0 
_1.ptx 84 : 11796480 132052768 0 0 0 0 0 0 0 
_1.ptx 85 : 11796480 85488000 0 0 0 0 0 0 0 
_1.ptx 86 : 11796480 123763456 0 0 0 0 0 0 0 
_1.ptx 87 : 11796480 65084256 0 0 0 0 0 0 0 
_1.ptx 88 : 11796480 131565344 0 0 0 0 0 0 0 
_1.ptx 89 : 11796480 3693607776 94150400 0 0 737280 368640 0 0 
_1.ptx 90 : 11796480 87745056 0 737280 368640 0 0 0 0 
_1.ptx 91 : 11796480 87631456 0 0 0 737280 368640 0 0 
_1.ptx 92 : 11796480 87156064 0 737280 368640 0 0 0 0 
_1.ptx 93 : 11796480 3671454496 87279872 0 0 737280 368640 0 0 
_1.ptx 94 : 11796480 87229600 0 737280 368640 0 0 0 0 
_1.ptx 95 : 11796480 87424160 0 0 0 737280 368640 0 0 
_1.ptx 96 : 11796480 87361120 0 737280 368640 0 0 0 0 
_1.ptx 97 : 11796480 120331936 0 0 0 0 0 0 0 
_1.ptx 98 : 11796480 71674240 0 0 0 0 0 0 0 
_1.ptx 99 : 11796480 95704128 0 0 0 0 0 0 0 
_1.ptx 100 : 11796480 1483040 0 0 0 0 0 0 0 
_1.ptx 102 : 11550720 2027430688 7091968 0 0 721920 360960 0 0 
_1.ptx 103 : 11550720 69641696 0 0 0 0 0 0 0 
_1.ptx 105 : 245760 1481728 0 0 0 0 0 0 0 
_1.ptx 107 : 11796480 87139392 0 737280 368640 0 0 0 0 
_1.ptx 108 : 11796480 71043808 0 0 0 0 0 0 0 
_1.ptx 109 : 11796480 131407264 0 0 0 0 0 0 0 
_1.ptx 110 : 11796480 120323808 0 0 0 0 0 0 0 
_1.ptx 111 : 11796480 71533088 0 0 0 0 0 0 0 
_1.ptx 112 : 11796480 96090528 0 0 0 0 0 0 0 
_1.ptx 113 : 11796480 1484032 0 0 0 0 0 0 0 
_1.ptx 115 : 11550720 1844000032 221440 0 0 721920 360960 0 0 
_1.ptx 116 : 11550720 69590912 0 0 0 0 0 0 0 
_1.ptx 118 : 245760 1480448 0 0 0 0 0 0 0 
_1.ptx 120 : 11796480 85869472 0 737280 368640 0 0 0 0 
_1.ptx 122 : 11796480 71210656 0 0 0 0 0 0 0 
_1.ptx 124 : 11796480 71406624 0 0 0 0 0 0 0 
_1.ptx 125 : 11796480 70346976 128 0 0 0 0 0 0 
_1.ptx 126 : 11796480 130612480 0 737280 368640 0 0 0 0 
_1.ptx 127 : 11796480 106905376 0 0 0 0 0 0 0 
_1.ptx 128 : 11796480 70552832 0 0 0 0 0 0 0 
_1.ptx 129 : 11796480 129097600 0 737280 368640 0 0 0 0 
_1.ptx 130 : 11796480 107078976 0 0 0 0 0 0 0 
_1.ptx 131 : 11796480 68237344 0 0 0 0 0 0 0 
_1.ptx 132 : 11796480 128340352 0 737280 368640 0 0 0 0 
_1.ptx 133 : 11796480 107042944 0 0 0 0 0 0 0 
_1.ptx 134 : 11796480 69167040 0 0 0 0 0 0 0 
_1.ptx 135 : 11796480 128543520 0 737280 368640 0 0 0 0 
_1.ptx 136 : 11796480 107068000 0 0 0 0 0 0 0 
_1.ptx 137 : 11796480 67648288 0 0 0 0 0 0 0 
_1.ptx 138 : 11796480 127970144 0 737280 368640 0 0 0 0 
_1.ptx 139 : 11796480 106985056 0 0 0 0 0 0 0 
_1.ptx 140 : 11796480 68373120 0 0 0 0 0 0 0 
_1.ptx 141 : 11796480 128756064 0 737280 368640 0 0 0 0 
_1.ptx 142 : 11796480 106969568 0 0 0 0 0 0 0 
_1.ptx 143 : 11796480 67695200 0 0 0 0 0 0 0 
_1.ptx 144 : 11796480 129120480 0 737280 368640 0 0 0 0 
_1.ptx 145 : 11796480 106992576 0 0 0 0 0 0 0 
_1.ptx 146 : 11796480 69758304 0 0 0 0 0 0 0 
_1.ptx 147 : 11796480 129180288 0 737280 368640 0 0 0 0 
_1.ptx 148 : 11796480 107006464 0 0 0 0 0 0 0 
_1.ptx 149 : 11796480 68528128 0 0 0 0 0 0 0 
_1.ptx 150 : 11796480 128555552 0 737280 368640 0 0 0 0 
_1.ptx 151 : 11796480 106979520 0 0 0 0 0 0 0 
_1.ptx 152 : 11796480 69748704 0 0 0 0 0 0 0 
_1.ptx 153 : 11796480 128962432 0 737280 368640 0 0 0 0 
_1.ptx 154 : 11796480 106993248 0 0 0 0 0 0 0 
_1.ptx 155 : 11796480 68146176 0 0 0 0 0 0 0 
_1.ptx 156 : 11796480 128550464 0 737280 368640 0 0 0 0 
_1.ptx 157 : 11796480 106944864 0 0 0 0 0 0 0 
_1.ptx 158 : 11796480 69474624 0 0 0 0 0 0 0 
_1.ptx 159 : 11796480 128958176 0 737280 368640 0 0 0 0 
_1.ptx 160 : 11796480 106999680 0 0 0 0 0 0 0 
_1.ptx 161 : 11796480 67709792 0 0 0 0 0 0 0 
_1.ptx 162 : 11796480 128243968 0 737280 368640 0 0 0 0 
_1.ptx 163 : 11796480 106935392 0 0 0 0 0 0 0 
_1.ptx 164 : 11796480 69218592 0 0 0 0 0 0 0 
_1.ptx 165 : 11796480 128561120 0 737280 368640 0 0 0 0 
_1.ptx 166 : 11796480 106994368 0 0 0 0 0 0 0 
_1.ptx 167 : 11796480 68114432 0 0 0 0 0 0 0 
_1.ptx 168 : 11796480 127946336 0 737280 368640 0 0 0 0 
_1.ptx 169 : 11796480 106936544 0 0 0 0 0 0 0 
_1.ptx 170 : 11796480 68960000 0 0 0 0 0 0 0 
_1.ptx 171 : 11796480 128409120 0 737280 368640 0 0 0 0 
_1.ptx 172 : 11796480 106966432 0 0 0 0 0 0 0 
_1.ptx 173 : 11796480 67378656 0 0 0 0 0 0 0 
_1.ptx 174 : 11796480 128360128 0 737280 368640 0 0 0 0 
_1.ptx 175 : 11796480 106920640 0 0 0 0 0 0 0 
_1.ptx 177 : 11796480 68893408 0 0 0 0 0 0 0 
_1.ptx 178 : 11796480 131584576 0 0 0 0 0 0 0 
_1.ptx 179 : 11796480 86593792 47185920 0 0 737280 368640 0 0 
_1.ptx 181 : 11796480 71251456 0 0 0 0 0 0 0 
_1.ptx 182 : 11796480 72768608 0 0 0 0 0 0 0 
_1.ptx 183 : 11796480 129829408 0 737280 368640 0 0 0 0 
_1.ptx 184 : 11796480 106931904 0 0 0 0 0 0 0 
_1.ptx 185 : 11796480 68430496 0 0 0 0 0 0 0 
_1.ptx 186 : 11796480 127753728 0 737280 368640 0 0 0 0 
_1.ptx 187 : 11796480 106960672 0 0 0 0 0 0 0 
_1.ptx 188 : 11796480 67932096 0 0 0 0 0 0 0 
_1.ptx 189 : 11796480 127751424 0 737280 368640 0 0 0 0 
_1.ptx 190 : 11796480 106989696 0 0 0 0 0 0 0 
_1.ptx 191 : 11796480 66978720 0 0 0 0 0 0 0 
_1.ptx 192 : 11796480 127039936 0 737280 368640 0 0 0 0 
_1.ptx 193 : 11796480 106911008 0 0 0 0 0 0 0 
_1.ptx 194 : 11796480 67565984 0 0 0 0 0 0 0 
_1.ptx 195 : 11796480 128062080 0 737280 368640 0 0 0 0 
_1.ptx 196 : 11796480 106965088 0 0 0 0 0 0 0 
_1.ptx 197 : 11796480 66787456 0 0 0 0 0 0 0 
_1.ptx 198 : 11796480 126951136 0 737280 368640 0 0 0 0 
_1.ptx 199 : 11796480 106932032 0 0 0 0 0 0 0 
_1.ptx 200 : 11796480 67277024 0 0 0 0 0 0 0 
_1.ptx 201 : 11796480 127386496 0 737280 368640 0 0 0 0 
_1.ptx 202 : 11796480 106974624 0 0 0 0 0 0 0 
_1.ptx 203 : 11796480 66804928 0 0 0 0 0 0 0 
_1.ptx 204 : 11796480 126761056 0 737280 368640 0 0 0 0 
_1.ptx 205 : 11796480 106905120 0 0 0 0 0 0 0 
_1.ptx 206 : 11796480 66773504 0 0 0 0 0 0 0 
_1.ptx 207 : 11796480 127618848 0 737280 368640 0 0 0 0 
_1.ptx 208 : 11796480 106925056 0 0 0 0 0 0 0 
_1.ptx 209 : 11796480 67292096 0 0 0 0 0 0 0 
_1.ptx 210 : 11796480 127328832 0 737280 368640 0 0 0 0 
_1.ptx 211 : 11796480 106888352 0 0 0 0 0 0 0 
_1.ptx 212 : 11796480 68065344 0 0 0 0 0 0 0 
_1.ptx 213 : 11796480 128185536 0 737280 368640 0 0 0 0 
_1.ptx 214 : 11796480 106974112 0 0 0 0 0 0 0 
_1.ptx 215 : 11796480 67533984 0 0 0 0 0 0 0 
_1.ptx 216 : 11796480 127381696 0 737280 368640 0 0 0 0 
_1.ptx 217 : 11796480 106922208 0 0 0 0 0 0 0 
_1.ptx 218 : 11796480 68205728 0 0 0 0 0 0 0 
_1.ptx 219 : 11796480 127973600 0 737280 368640 0 0 0 0 
_1.ptx 220 : 11796480 106969504 0 0 0 0 0 0 0 
_1.ptx 221 : 11796480 67724288 0 0 0 0 0 0 0 
_1.ptx 222 : 11796480 127443264 0 737280 368640 0 0 0 0 
_1.ptx 223 : 11796480 106894432 0 0 0 0 0 0 0 
_1.ptx 224 : 11796480 68366016 0 0 0 0 0 0 0 
_1.ptx 225 : 11796480 128008896 0 737280 368640 0 0 0 0 
_1.ptx 226 : 11796480 106925280 0 0 0 0 0 0 0 
_1.ptx 227 : 11796480 67397952 0 0 0 0 0 0 0 
_1.ptx 228 : 11796480 127317664 0 737280 368640 0 0 0 0 
_1.ptx 229 : 11796480 106893504 0 0 0 0 0 0 0 
_1.ptx 230 : 11796480 67754976 0 0 0 0 0 0 0 
_1.ptx 231 : 11796480 127924640 0 737280 368640 0 0 0 0 
_1.ptx 232 : 11796480 106967104 0 0 0 0 0 0 0 
_1.ptx 234 : 11796480 86917088 1130816 0 0 737280 368640 0 0 
_1.ptx 236 : 11796480 71196032 0 0 0 0 0 0 0 
_1.ptx 237 : 11796480 72185248 0 0 0 0 0 0 0 
_1.ptx 238 : 11796480 128776992 0 737280 368640 0 0 0 0 
_1.ptx 239 : 11796480 106864736 0 0 0 0 0 0 0 
_1.ptx 240 : 11796480 68618944 0 0 0 0 0 0 0 
_1.ptx 241 : 11796480 127909504 0 737280 368640 0 0 0 0 
_1.ptx 242 : 11796480 106921664 0 0 0 0 0 0 0 
_1.ptx 243 : 11796480 67248608 0 0 0 0 0 0 0 
_1.ptx 244 : 11796480 127071744 0 737280 368640 0 0 0 0 
_1.ptx 245 : 11796480 106877920 0 0 0 0 0 0 0 
_1.ptx 246 : 11796480 68004160 0 0 0 0 0 0 0 
_1.ptx 247 : 11796480 127588800 0 737280 368640 0 0 0 0 
_1.ptx 248 : 11796480 106910816 0 0 0 0 0 0 0 
_1.ptx 249 : 11796480 66524288 0 0 0 0 0 0 0 
_1.ptx 250 : 11796480 127055744 0 737280 368640 0 0 0 0 
_1.ptx 251 : 11796480 106875424 0 0 0 0 0 0 0 
_1.ptx 252 : 11796480 67973664 0 0 0 0 0 0 0 
_1.ptx 253 : 11796480 127574784 0 737280 368640 0 0 0 0 
_1.ptx 254 : 11796480 106937440 0 0 0 0 0 0 0 
_1.ptx 255 : 11796480 67192928 0 0 0 0 0 0 0 
_1.ptx 256 : 11796480 126919680 0 737280 368640 0 0 0 0 
_1.ptx 257 : 11796480 106859936 0 0 0 0 0 0 0 
_1.ptx 258 : 11796480 68056640 0 0 0 0 0 0 0 
_1.ptx 259 : 11796480 127564352 0 737280 368640 0 0 0 0 
_1.ptx 260 : 11796480 106883904 0 0 0 0 0 0 0 
_1.ptx 261 : 11796480 66979072 0 0 0 0 0 0 0 
_1.ptx 262 : 11796480 127313184 0 737280 368640 0 0 0 0 
_1.ptx 263 : 11796480 106847360 0 0 0 0 0 0 0 
_1.ptx 264 : 11796480 67986144 0 0 0 0 0 0 0 
_1.ptx 265 : 11796480 127523456 0 737280 368640 0 0 0 0 
_1.ptx 266 : 11796480 106896704 0 0 0 0 0 0 0 
_1.ptx 267 : 11796480 66907264 0 0 0 0 0 0 0 
_1.ptx 268 : 11796480 126722464 0 737280 368640 0 0 0 0 
_1.ptx 269 : 11796480 106860448 0 0 0 0 0 0 0 
_1.ptx 270 : 11796480 67797696 0 0 0 0 0 0 0 
_1.ptx 271 : 11796480 127455840 0 737280 368640 0 0 0 0 
_1.ptx 272 : 11796480 106953696 0 0 0 0 0 0 0 
_1.ptx 273 : 11796480 65373728 0 0 0 0 0 0 0 
_1.ptx 274 : 11796480 126558784 0 737280 368640 0 0 0 0 
_1.ptx 275 : 11796480 106850624 0 0 0 0 0 0 0 
_1.ptx 276 : 11796480 68226752 0 0 0 0 0 0 0 
_1.ptx 277 : 11796480 127853568 0 737280 368640 0 0 0 0 
_1.ptx 278 : 11796480 106853536 0 0 0 0 0 0 0 
_1.ptx 279 : 11796480 67585184 0 0 0 0 0 0 0 
_1.ptx 280 : 11796480 127051872 0 737280 368640 0 0 0 0 
_1.ptx 281 : 11796480 106860640 0 0 0 0 0 0 0 
_1.ptx 282 : 11796480 68378048 0 0 0 0 0 0 0 
_1.ptx 283 : 11796480 127969920 0 737280 368640 0 0 0 0 
_1.ptx 284 : 11796480 106861024 0 0 0 0 0 0 0 
_1.ptx 285 : 11796480 67431456 0 0 0 0 0 0 0 
_1.ptx 286 : 11796480 127070720 0 737280 368640 0 0 0 0 
_1.ptx 287 : 11796480 106874112 0 0 0 0 0 0 0 
_1.ptx 289 : 11796480 86408704 47185920 0 0 737280 368640 0 0 
_1.ptx 291 : 11796480 71091872 0 0 0 0 0 0 0 
_1.ptx 292 : 11796480 73066944 0 0 0 0 0 0 0 
_1.ptx 293 : 11796480 129636768 0 737280 368640 0 0 0 0 
_1.ptx 294 : 11796480 106790912 0 0 0 0 0 0 0 
_1.ptx 295 : 11796480 68439808 0 0 0 0 0 0 0 
_1.ptx 296 : 11796480 127011872 0 737280 368640 0 0 0 0 
_1.ptx 297 : 11796480 106807456 0 0 0 0 0 0 0 
_1.ptx 298 : 11796480 68176704 0 0 0 0 0 0 0 
_1.ptx 299 : 11796480 127562848 0 737280 368640 0 0 0 0 
_1.ptx 300 : 11796480 106912480 0 0 0 0 0 0 0 
_1.ptx 301 : 11796480 67275296 0 0 0 0 0 0 0 
_1.ptx 302 : 11796480 126733600 0 737280 368640 0 0 0 0 
_1.ptx 303 : 11796480 106825856 0 0 0 0 0 0 0 
_1.ptx 304 : 11796480 67976896 0 0 0 0 0 0 0 
_1.ptx 305 : 11796480 127455520 0 737280 368640 0 0 0 0 
_1.ptx 306 : 11796480 106915136 0 0 0 0 0 0 0 
_1.ptx 307 : 11796480 67380640 0 0 0 0 0 0 0 
_1.ptx 308 : 11796480 126639648 0 737280 368640 0 0 0 0 
_1.ptx 309 : 11796480 106825152 0 0 0 0 0 0 0 
_1.ptx 310 : 11796480 68071840 0 0 0 0 0 0 0 
_1.ptx 311 : 11796480 127445344 0 737280 368640 0 0 0 0 
_1.ptx 312 : 11796480 106871744 0 0 0 0 0 0 0 
_1.ptx 313 : 11796480 67435200 0 0 0 0 0 0 0 
_1.ptx 314 : 11796480 126539520 0 737280 368640 0 0 0 0 
_1.ptx 315 : 11796480 106821088 0 0 0 0 0 0 0 
_1.ptx 316 : 11796480 67489632 0 0 0 0 0 0 0 
_1.ptx 317 : 11796480 127422080 0 737280 368640 0 0 0 0 
_1.ptx 318 : 11796480 106895904 0 0 0 0 0 0 0 
_1.ptx 319 : 11796480 67105856 0 0 0 0 0 0 0 
_1.ptx 320 : 11796480 126550272 0 737280 368640 0 0 0 0 
_1.ptx 321 : 11796480 106859776 0 0 0 0 0 0 0 
_1.ptx 322 : 11796480 68073664 0 0 0 0 0 0 0 
_1.ptx 323 : 11796480 127441760 0 737280 368640 0 0 0 0 
_1.ptx 324 : 11796480 106889856 0 0 0 0 0 0 0 
_1.ptx 325 : 11796480 67479712 0 0 0 0 0 0 0 
_1.ptx 326 : 11796480 126604704 0 737280 368640 0 0 0 0 
_1.ptx 327 : 11796480 106826688 0 0 0 0 0 0 0 
_1.ptx 328 : 11796480 68198048 0 0 0 0 0 0 0 
_1.ptx 329 : 11796480 128021376 0 737280 368640 0 0 0 0 
_1.ptx 330 : 11796480 106883936 0 0 0 0 0 0 0 
_1.ptx 331 : 11796480 67113440 0 0 0 0 0 0 0 
_1.ptx 332 : 11796480 126699072 0 737280 368640 0 0 0 0 
_1.ptx 333 : 11796480 106826336 0 0 0 0 0 0 0 
_1.ptx 334 : 11796480 68164800 0 0 0 0 0 0 0 
_1.ptx 335 : 11796480 127464864 0 737280 368640 0 0 0 0 
_1.ptx 336 : 11796480 106892704 0 0 0 0 0 0 0 
_1.ptx 337 : 11796480 67498080 0 0 0 0 0 0 0 
_1.ptx 338 : 11796480 129259744 0 737280 368640 0 0 0 0 
_1.ptx 339 : 11796480 106862784 0 0 0 0 0 0 0 
_1.ptx 340 : 11796480 68329344 0 0 0 0 0 0 0 
_1.ptx 341 : 11796480 127575232 0 737280 368640 0 0 0 0 
_1.ptx 342 : 11796480 106858464 0 0 0 0 0 0 0 
_1.ptx 344 : 11796480 87159168 1458624 0 0 737280 368640 0 0 
_1.ptx 346 : 11796480 71022368 0 0 0 0 0 0 0 
_1.ptx 365 : 11796480 72237056 0 0 0 0 0 0 0 
_1.ptx 366 : 11796480 130893568 0 0 0 0 0 0 0 
_1.ptx 367 : 11796480 72972896 0 0 0 0 0 0 0 
_1.ptx 368 : 11796480 131172576 0 0 0 0 0 0 0 
_1.ptx 369 : 11796480 59284384 0 0 0 0 0 0 0 
_1.ptx 370 : 11796480 72919392 0 0 0 0 0 0 0 
_1.ptx 371 : 11796480 72600256 0 0 0 0 0 0 0 
_1.ptx 372 : 11796480 131732672 0 0 0 0 0 0 0 
_1.ptx 373 : 11796480 121167456 0 0 0 0 0 0 0 
_1.ptx 374 : 11796480 129485504 0 0 0 0 0 0 0 
_1.ptx 375 : 11796480 86911648 0 0 0 0 0 0 0 
_1.ptx 376 : 11796480 133011616 0 0 0 0 0 0 0 
_1.ptx 377 : 11796480 74114176 0 0 0 0 0 0 0 
_1.ptx 378 : 11796480 87274560 0 0 0 0 0 0 0 
_1.ptx 379 : 11796480 86700384 0 0 0 0 0 0 0 
_1.ptx 380 : 11796480 132051648 0 0 0 0 0 0 0 
_1.ptx 381 : 11796480 132485408 0 0 0 0 0 0 0 
_1.ptx 382 : 11796480 130705536 0 0 0 0 0 0 0 
_1.ptx 383 : 11796480 132385984 0 0 0 0 0 0 0 
_1.ptx 384 : 11796480 139550176 0 0 0 0 0 0 0 
_1.ptx 385 : 11796480 132973312 0 0 0 0 0 0 0 
_1.ptx 386 : 11796480 132664672 0 0 0 0 0 0 0 
_1.ptx 387 : 11796480 86855072 0 0 0 0 0 0 0 
_1.ptx 388 : 11796480 128165344 0 0 0 0 0 0 0 
_1.ptx 389 : 11796480 62383200 0 0 0 0 0 0 0 
_1.ptx 390 : 11796480 131974240 0 0 0 0 0 0 0 
_1.ptx 391 : 11796480 131742624 0 0 0 0 0 0 0 
_1.ptx 392 : 11796480 2423090528 989440 0 0 737280 368640 0 0 
_1.ptx 393 : 11796480 94957440 0 737280 368640 0 0 0 0 
_1.ptx 394 : 11796480 121352800 0 0 0 0 0 0 0 
_1.ptx 395 : 11796480 84823072 0 0 0 0 0 0 0 
_1.ptx 396 : 11796480 122387040 0 0 0 0 0 0 0 
_1.ptx 397 : 11796480 131382272 0 0 0 0 0 0 0 
_1.ptx 398 : 11796480 3450265952 47185920 0 0 737280 368640 0 0 
_1.ptx 399 : 11796480 95261984 0 737280 368640 0 0 0 0 
_1.ptx 400 : 11796480 121204704 0 0 0 0 0 0 0 
_1.ptx 401 : 11796480 84703488 0 0 0 0 0 0 0 
_1.ptx 402 : 11796480 122104704 0 0 0 0 0 0 0 
_1.ptx 403 : 11796480 131362272 0 0 0 0 0 0 0 
_1.ptx 404 : 11796480 3469265440 47185920 0 0 737280 368640 0 0 
_1.ptx 405 : 11796480 93953408 0 737280 368640 0 0 0 0 
_1.ptx 406 : 11796480 121251008 0 0 0 0 0 0 0 
_1.ptx 407 : 11796480 84620032 0 0 0 0 0 0 0 
_1.ptx 408 : 11796480 121979040 0 0 0 0 0 0 0 
_1.ptx 409 : 11796480 131333920 0 0 0 0 0 0 0 
_1.ptx 410 : 11796480 3494115168 47186048 0 0 737280 368640 0 0 
_1.ptx 411 : 11796480 92107424 0 737280 368640 0 0 0 0 
_1.ptx 412 : 11796480 71586016 0 0 0 0 0 0 0 
_1.ptx 413 : 11796480 96414752 0 0 0 0 0 0 0 
_1.ptx 414 : 11796480 1493152 0 0 0 0 0 0 0 
_1.ptx 416 : 11550720 3453759808 46202880 0 0 721920 360960 0 0 
_1.ptx 417 : 11550720 69996704 0 0 0 0 0 0 0 
_1.ptx 419 : 245760 1490048 0 0 0 0 0 0 0 
_1.ptx 421 : 11796480 92383424 0 737280 368640 0 0 0 0 
_1.ptx 422 : 11796480 72650848 0 0 0 0 0 0 0 
_1.ptx 423 : 11796480 131316160 0 0 0 0 0 0 0 
_1.ptx 424 : 11796480 120361184 0 0 0 0 0 0 0 
_1.ptx 425 : 11796480 72025984 0 0 0 0 0 0 0 
_1.ptx 426 : 11796480 96562368 0 0 0 0 0 0 0 
_1.ptx 427 : 11796480 1490464 0 0 0 0 0 0 0 
_1.ptx 429 : 11550720 118710720 0 0 0 0 0 0 0 
_1.ptx 430 : 11550720 83562304 0 0 0 0 0 0 0 
_1.ptx 431 : 11550720 120808448 0 0 0 0 0 0 0 
_1.ptx 432 : 11550720 128863136 0 0 0 0 0 0 0 
_1.ptx 433 : 11550720 3469074816 46204928 0 0 721920 360960 0 0 
_1.ptx 434 : 11550720 70068288 0 0 0 0 0 0 0 
_1.ptx 436 : 245760 1487456 0 0 0 0 0 0 0 
_1.ptx 438 : 11796480 89839968 0 737280 368640 0 0 0 0 
_1.ptx 440 : 11796480 71559232 0 0 0 0 0 0 0 
_1.ptx 442 : 11796480 72081376 0 0 0 0 0 0 0 
_1.ptx 443 : 11796480 66770432 0 0 0 0 0 0 0 
_1.ptx 444 : 11796480 129422624 0 737280 368640 0 0 0 0 
_1.ptx 445 : 11796480 107545856 0 0 0 0 0 0 0 
_1.ptx 446 : 11796480 69996416 0 0 0 0 0 0 0 
_1.ptx 447 : 11796480 131409184 0 737280 368640 0 0 0 0 
_1.ptx 448 : 11796480 107397888 0 0 0 0 0 0 0 
_1.ptx 449 : 11796480 68398560 0 0 0 0 0 0 0 
_1.ptx 450 : 11796480 130226336 0 737280 368640 0 0 0 0 
_1.ptx 451 : 11796480 107392544 0 0 0 0 0 0 0 
_1.ptx 452 : 11796480 70619680 0 0 0 0 0 0 0 
_1.ptx 453 : 11796480 129674656 0 737280 368640 0 0 0 0 
_1.ptx 454 : 11796480 107349632 0 0 0 0 0 0 0 
_1.ptx 455 : 11796480 68489600 0 0 0 0 0 0 0 
_1.ptx 456 : 11796480 129119264 0 737280 368640 0 0 0 0 
_1.ptx 457 : 11796480 107280544 0 0 0 0 0 0 0 
_1.ptx 458 : 11796480 69399584 0 0 0 0 0 0 0 
_1.ptx 459 : 11796480 128921888 0 737280 368640 0 0 0 0 
_1.ptx 460 : 11796480 107273728 0 0 0 0 0 0 0 
_1.ptx 461 : 11796480 66309984 0 0 0 0 0 0 0 
_1.ptx 462 : 11796480 133592704 0 737280 368640 0 0 0 0 
_1.ptx 463 : 11796480 107400672 0 0 0 0 0 0 0 
_1.ptx 464 : 11796480 71132896 0 0 0 0 0 0 0 
_1.ptx 465 : 11796480 130291808 0 737280 368640 0 0 0 0 
_1.ptx 466 : 11796480 107312256 0 0 0 0 0 0 0 
_1.ptx 467 : 11796480 69023136 0 0 0 0 0 0 0 
_1.ptx 468 : 11796480 129548800 0 737280 368640 0 0 0 0 
_1.ptx 469 : 11796480 107277344 0 0 0 0 0 0 0 
_1.ptx 470 : 11796480 70670016 0 0 0 0 0 0 0 
_1.ptx 471 : 11796480 129527552 0 737280 368640 0 0 0 0 
_1.ptx 472 : 11796480 107254656 0 0 0 0 0 0 0 
_1.ptx 473 : 11796480 68664256 0 0 0 0 0 0 0 
_1.ptx 474 : 11796480 129167232 0 737280 368640 0 0 0 0 
_1.ptx 475 : 11796480 107222336 0 0 0 0 0 0 0 
_1.ptx 476 : 11796480 70005984 0 0 0 0 0 0 0 
_1.ptx 477 : 11796480 129296032 0 737280 368640 0 0 0 0 
_1.ptx 478 : 11796480 107233344 0 0 0 0 0 0 0 
_1.ptx 479 : 11796480 67807616 0 0 0 0 0 0 0 
_1.ptx 480 : 11796480 129072704 0 737280 368640 0 0 0 0 
_1.ptx 481 : 11796480 107189536 0 0 0 0 0 0 0 
_1.ptx 482 : 11796480 69127616 0 0 0 0 0 0 0 
_1.ptx 483 : 11796480 128717632 0 737280 368640 0 0 0 0 
_1.ptx 484 : 11796480 107164128 0 0 0 0 0 0 0 
_1.ptx 485 : 11796480 67637632 0 0 0 0 0 0 0 
_1.ptx 486 : 11796480 128188960 0 737280 368640 0 0 0 0 
_1.ptx 487 : 11796480 107146752 0 0 0 0 0 0 0 
_1.ptx 488 : 11796480 68684128 0 0 0 0 0 0 0 
_1.ptx 489 : 11796480 128190624 0 737280 368640 0 0 0 0 
_1.ptx 490 : 11796480 107148832 0 0 0 0 0 0 0 
_1.ptx 491 : 11796480 67083168 0 0 0 0 0 0 0 
_1.ptx 492 : 11796480 127960992 0 737280 368640 0 0 0 0 
_1.ptx 493 : 11796480 107176544 0 0 0 0 0 0 0 
_1.ptx 495 : 11796480 66122496 0 0 0 0 0 0 0 
_1.ptx 496 : 11796480 132955936 0 0 0 0 0 0 0 
_1.ptx 497 : 11796480 131738688 0 0 0 0 0 0 0 
_1.ptx 498 : 11796480 88793088 29765056 0 0 737280 368640 0 0 
_1.ptx 500 : 11796480 71708448 0 0 0 0 0 0 0 
_1.ptx 501 : 11796480 73237984 0 0 0 0 0 0 0 
_1.ptx 502 : 11796480 130408256 0 737280 368640 0 0 0 0 
_1.ptx 503 : 11796480 107141248 0 0 0 0 0 0 0 
_1.ptx 504 : 11796480 69634272 0 0 0 0 0 0 0 
_1.ptx 505 : 11796480 128936608 0 737280 368640 0 0 0 0 
_1.ptx 506 : 11796480 107167648 0 0 0 0 0 0 0 
_1.ptx 507 : 11796480 67376096 0 0 0 0 0 0 0 
_1.ptx 508 : 11796480 127912224 0 737280 368640 0 0 0 0 
_1.ptx 509 : 11796480 107117248 0 0 0 0 0 0 0 
_1.ptx 510 : 11796480 68141376 0 0 0 0 0 0 0 
_1.ptx 511 : 11796480 127968128 0 737280 368640 0 0 0 0 
_1.ptx 512 : 11796480 107312576 0 0 0 0 0 0 0 
_1.ptx 513 : 11796480 66357280 0 0 0 0 0 0 0 
_1.ptx 514 : 11796480 128999488 0 737280 368640 0 0 0 0 
_1.ptx 515 : 11796480 107125280 0 0 0 0 0 0 0 
_1.ptx 516 : 11796480 68410048 0 0 0 0 0 0 0 
_1.ptx 517 : 11796480 129229344 0 737280 368640 0 0 0 0 
_1.ptx 518 : 11796480 107124096 0 0 0 0 0 0 0 
_1.ptx 519 : 11796480 66863968 0 0 0 0 0 0 0 
_1.ptx 520 : 11796480 128233856 0 737280 368640 0 0 0 0 
_1.ptx 521 : 11796480 107149056 0 0 0 0 0 0 0 
_1.ptx 522 : 11796480 68642368 0 0 0 0 0 0 0 
_1.ptx 523 : 11796480 128337248 0 737280 368640 0 0 0 0 
_1.ptx 524 : 11796480 107117920 0 0 0 0 0 0 0 
_1.ptx 525 : 11796480 67000448 0 0 0 0 0 0 0 
_1.ptx 526 : 11796480 127635552 0 737280 368640 0 0 0 0 
_1.ptx 527 : 11796480 107084672 0 0 0 0 0 0 0 
_1.ptx 528 : 11796480 69332032 0 0 0 0 0 0 0 
_1.ptx 529 : 11796480 129597952 0 737280 368640 0 0 0 0 
_1.ptx 530 : 11796480 107107488 0 0 0 0 0 0 0 
_1.ptx 531 : 11796480 66748960 0 0 0 0 0 0 0 
_1.ptx 532 : 11796480 129422240 0 737280 368640 0 0 0 0 
_1.ptx 533 : 11796480 107152480 0 0 0 0 0 0 0 
_1.ptx 534 : 11796480 69407456 0 0 0 0 0 0 0 
_1.ptx 535 : 11796480 128948352 0 737280 368640 0 0 0 0 
_1.ptx 536 : 11796480 107194592 0 0 0 0 0 0 0 
_1.ptx 537 : 11796480 67359264 0 0 0 0 0 0 0 
_1.ptx 538 : 11796480 128391584 0 737280 368640 0 0 0 0 
_1.ptx 539 : 11796480 107135360 0 0 0 0 0 0 0 
_1.ptx 540 : 11796480 69109440 0 0 0 0 0 0 0 
_1.ptx 541 : 11796480 128604576 0 737280 368640 0 0 0 0 
_1.ptx 542 : 11796480 107095424 0 0 0 0 0 0 0 
_1.ptx 543 : 11796480 67546304 0 0 0 0 0 0 0 
_1.ptx 544 : 11796480 128300832 0 737280 368640 0 0 0 0 
_1.ptx 545 : 11796480 107074720 0 0 0 0 0 0 0 
_1.ptx 546 : 11796480 69012480 0 0 0 0 0 0 0 
_1.ptx 547 : 11796480 128605664 0 737280 368640 0 0 0 0 
_1.ptx 548 : 11796480 107101120 0 0 0 0 0 0 0 
_1.ptx 549 : 11796480 67252032 0 0 0 0 0 0 0 
_1.ptx 550 : 11796480 128266976 0 737280 368640 0 0 0 0 
_1.ptx 551 : 11796480 107171616 0 0 0 0 0 0 0 
_1.ptx 553 : 11796480 131856448 0 0 0 0 0 0 0 
_1.ptx 554 : 11796480 88575168 29045120 0 0 737280 368640 0 0 
_1.ptx 556 : 11796480 71492704 0 0 0 0 0 0 0 
_1.ptx 557 : 11796480 71554816 0 0 0 0 0 0 0 
_1.ptx 558 : 11796480 128902400 0 737280 368640 0 0 0 0 
_1.ptx 559 : 11796480 107084416 0 0 0 0 0 0 0 
_1.ptx 560 : 11796480 69022880 0 0 0 0 0 0 0 
_1.ptx 561 : 11796480 128230400 0 737280 368640 0 0 0 0 
_1.ptx 562 : 11796480 107215360 0 0 0 0 0 0 0 
_1.ptx 563 : 11796480 65883264 0 0 0 0 0 0 0 
_1.ptx 564 : 11796480 128568448 0 737280 368640 0 0 0 0 
_1.ptx 565 : 11796480 107093024 0 0 0 0 0 0 0 
_1.ptx 566 : 11796480 69182880 0 0 0 0 0 0 0 
_1.ptx 567 : 11796480 128927488 0 737280 368640 0 0 0 0 
_1.ptx 568 : 11796480 107065280 0 0 0 0 0 0 0 
_1.ptx 569 : 11796480 67457120 0 0 0 0 0 0 0 
_1.ptx 570 : 11796480 128238336 0 737280 368640 0 0 0 0 
_1.ptx 571 : 11796480 107077184 0 0 0 0 0 0 0 
_1.ptx 572 : 11796480 68926560 0 0 0 0 0 0 0 
_1.ptx 573 : 11796480 128610912 0 737280 368640 0 0 0 0 
_1.ptx 574 : 11796480 107046272 0 0 0 0 0 0 0 
_1.ptx 575 : 11796480 67464416 0 0 0 0 0 0 0 
_1.ptx 576 : 11796480 127667104 0 737280 368640 0 0 0 0 
_1.ptx 577 : 11796480 107035808 0 0 0 0 0 0 0 
_1.ptx 578 : 11796480 69020832 0 0 0 0 0 0 0 
_1.ptx 579 : 11796480 128663104 0 737280 368640 0 0 0 0 
_1.ptx 580 : 11796480 106985312 0 0 0 0 0 0 0 
_1.ptx 581 : 11796480 67404160 0 0 0 0 0 0 0 
_1.ptx 582 : 11796480 128017920 0 737280 368640 0 0 0 0 
_1.ptx 583 : 11796480 107016032 0 0 0 0 0 0 0 
_1.ptx 584 : 11796480 69045408 0 0 0 0 0 0 0 
_1.ptx 585 : 11796480 129052000 0 737280 368640 0 0 0 0 
_1.ptx 586 : 11796480 107035072 0 0 0 0 0 0 0 
_1.ptx 587 : 11796480 67119840 0 0 0 0 0 0 0 
_1.ptx 588 : 11796480 127842848 0 737280 368640 0 0 0 0 
_1.ptx 589 : 11796480 106992800 0 0 0 0 0 0 0 
_1.ptx 590 : 11796480 68824864 0 0 0 0 0 0 0 
_1.ptx 591 : 11796480 128040032 0 737280 368640 0 0 0 0 
_1.ptx 592 : 11796480 107009312 0 0 0 0 0 0 0 
_1.ptx 593 : 11796480 66951232 0 0 0 0 0 0 0 
_1.ptx 594 : 11796480 133312352 0 737280 368640 0 0 0 0 
_1.ptx 595 : 11796480 107034816 0 0 0 0 0 0 0 
_1.ptx 596 : 11796480 70239680 0 0 0 0 0 0 0 
_1.ptx 597 : 11796480 129637600 0 737280 368640 0 0 0 0 
_1.ptx 598 : 11796480 107039328 0 0 0 0 0 0 0 
_1.ptx 599 : 11796480 67952576 0 0 0 0 0 0 0 
_1.ptx 600 : 11796480 129910784 0 737280 368640 0 0 0 0 
_1.ptx 601 : 11796480 107050784 0 0 0 0 0 0 0 
_1.ptx 602 : 11796480 70525984 0 0 0 0 0 0 0 
_1.ptx 603 : 11796480 129423840 0 737280 368640 0 0 0 0 
_1.ptx 604 : 11796480 107072288 0 0 0 0 0 0 0 
_1.ptx 605 : 11796480 68474656 0 0 0 0 0 0 0 
_1.ptx 606 : 11796480 128883424 0 737280 368640 0 0 0 0 
_1.ptx 607 : 11796480 107102976 0 0 0 0 0 0 0 
_1.ptx 609 : 11796480 131219136 0 0 0 0 0 0 0 
_1.ptx 610 : 11796480 88051936 28352320 0 0 737280 368640 0 0 
_1.ptx 612 : 11796480 71407840 0 0 0 0 0 0 0 
_1.ptx 613 : 11796480 72732960 0 0 0 0 0 0 0 
_1.ptx 614 : 11796480 129731968 0 737280 368640 0 0 0 0 
_1.ptx 615 : 11796480 106979712 0 0 0 0 0 0 0 
_1.ptx 616 : 11796480 70339712 0 0 0 0 0 0 0 
_1.ptx 617 : 11796480 128896576 0 737280 368640 0 0 0 0 
_1.ptx 618 : 11796480 106991392 0 0 0 0 0 0 0 
_1.ptx 619 : 11796480 67389632 0 0 0 0 0 0 0 
_1.ptx 620 : 11796480 128888928 0 737280 368640 0 0 0 0 
_1.ptx 621 : 11796480 107007072 0 0 0 0 0 0 0 
_1.ptx 622 : 11796480 69313504 0 0 0 0 0 0 0 
_1.ptx 623 : 11796480 128374144 0 737280 368640 0 0 0 0 
_1.ptx 624 : 11796480 107021408 0 0 0 0 0 0 0 
_1.ptx 625 : 11796480 67726880 0 0 0 0 0 0 0 
_1.ptx 626 : 11796480 127556096 0 737280 368640 0 0 0 0 
_1.ptx 627 : 11796480 107028544 0 0 0 0 0 0 0 
_1.ptx 628 : 11796480 68920704 0 0 0 0 0 0 0 
_1.ptx 629 : 11796480 128398464 0 737280 368640 0 0 0 0 
_1.ptx 630 : 11796480 106925664 0 0 0 0 0 0 0 
_1.ptx 631 : 11796480 67372096 0 0 0 0 0 0 0 
_1.ptx 632 : 11796480 127772928 0 737280 368640 0 0 0 0 
_1.ptx 633 : 11796480 106979136 0 0 0 0 0 0 0 
_1.ptx 634 : 11796480 69718528 0 0 0 0 0 0 0 
_1.ptx 635 : 11796480 128705440 0 737280 368640 0 0 0 0 
_1.ptx 636 : 11796480 106979808 0 0 0 0 0 0 0 
_1.ptx 637 : 11796480 67418528 0 0 0 0 0 0 0 
_1.ptx 638 : 11796480 127811520 0 737280 368640 0 0 0 0 
_1.ptx 639 : 11796480 106978560 0 0 0 0 0 0 0 
_1.ptx 640 : 11796480 68541472 0 0 0 0 0 0 0 
_1.ptx 641 : 11796480 128045920 0 737280 368640 0 0 0 0 
_1.ptx 642 : 11796480 106970112 0 0 0 0 0 0 0 
_1.ptx 643 : 11796480 66842048 0 0 0 0 0 0 0 
_1.ptx 644 : 11796480 133349504 0 737280 368640 0 0 0 0 
_1.ptx 645 : 11796480 106980992 0 0 0 0 0 0 0 
_1.ptx 646 : 11796480 70027104 0 0 0 0 0 0 0 
_1.ptx 647 : 11796480 129619584 0 737280 368640 0 0 0 0 
_1.ptx 648 : 11796480 106943264 0 0 0 0 0 0 0 
_1.ptx 649 : 11796480 68322400 0 0 0 0 0 0 0 
_1.ptx 650 : 11796480 128675072 0 737280 368640 0 0 0 0 
_1.ptx 651 : 11796480 106970944 0 0 0 0 0 0 0 
_1.ptx 652 : 11796480 69818304 0 0 0 0 0 0 0 
_1.ptx 653 : 11796480 129460704 0 737280 368640 0 0 0 0 
_1.ptx 654 : 11796480 106971840 0 0 0 0 0 0 0 
_1.ptx 655 : 11796480 67450080 0 0 0 0 0 0 0 
_1.ptx 656 : 11796480 127884224 0 737280 368640 0 0 0 0 
_1.ptx 657 : 11796480 106952448 0 0 0 0 0 0 0 
_1.ptx 658 : 11796480 69544448 0 0 0 0 0 0 0 
_1.ptx 659 : 11796480 128413760 0 737280 368640 0 0 0 0 
_1.ptx 660 : 11796480 107251232 0 0 0 0 0 0 0 
_1.ptx 661 : 11796480 64054336 0 0 0 0 0 0 0 
_1.ptx 662 : 11796480 128679776 0 737280 368640 0 0 0 0 
_1.ptx 663 : 11796480 107349728 0 0 0 0 0 0 0 
_1.ptx 665 : 11796480 131822688 0 0 0 0 0 0 0 
_1.ptx 666 : 11796480 91314656 28280896 0 0 737280 368640 0 0 
_1.ptx 668 : 11796480 71855840 0 0 0 0 0 0 0 
