kernel line : count latency dram_traffic smem_bk_conflicts smem_warp gmem_access_generated gmem_warp exposed_latency warp_divergence
_1.ptx 97 : 262144 2060672 0 0 0 0 0 0 0 
_1.ptx 98 : 262144 2250592 0 0 0 0 0 0 0 
_1.ptx 99 : 262144 0 0 0 0 0 0 0 0 
_1.ptx 100 : 262144 3011872 0 0 0 0 0 0 0 
_1.ptx 101 : 262144 2818400 0 0 0 0 0 0 0 
_1.ptx 102 : 262144 2073088 0 0 0 0 0 0 0 
_1.ptx 103 : 262144 1802304 0 0 0 0 0 0 0 
_1.ptx 104 : 262144 2221504 0 0 0 0 0 0 0 
_1.ptx 105 : 262144 3004288 0 0 0 0 0 0 0 
_1.ptx 106 : 262144 2028864 0 0 0 0 0 0 0 
_1.ptx 107 : 262144 2008032 0 0 0 0 0 0 0 
_1.ptx 108 : 262144 2829024 0 0 0 0 0 0 0 
_1.ptx 109 : 262144 5268224 0 0 0 0 0 0 0 
_1.ptx 110 : 262144 2971296 0 0 0 0 0 0 0 
_1.ptx 111 : 262144 4489184 0 0 0 0 0 0 0 
_1.ptx 112 : 262144 3002592 0 0 0 0 0 0 0 
_1.ptx 113 : 262144 1753664 0 0 0 0 0 0 0 
_1.ptx 114 : 262144 2037408 0 0 0 0 0 0 0 
_1.ptx 118 : 1048576 405684576 4194304 0 0 32768 32768 0 0 
_1.ptx 119 : 1048576 406038176 4194304 0 0 32768 32768 0 0 
_1.ptx 120 : 1048576 9745568 0 0 0 0 0 0 0 
_1.ptx 121 : 1048576 10916384 0 0 0 0 0 0 0 
_1.ptx 122 : 1048576 10977152 0 0 0 0 0 0 0 
_1.ptx 123 : 1048576 10977824 0 0 0 0 0 0 0 
_1.ptx 124 : 1048576 8799840 0 0 0 0 0 0 0 
_1.ptx 125 : 1048576 5119296 0 0 0 0 0 0 0 
_1.ptx 126 : 262144 1714336 0 0 0 0 0 0 0 
_1.ptx 131 : 262144 5640128 0 8192 8192 0 0 0 0 
_1.ptx 132 : 262144 2960320 0 0 0 0 0 0 0 
_1.ptx 133 : 262144 2972832 0 0 0 0 0 0 0 
_1.ptx 134 : 262144 2213504 0 0 0 0 0 0 0 
_1.ptx 135 : 262144 1303232 0 0 0 0 0 0 0 
_1.ptx 137 : 65536 435104 0 0 0 0 0 0 0 
_1.ptx 141 : 655360 4491936 0 0 0 0 0 0 0 
_1.ptx 142 : 655360 5560672 0 0 0 0 0 0 0 
_1.ptx 143 : 655360 3224397 0 0 0 0 0 0 1280 
_1.ptx 144 : 196352 1582267 0 0 0 0 0 0 0 
_1.ptx 145 : 196352 1400425 0 0 0 0 0 0 0 
_1.ptx 146 : 196352 1605036 0 0 0 0 0 0 0 
_1.ptx 147 : 196352 2267002 0 0 0 0 0 0 0 
_1.ptx 148 : 196352 2384790 0 0 0 0 0 0 0 
_1.ptx 149 : 196352 2769537 0 0 0 0 0 0 0 
_1.ptx 150 : 196352 2927045 0 0 0 0 0 0 0 
_1.ptx 151 : 196352 2355710 0 0 0 0 0 0 0 
_1.ptx 152 : 196352 1660090 0 0 0 0 0 0 0 
_1.ptx 153 : 196352 2792901 0 0 0 0 0 0 0 
_1.ptx 154 : 196352 2298450 0 0 0 0 0 0 0 
_1.ptx 158 : 261888 3734166 0 9216 9216 0 0 0 0 
_1.ptx 159 : 261888 3359460 0 9216 9216 0 0 0 0 
_1.ptx 160 : 261888 3019234 0 0 0 0 0 0 0 
_1.ptx 161 : 261888 2780056 0 9216 9216 0 0 0 0 
_1.ptx 162 : 261888 3022187 0 0 0 0 0 0 0 
_1.ptx 163 : 261888 3027512 0 0 0 0 0 0 0 
_1.ptx 66 : 32768 213632 0 0 0 0 0 0 0 
_1.ptx 164 : 261888 3075631 0 0 0 0 0 0 0 
_1.ptx 67 : 32768 241760 0 0 0 0 0 0 0 
_1.ptx 165 : 261888 2325180 0 0 0 0 0 0 0 
_1.ptx 68 : 32768 4772320 128 0 0 0 0 0 0 
_1.ptx 166 : 261888 480128 0 0 0 0 0 0 0 
_1.ptx 69 : 32768 278080 0 0 0 0 0 0 0 
_1.ptx 70 : 32768 0 0 0 0 0 0 0 0 
_1.ptx 71 : 32768 234336 0 0 0 0 0 0 0 
_1.ptx 169 : 655360 5273568 0 0 0 0 0 0 0 
_1.ptx 72 : 32768 230688 0 0 0 0 0 0 0 
_1.ptx 170 : 655360 4642176 0 0 0 0 0 0 0 
_1.ptx 73 : 32768 281216 0 0 0 0 0 0 0 
_1.ptx 171 : 655360 5716896 0 0 0 0 0 0 0 
_1.ptx 74 : 32768 232416 0 0 0 0 0 0 0 
_1.ptx 172 : 655360 4181920 0 0 0 0 0 0 0 
_1.ptx 75 : 32768 234208 0 0 0 0 0 0 0 
_1.ptx 173 : 65536 485687 0 0 0 0 0 0 256 
_1.ptx 76 : 32768 280672 0 0 0 0 0 0 0 
_1.ptx 77 : 32768 220256 0 0 0 0 0 0 0 
_1.ptx 175 : 256 4435 0 256 256 0 0 0 0 
_1.ptx 78 : 32768 219840 0 0 0 0 0 0 0 
_1.ptx 176 : 256 2798 0 0 0 0 0 0 0 
_1.ptx 177 : 256 1979 0 0 0 0 0 0 0 
_1.ptx 178 : 256 2741 0 0 0 0 0 0 0 
_1.ptx 81 : 65536 0 0 0 0 0 0 0 0 
_1.ptx 179 : 256 2947 0 0 0 0 0 0 0 
_1.ptx 82 : 65536 540256 0 0 0 0 0 0 0 
_1.ptx 180 : 256 3558 608 0 0 256 256 0 0 
_1.ptx 83 : 65536 564960 0 0 0 0 0 0 0 
_1.ptx 84 : 65536 763296 0 0 0 0 0 0 0 
_1.ptx 182 : 65536 762656 0 0 0 0 0 0 0 
_1.ptx 85 : 65536 538272 0 0 0 0 0 0 0 
_1.ptx 183 : 65536 575264 0 0 0 0 0 0 0 
_1.ptx 86 : 65536 492640 0 0 0 0 0 0 0 
_1.ptx 184 : 65536 230688 0 0 0 0 0 0 0 
_1.ptx 87 : 65536 539904 0 0 0 0 0 0 0 
_1.ptx 88 : 65536 772128 0 0 0 0 0 0 0 
_1.ptx 89 : 65536 734304 0 0 0 0 0 0 0 
_1.ptx 187 : 32768 232928 0 0 0 0 0 0 0 
_1.ptx 90 : 65536 1025856 0 0 0 0 0 0 0 
_1.ptx 91 : 65536 1055360 0 0 0 0 0 0 0 
_1.ptx 92 : 65536 791936 0 0 0 0 0 0 0 
_1.ptx 96 : 262144 2060480 0 0 0 0 0 0 0 
