kernel line : count latency dram_traffic smem_bk_conflicts smem_warp gmem_access_generated gmem_warp exposed_latency warp_divergence
_1.ptx 823 : 509868 3054076 0 0 0 0 0 0 1125 
_1.ptx 825 : 74702 591635 0 0 0 0 0 0 0 
_1.ptx 827 : 74702 616800 0 0 0 0 0 0 0 
_1.ptx 829 : 509868 5564857 0 0 0 0 0 0 0 
_1.ptx 830 : 509868 5603267 0 0 0 0 0 0 0 
_1.ptx 831 : 509868 3760323 0 0 0 0 0 0 0 
_1.ptx 832 : 509868 4473137 0 0 0 0 0 0 0 
_1.ptx 833 : 509868 2661572 0 0 0 0 0 0 0 
_1.ptx 834 : 127467 906758 0 0 0 0 0 0 0 
_1.ptx 835 : 127467 1105676 0 0 0 0 0 0 0 
_1.ptx 836 : 127467 1026691 0 0 0 0 0 0 0 
_1.ptx 837 : 127467 896142 0 0 0 0 0 0 0 
_1.ptx 838 : 127467 1101460 0 0 0 0 0 0 0 
_1.ptx 839 : 127467 1012982 0 0 0 0 0 0 0 
_1.ptx 840 : 127467 1106435 0 0 0 0 0 0 0 
_1.ptx 841 : 127467 893917 0 0 0 0 0 0 0 
_1.ptx 842 : 127467 1097881 0 0 0 0 0 0 0 
_1.ptx 843 : 127467 443458 0 0 0 0 0 0 631 
_1.ptx 845 : 62282 683771 0 0 0 0 0 0 0 
_1.ptx 847 : 62282 509920 0 0 0 0 0 0 0 
_1.ptx 848 : 62282 493802 0 0 0 0 0 0 0 
_1.ptx 849 : 62282 792879 0 0 0 0 0 0 0 
_1.ptx 850 : 62282 715698 0 0 0 0 0 0 0 
_1.ptx 851 : 62282 318044 0 0 0 2349 2349 0 0 
_1.ptx 852 : 62282 309994 0 0 0 2349 2349 0 0 
_1.ptx 853 : 62282 318053 0 0 0 2544 2349 0 0 
_1.ptx 854 : 62282 322749 0 0 0 2544 2349 0 0 
_1.ptx 855 : 62282 312657 0 0 0 2544 2349 0 0 
_1.ptx 856 : 62282 316937 0 0 0 2544 2349 0 0 
_1.ptx 857 : 62282 306518 0 0 0 2544 2349 0 0 
_1.ptx 859 : 62282 702931 0 0 0 0 0 0 0 
_1.ptx 860 : 62282 706958 0 0 0 0 0 0 0 
_1.ptx 861 : 62282 709843 0 0 0 0 0 0 0 
_1.ptx 862 : 62282 722212 0 0 0 0 0 0 0 
_1.ptx 863 : 62282 723820 0 0 0 0 0 0 0 
_1.ptx 864 : 62282 725642 0 0 0 0 0 0 0 
_1.ptx 865 : 62282 337405 0 0 0 2544 2349 0 0 
_1.ptx 866 : 62282 453500 0 0 0 0 0 0 0 
_1.ptx 867 : 62282 538739 0 0 0 0 0 0 0 
_1.ptx 868 : 62282 130987 0 0 0 0 0 0 305 
_1.ptx 870 : 43133 307331 0 0 0 0 0 0 0 
_1.ptx 871 : 43133 301094 0 0 0 0 0 0 0 
_1.ptx 872 : 43133 305741 0 0 0 0 0 0 0 
_1.ptx 873 : 43133 297690 0 0 0 0 0 0 0 
_1.ptx 875 : 19149 71018 0 0 0 0 0 0 0 
_1.ptx 876 : 19149 221938 0 0 0 0 0 0 0 
_1.ptx 877 : 19149 221472 0 0 0 0 0 0 0 
_1.ptx 878 : 19149 223048 0 0 0 0 0 0 0 
_1.ptx 879 : 19149 225406 0 0 0 0 0 0 0 
_1.ptx 880 : 19149 227615 0 0 0 0 0 0 0 
_1.ptx 881 : 19149 183431 0 0 0 0 0 0 0 
_1.ptx 882 : 19149 183241 0 0 0 0 0 0 0 
_1.ptx 883 : 19149 635108 0 0 0 0 0 0 0 
_1.ptx 884 : 19149 244556 0 0 0 0 0 0 0 
_1.ptx 885 : 19149 241624 0 0 0 0 0 0 0 
_1.ptx 886 : 19149 239280 0 0 0 0 0 0 0 
_1.ptx 888 : 62282 732806 0 0 0 0 0 0 0 
_1.ptx 889 : 62282 729370 0 0 0 0 0 0 0 
_1.ptx 890 : 62282 750235 0 0 0 0 0 0 0 
_1.ptx 891 : 62282 784010 0 0 0 0 0 0 0 
_1.ptx 892 : 62282 618653 0 0 0 0 0 0 0 
_1.ptx 893 : 62282 607554 0 0 0 0 0 0 0 
_1.ptx 894 : 62282 2044192 0 0 0 0 0 0 0 
_1.ptx 895 : 62282 720074 0 0 0 0 0 0 0 
_1.ptx 896 : 62282 724614 0 0 0 0 0 0 0 
_1.ptx 897 : 62282 725170 0 0 0 0 0 0 0 
_1.ptx 898 : 62282 720368 0 0 0 0 0 0 0 
_1.ptx 899 : 62282 599990 0 0 0 0 0 0 0 
_1.ptx 900 : 62282 596941 0 0 0 0 0 0 0 
_1.ptx 901 : 62282 428269 0 0 0 0 0 0 0 
_1.ptx 902 : 62282 537510 0 0 0 0 0 0 0 
_1.ptx 903 : 62282 435454 0 0 0 0 0 0 0 
_1.ptx 910 : 62282 486373 0 0 0 0 0 0 0 
_1.ptx 911 : 62282 490449 0 0 0 0 0 0 0 
_1.ptx 912 : 62282 500201 0 0 0 0 0 0 0 
_1.ptx 915 : 62282 444051 0 0 0 0 0 0 0 
_1.ptx 916 : 62282 721339 0 0 0 0 0 0 0 
_1.ptx 917 : 62282 486543 0 0 0 0 0 0 0 
_1.ptx 918 : 62282 976366 0 0 0 0 0 0 0 
_1.ptx 919 : 62282 707843 0 0 0 0 0 0 0 
_1.ptx 920 : 62282 624688 25760 0 0 0 0 0 0 
_1.ptx 921 : 62282 408324 0 0 0 0 0 0 0 
_1.ptx 922 : 62282 714966 0 0 0 0 0 0 0 
_1.ptx 923 : 62282 846671 48640 0 0 0 0 0 0 
_1.ptx 924 : 62282 410809 0 0 0 0 0 0 0 
_1.ptx 925 : 62282 712557 0 0 0 0 0 0 0 
_1.ptx 926 : 62282 1050982 26048 0 0 0 0 0 0 
_1.ptx 927 : 62282 404920 0 0 0 0 0 0 0 
_1.ptx 928 : 62282 719395 0 0 0 0 0 0 0 
_1.ptx 929 : 62282 1072209 17536 0 0 0 0 0 0 
_1.ptx 931 : 62282 411766 0 0 0 0 0 0 0 
_1.ptx 932 : 62282 714971 0 0 0 0 0 0 0 
_1.ptx 933 : 62282 421965 0 0 0 0 0 0 0 
_1.ptx 934 : 62282 712055 0 0 0 0 0 0 0 
_1.ptx 935 : 62282 421104 0 0 0 0 0 0 0 
_1.ptx 936 : 62282 728128 0 0 0 0 0 0 0 
_1.ptx 937 : 62282 753030 0 0 0 0 0 0 0 
_1.ptx 938 : 62282 606055 0 0 0 0 0 0 0 
_1.ptx 939 : 62282 597032 0 0 0 0 0 0 0 
_1.ptx 940 : 62282 2306139 0 0 0 0 0 0 0 
_1.ptx 941 : 62282 762397 0 0 0 0 0 0 0 
_1.ptx 942 : 62282 761015 0 0 0 0 0 0 0 
_1.ptx 943 : 62282 775398 0 0 0 0 0 0 0 
_1.ptx 944 : 62282 773393 0 0 0 0 0 0 0 
_1.ptx 945 : 62282 599301 0 0 0 0 0 0 0 
_1.ptx 946 : 62282 598739 0 0 0 0 0 0 0 
_1.ptx 947 : 62282 437757 0 0 0 0 0 0 0 
_1.ptx 948 : 62282 542172 0 0 0 0 0 0 0 
_1.ptx 949 : 62282 37084 0 0 0 0 0 0 318 
_1.ptx 951 : 56815 447392 0 0 0 0 0 0 0 
_1.ptx 952 : 56815 354534 0 0 0 0 0 0 0 
_1.ptx 955 : 220903 1179890 0 0 0 8579 8579 0 0 
_1.ptx 956 : 220903 1173610 0 0 0 8579 8579 0 0 
_1.ptx 957 : 220903 1136964 0 0 0 8579 8579 0 0 
_1.ptx 958 : 220903 1098313 0 0 0 8579 8579 0 0 
_1.ptx 959 : 220903 1476880 0 0 0 0 0 0 0 
_1.ptx 960 : 220903 1890439 0 0 0 0 0 0 0 
_1.ptx 961 : 220903 1142309 0 0 0 0 0 0 0 
_1.ptx 963 : 56815 431432 0 0 0 0 0 0 0 
_1.ptx 964 : 56815 377907 0 0 0 0 0 0 0 
_1.ptx 965 : 56815 477441 0 0 0 0 0 0 0 
_1.ptx 966 : 56815 367787 0 0 0 0 0 0 0 
_1.ptx 971 : 56815 360832 0 0 0 0 0 0 0 
_1.ptx 972 : 56815 524513 0 0 0 0 0 0 0 
_1.ptx 973 : 56815 639913 0 0 0 0 0 0 0 
_1.ptx 974 : 56815 3317593 0 0 0 0 0 0 0 
_1.ptx 976 : 56815 368984 0 0 0 0 0 0 0 
_1.ptx 977 : 56815 374516 0 0 0 0 0 0 0 
_1.ptx 978 : 56815 484173 0 0 0 0 0 0 0 
_1.ptx 979 : 56815 529966 0 0 0 0 0 0 0 
_1.ptx 982 : 56815 436085 0 0 0 0 0 0 0 
_1.ptx 983 : 56815 381049 0 0 0 0 0 0 0 
_1.ptx 986 : 164088 772707 0 0 0 6402 6402 0 0 
_1.ptx 987 : 164088 633493 0 0 0 0 0 0 0 
_1.ptx 988 : 164088 1940564 0 0 0 0 0 0 0 
_1.ptx 989 : 164088 1155427 0 0 0 0 0 0 0 
_1.ptx 990 : 164088 1950778 0 0 0 0 0 0 0 
_1.ptx 991 : 164088 1188846 0 0 0 0 0 0 0 
_1.ptx 992 : 164088 1952985 0 0 0 0 0 0 0 
_1.ptx 993 : 164088 1205971 0 0 0 0 0 0 0 
_1.ptx 994 : 164088 1970929 0 0 0 0 0 0 0 
_1.ptx 995 : 164088 1957286 0 0 0 0 0 0 0 
_1.ptx 996 : 164088 1995635 0 0 0 0 0 0 0 
_1.ptx 997 : 164088 1988574 0 0 0 0 0 0 0 
_1.ptx 998 : 164088 1995212 0 0 0 0 0 0 0 
_1.ptx 999 : 164088 1992010 0 0 0 0 0 0 0 
_1.ptx 1000 : 164088 2024255 0 0 0 0 0 0 0 
_1.ptx 1001 : 164088 2024433 0 0 0 0 0 0 0 
_1.ptx 1002 : 164088 1684432 0 0 0 0 0 0 0 
_1.ptx 1003 : 164088 1669566 0 0 0 0 0 0 0 
_1.ptx 1004 : 164088 2000093 0 0 0 0 0 0 0 
_1.ptx 1005 : 164088 1638068 0 0 0 0 0 0 0 
_1.ptx 1006 : 164088 1637455 0 0 0 0 0 0 0 
_1.ptx 1007 : 164088 2002954 0 0 0 0 0 0 0 
_1.ptx 1008 : 164088 1500171 0 0 0 0 0 0 0 
_1.ptx 1009 : 164088 1386672 0 0 0 0 0 0 0 
_1.ptx 1010 : 164088 1180067 0 0 0 0 0 0 0 
_1.ptx 1011 : 164088 1458250 0 0 0 0 0 0 0 
_1.ptx 1012 : 164088 1362343 0 0 0 0 0 0 0 
_1.ptx 1013 : 164088 1468994 0 0 0 0 0 0 0 
_1.ptx 1014 : 164088 1205813 0 0 0 0 0 0 0 
_1.ptx 1015 : 164088 1463166 0 0 0 0 0 0 0 
_1.ptx 1016 : 164088 832915 0 0 0 0 0 0 965 
_1.ptx 1017 : 50431 370510 0 0 0 0 0 0 0 
_1.ptx 1018 : 50431 368728 0 0 0 0 0 0 0 
_1.ptx 1020 : 113657 1353744 0 0 0 0 0 0 0 
_1.ptx 1021 : 113657 1348976 0 0 0 0 0 0 0 
_1.ptx 1022 : 113657 1018192 0 0 0 0 0 0 0 
_1.ptx 1023 : 113657 46029 0 0 0 0 0 0 344 
_1.ptx 1024 : 107587 797284 0 0 0 0 0 0 0 
_1.ptx 1025 : 107587 806265 0 0 0 0 0 0 0 
_1.ptx 1028 : 6070 71563 0 0 0 0 0 0 0 
_1.ptx 1029 : 6070 108843 0 0 0 0 0 0 0 
_1.ptx 1030 : 6070 73000 0 0 0 0 0 0 0 
_1.ptx 1031 : 6070 73774 0 0 0 0 0 0 0 
_1.ptx 1032 : 6070 59465 0 0 0 0 0 0 0 
_1.ptx 1036 : 164088 1372177 0 0 0 0 0 0 0 
_1.ptx 1039 : 220903 1583061 0 0 0 0 0 0 0 
_1.ptx 1040 : 220903 1927502 0 0 0 0 0 0 0 
_1.ptx 1041 : 220903 1505043 0 0 0 0 0 0 370 
_1.ptx 1042 : 6068 72660 0 0 0 0 0 0 0 
_1.ptx 1043 : 6068 73071 0 0 0 0 0 0 0 
_1.ptx 1044 : 6068 76576 0 0 0 0 0 0 0 
_1.ptx 1045 : 6068 73623 0 0 0 0 0 0 0 
_1.ptx 1046 : 6068 73375 0 0 0 0 0 0 0 
_1.ptx 1047 : 6068 73862 0 0 0 0 0 0 0 
_1.ptx 1048 : 6068 74009 0 0 0 0 0 0 0 
_1.ptx 1049 : 6068 60939 0 0 0 0 0 0 0 
_1.ptx 1050 : 6068 60960 0 0 0 0 0 0 0 
_1.ptx 1051 : 6068 56015 0 0 0 0 0 0 0 
_1.ptx 1052 : 6068 47101 0 0 0 0 0 0 0 
_1.ptx 1057 : 220903 2428591 0 0 0 0 0 0 0 
_1.ptx 1058 : 220903 2437191 0 0 0 0 0 0 0 
_1.ptx 1059 : 220903 1678633 0 0 0 0 0 0 0 
_1.ptx 1060 : 220903 1959646 0 0 0 0 0 0 0 
_1.ptx 1061 : 220903 376372 0 0 0 0 0 0 0 
_1.ptx 1062 : 169119 1230039 0 0 0 0 0 0 0 
_1.ptx 1063 : 169119 1461367 0 0 0 0 0 0 0 
_1.ptx 1064 : 169119 1135356 0 0 0 0 0 0 295 
_1.ptx 1065 : 5031 36307 0 0 0 0 0 0 0 
_1.ptx 1067 : 51784 373792 0 0 0 0 0 0 0 
_1.ptx 1068 : 51784 459792 0 0 0 0 0 0 0 
_1.ptx 1071 : 56815 45094 0 0 0 0 0 0 318 
_1.ptx 1073 : 50745 604570 0 0 0 0 0 0 0 
_1.ptx 1074 : 50745 607782 0 0 0 0 0 0 0 
_1.ptx 1075 : 50745 610667 0 0 0 0 0 0 0 
_1.ptx 1076 : 50745 633713 0 0 0 0 0 0 0 
_1.ptx 1077 : 50745 504128 0 0 0 0 0 0 0 
_1.ptx 1078 : 50745 498719 0 0 0 0 0 0 0 
_1.ptx 1079 : 50745 1207010 0 0 0 0 0 0 0 
_1.ptx 1081 : 50745 371281 0 0 0 0 0 0 0 
_1.ptx 1082 : 50745 1077445 0 0 0 0 0 0 0 
_1.ptx 1083 : 50745 403795 0 0 0 0 0 0 0 
_1.ptx 1084 : 50745 721744 0 0 0 0 0 0 0 
_1.ptx 1085 : 50745 661372 0 0 0 0 0 0 0 
_1.ptx 1086 : 50745 602198 0 0 0 0 0 0 0 
_1.ptx 1087 : 50745 369028 0 0 0 0 0 0 0 
_1.ptx 1088 : 50745 365242 0 0 0 0 0 0 0 
_1.ptx 1089 : 50745 591198 0 0 0 0 0 0 0 
_1.ptx 1090 : 50745 602055 0 0 0 0 0 0 0 
_1.ptx 1091 : 50745 606774 0 0 0 0 0 0 0 
_1.ptx 1092 : 50745 378401 0 0 0 0 0 0 0 
_1.ptx 1093 : 50745 367098 0 0 0 0 0 0 0 
_1.ptx 1094 : 50745 596401 0 0 0 0 0 0 0 
_1.ptx 1095 : 50745 600130 0 0 0 0 0 0 0 
_1.ptx 1096 : 50745 607847 0 0 0 0 0 0 0 
_1.ptx 1097 : 50745 636977 0 0 0 0 0 0 0 
_1.ptx 1098 : 50745 363987 0 0 0 0 0 0 0 
_1.ptx 1099 : 50745 597449 0 0 0 0 0 0 0 
_1.ptx 1100 : 50745 492788 0 0 0 0 0 0 0 
_1.ptx 1101 : 50745 702781 0 0 0 0 0 0 0 
_1.ptx 1103 : 50745 588208 0 0 0 0 0 0 0 
_1.ptx 1104 : 50745 591412 0 0 0 0 0 0 0 
_1.ptx 1105 : 50745 591742 0 0 0 0 0 0 0 
_1.ptx 1106 : 50745 497916 0 0 0 0 0 0 0 
_1.ptx 1107 : 50745 604566 0 0 0 0 0 0 0 
_1.ptx 1108 : 50745 510052 0 0 0 0 0 0 0 
_1.ptx 1109 : 50745 390088 0 0 0 0 0 0 0 
_1.ptx 1110 : 50745 1096976 0 0 0 0 0 0 0 
_1.ptx 1111 : 50745 413739 0 0 0 0 0 0 0 
_1.ptx 1112 : 50745 1098440 0 0 0 0 0 0 0 
_1.ptx 1113 : 50745 415757 0 0 0 0 0 0 0 
_1.ptx 1114 : 50745 466460 0 0 0 0 0 0 0 
_1.ptx 1115 : 50745 374804 0 0 0 0 0 0 0 
_1.ptx 1121 : 50745 417786 0 0 0 0 0 0 0 
_1.ptx 1122 : 50745 369005 0 0 0 0 0 0 0 
_1.ptx 1123 : 50745 437494 0 0 0 0 0 0 0 
_1.ptx 1124 : 50745 0 0 0 0 0 0 0 0 
_1.ptx 1125 : 50745 328191 0 0 0 0 0 0 0 
_1.ptx 1133 : 50745 325227 0 0 0 0 0 0 0 
_1.ptx 1134 : 50745 421456 0 0 0 0 0 0 0 
_1.ptx 1135 : 50745 330785 0 0 0 0 0 0 0 
_1.ptx 1140 : 50745 330140 0 0 0 0 0 0 0 
_1.ptx 1141 : 50745 422864 0 0 0 0 0 0 0 
_1.ptx 1142 : 50745 326869 0 0 0 0 0 0 0 
_1.ptx 1157 : 50745 336143 0 0 0 0 0 0 0 
_1.ptx 1158 : 50745 431157 0 0 0 0 0 0 0 
_1.ptx 1159 : 50745 335209 0 0 0 0 0 0 0 
_1.ptx 1181 : 50745 329046 0 0 0 0 0 0 0 
_1.ptx 1182 : 50745 424757 0 0 0 0 0 0 0 
_1.ptx 1183 : 50745 330400 0 0 0 0 0 0 0 
_1.ptx 1196 : 50745 375175 0 0 0 0 0 0 0 
_1.ptx 1197 : 50745 380406 0 0 0 0 0 0 0 
_1.ptx 1198 : 50745 386054 0 0 0 0 0 0 0 
_1.ptx 1199 : 50745 390514 0 0 0 0 0 0 0 
_1.ptx 1200 : 50745 347200 0 0 0 0 0 0 0 
_1.ptx 1201 : 50745 432045 0 0 0 0 0 0 0 
_1.ptx 1202 : 50745 335328 0 0 0 0 0 0 0 
_1.ptx 1213 : 50745 417497 0 0 0 0 0 0 0 
_1.ptx 1216 : 50745 574284 0 0 0 0 0 0 0 
_1.ptx 1218 : 50745 421750 0 0 0 0 0 0 0 
_1.ptx 1219 : 50745 408437 0 0 0 0 0 0 0 
_1.ptx 1220 : 50745 401309 0 0 0 0 0 0 0 
_1.ptx 1221 : 50745 408963 0 0 0 0 0 0 0 
_1.ptx 1222 : 50745 362727 0 0 0 0 0 0 0 
_1.ptx 1223 : 50745 444049 0 0 0 0 0 0 0 
_1.ptx 1224 : 50745 211359 0 0 0 0 0 0 727 
_1.ptx 1226 : 21083 161285 0 0 0 0 0 0 0 
_1.ptx 1227 : 21083 248796 0 0 0 0 0 0 0 
_1.ptx 1229 : 21083 239993 0 0 0 0 0 0 0 
_1.ptx 1232 : 50745 392085 0 0 0 0 0 0 0 
_1.ptx 1233 : 50745 593702 0 0 0 0 0 0 0 
_1.ptx 1234 : 50745 347271 0 0 0 0 0 0 0 
_1.ptx 1235 : 50745 594858 0 0 0 0 0 0 0 
_1.ptx 1236 : 50745 617369 0 0 0 0 0 0 0 
_1.ptx 1237 : 50745 478530 0 0 0 0 0 0 0 
_1.ptx 1238 : 50745 2418315 0 0 0 0 0 0 0 
_1.ptx 1239 : 50745 411952 0 0 0 0 0 0 0 
_1.ptx 1240 : 50745 625176 0 0 0 0 0 0 0 
_1.ptx 1241 : 50745 411664 0 0 0 0 0 0 0 
_1.ptx 1242 : 50745 412282 0 0 0 0 0 0 0 
_1.ptx 1243 : 50745 412464 0 0 0 0 0 0 0 
_1.ptx 1244 : 50745 407349 0 0 0 0 0 0 0 
_1.ptx 1245 : 50745 408749 0 0 0 0 0 0 0 
_1.ptx 1246 : 50745 586620 0 0 0 0 0 0 0 
_1.ptx 1247 : 50745 589721 0 0 0 0 0 0 0 
_1.ptx 1248 : 50745 599613 0 0 0 0 0 0 0 
_1.ptx 1249 : 50745 478804 0 0 0 0 0 0 0 
_1.ptx 1250 : 50745 491950 0 0 0 0 0 0 0 
_1.ptx 1252 : 50745 620321 0 0 0 0 0 0 0 
_1.ptx 1253 : 50745 647276 0 0 0 0 0 0 0 
_1.ptx 1254 : 50745 431123 0 0 0 0 0 0 0 
_1.ptx 1255 : 50745 438971 0 0 0 0 0 0 0 
_1.ptx 1256 : 50745 523305 0 0 0 0 0 0 0 
_1.ptx 1257 : 50745 399441 0 0 0 0 0 0 0 
_1.ptx 1258 : 50745 513486 0 0 0 0 0 0 0 
_1.ptx 1259 : 50745 624225 0 0 0 0 0 0 0 
_1.ptx 1260 : 50745 625707 0 0 0 0 0 0 0 
_1.ptx 1261 : 50745 617213 0 0 0 0 0 0 0 
_1.ptx 1262 : 50745 614056 0 0 0 0 0 0 0 
_1.ptx 1263 : 50745 609205 0 0 0 0 0 0 0 
_1.ptx 1264 : 50745 603580 0 0 0 0 0 0 0 
_1.ptx 1265 : 50745 604390 0 0 0 0 0 0 0 
_1.ptx 1266 : 50745 596793 0 0 0 0 0 0 0 
_1.ptx 1267 : 50745 571567 0 0 0 0 0 0 0 
_1.ptx 1269 : 50745 582302 0 0 0 0 0 0 0 
_1.ptx 1271 : 50745 596508 0 0 0 0 0 0 0 
_1.ptx 1272 : 50745 622747 0 0 0 0 0 0 0 
_1.ptx 1274 : 50745 483686 0 0 0 0 0 0 0 
_1.ptx 1275 : 50745 438372 0 0 0 0 0 0 0 
_1.ptx 1276 : 50745 628850 0 0 0 0 0 0 0 
_1.ptx 1277 : 50745 628693 0 0 0 0 0 0 0 
_1.ptx 1279 : 50745 419269 0 0 0 0 0 0 0 
_1.ptx 1280 : 50745 615994 0 0 0 0 0 0 0 
_1.ptx 1281 : 50745 619880 0 0 0 0 0 0 0 
_1.ptx 1282 : 50745 609979 0 0 0 0 0 0 0 
_1.ptx 1283 : 50745 600967 0 0 0 0 0 0 0 
_1.ptx 1284 : 50745 599665 0 0 0 0 0 0 0 
_1.ptx 1286 : 50745 602708 0 0 0 0 0 0 0 
_1.ptx 1288 : 50745 367370 0 0 0 0 0 0 0 
_1.ptx 1289 : 50745 598869 0 0 0 0 0 0 0 
_1.ptx 1290 : 50745 619434 0 0 0 0 0 0 0 
_1.ptx 1291 : 50745 466259 0 0 0 0 0 0 0 
_1.ptx 1292 : 50745 635130 0 0 0 0 0 0 0 
_1.ptx 1293 : 50745 413333 0 0 0 0 0 0 0 
_1.ptx 1294 : 50745 503423 0 0 0 0 0 0 0 
_1.ptx 1295 : 50745 377232 0 0 0 0 0 0 0 
_1.ptx 1296 : 50745 494494 0 0 0 0 0 0 0 
_1.ptx 1297 : 50745 360833 0 0 0 0 0 0 0 
_1.ptx 1298 : 50745 493240 0 0 0 0 0 0 0 
_1.ptx 1299 : 50745 358603 0 0 0 0 0 0 0 
_1.ptx 1300 : 50745 489855 0 0 0 0 0 0 0 
_1.ptx 1301 : 50745 602104 0 0 0 0 0 0 0 
_1.ptx 1303 : 50745 420503 0 0 0 0 0 0 0 
_1.ptx 1304 : 50745 597083 0 0 0 0 0 0 0 
_1.ptx 1305 : 50745 586243 0 0 0 0 0 0 0 
_1.ptx 1307 : 50745 382243 0 0 0 0 0 0 0 
_1.ptx 1308 : 50745 392229 0 0 0 0 0 0 0 
_1.ptx 1309 : 50745 400752 0 0 0 0 0 0 0 
_1.ptx 1310 : 50745 353119 0 0 0 0 0 0 0 
_1.ptx 1311 : 50745 424021 0 0 0 0 0 0 0 
_1.ptx 1312 : 50745 334352 0 0 0 0 0 0 0 
_1.ptx 1321 : 50745 400129 0 0 0 0 0 0 0 
_1.ptx 1322 : 50745 355707 0 0 0 0 0 0 0 
_1.ptx 1323 : 50745 582030 0 0 0 0 0 0 0 
_1.ptx 1324 : 50745 401113 0 0 0 0 0 0 0 
_1.ptx 1325 : 50745 357997 0 0 0 0 0 0 0 
_1.ptx 1326 : 50745 357728 0 0 0 0 0 0 0 
_1.ptx 1327 : 50745 2621407 0 0 0 0 0 0 0 
_1.ptx 1328 : 50745 315017 0 0 0 0 0 0 0 
_1.ptx 1329 : 50745 327007 0 0 0 0 0 0 0 
_1.ptx 1330 : 50745 476162 0 0 0 0 0 0 0 
_1.ptx 1331 : 50745 482221 0 0 0 0 0 0 0 
_1.ptx 1332 : 50745 342404 0 0 0 0 0 0 0 
_1.ptx 1333 : 50745 616330 0 0 0 0 0 0 0 
_1.ptx 1334 : 50745 3574176 0 0 0 0 0 0 0 
_1.ptx 1335 : 50745 594501 0 0 0 0 0 0 0 
_1.ptx 1336 : 50745 327092 0 0 0 0 0 0 0 
_1.ptx 1337 : 50745 433823 0 0 0 0 0 0 0 
_1.ptx 1338 : 50745 473880 0 0 0 0 0 0 0 
_1.ptx 1339 : 50745 330108 0 0 0 0 0 0 0 
_1.ptx 1340 : 50745 429424 0 0 0 0 0 0 0 
_1.ptx 1341 : 50745 470398 0 0 0 0 0 0 0 
_1.ptx 1343 : 50745 383893 0 0 0 0 0 0 0 
_1.ptx 1344 : 50745 327373 0 0 0 0 0 0 0 
_1.ptx 1345 : 50745 430565 0 0 0 0 0 0 0 
_1.ptx 1346 : 50745 0 0 0 0 0 0 0 0 
_1.ptx 1348 : 50745 483796 0 0 0 0 0 0 0 
_1.ptx 1351 : 50745 417025 0 0 0 0 0 0 0 
_1.ptx 1352 : 50745 369409 0 0 0 0 0 0 0 
_1.ptx 1353 : 50745 417191 0 0 0 0 0 0 0 
_1.ptx 1354 : 50745 417212 0 0 0 0 0 0 0 
_1.ptx 1355 : 50745 374321 0 0 0 0 0 0 0 
_1.ptx 1356 : 50745 610973 0 0 0 0 0 0 0 
_1.ptx 1357 : 50745 604426 0 0 0 0 0 0 0 
_1.ptx 1358 : 50745 420317 0 0 0 0 0 0 0 
_1.ptx 1359 : 50745 362504 0 0 0 0 0 0 0 
_1.ptx 1360 : 50745 441331 0 0 0 0 0 0 0 
_1.ptx 1361 : 50745 399303 0 0 0 0 0 0 0 
_1.ptx 1362 : 50745 431033 0 0 0 0 0 0 0 
_1.ptx 1363 : 50745 318162 0 0 0 0 0 0 0 
_1.ptx 1364 : 50745 420678 0 0 0 0 0 0 0 
_1.ptx 1365 : 50745 330164 0 0 0 0 0 0 0 
_1.ptx 1372 : 50745 392208 0 0 0 0 0 0 0 
_1.ptx 1375 : 50745 353735 0 0 0 0 0 0 0 
_1.ptx 1376 : 50745 577486 0 0 0 0 0 0 0 
_1.ptx 1377 : 50745 580054 0 0 0 0 0 0 0 
_1.ptx 1378 : 50745 573962 0 0 0 0 0 0 0 
_1.ptx 1380 : 50745 572330 0 0 0 0 0 0 0 
_1.ptx 1381 : 50745 722821 0 0 0 0 0 0 0 
_1.ptx 1383 : 50745 582249 0 0 0 0 0 0 0 
_1.ptx 1384 : 50745 862018 0 0 0 0 0 0 0 
_1.ptx 1388 : 62282 715460 0 0 0 0 0 0 0 
_1.ptx 1389 : 62282 734399 0 0 0 0 0 0 0 
_1.ptx 1390 : 62282 724912 0 0 0 0 0 0 0 
_1.ptx 1391 : 62282 756926 0 0 0 0 0 0 0 
_1.ptx 1392 : 62282 743484 0 0 0 0 0 0 0 
_1.ptx 1393 : 62282 782777 0 0 0 0 0 0 0 
_1.ptx 1395 : 62282 744110 0 0 0 0 0 0 0 
_1.ptx 1396 : 62282 765457 0 0 0 0 0 0 0 
_1.ptx 1397 : 62282 760697 0 0 0 0 0 0 0 
_1.ptx 1398 : 62282 825621 0 0 0 0 0 0 0 
_1.ptx 1399 : 62282 638997 0 0 0 0 0 0 0 
_1.ptx 1400 : 62282 624746 0 0 0 0 0 0 0 
_1.ptx 1401 : 62282 2368569 0 0 0 0 0 0 0 
_1.ptx 1402 : 62282 757423 0 0 0 0 0 0 0 
_1.ptx 1403 : 62282 760137 0 0 0 0 0 0 0 
_1.ptx 1404 : 62282 770961 0 0 0 0 0 0 0 
_1.ptx 1405 : 62282 505042 0 0 0 0 0 0 0 
_1.ptx 1406 : 62282 502428 0 0 0 0 0 0 0 
_1.ptx 1408 : 62282 438058 0 0 0 0 0 0 0 
_1.ptx 1409 : 62282 595704 0 0 0 0 0 0 0 
_1.ptx 1410 : 62282 426779 0 0 0 0 0 0 0 
_1.ptx 1411 : 62282 601057 0 0 0 0 0 0 0 
_1.ptx 1412 : 62282 439180 0 0 0 0 0 0 0 
_1.ptx 1413 : 62282 605247 0 0 0 0 0 0 0 
_1.ptx 1416 : 127467 1408052 0 0 0 0 0 0 0 
_1.ptx 1417 : 127467 942584 0 0 0 0 0 0 0 
_1.ptx 1418 : 127467 1113037 0 0 0 0 0 0 0 
_1.ptx 1419 : 127467 6676 0 0 0 0 0 0 0 
_1.ptx 1420 : 126435 1092585 0 0 0 0 0 0 0 
_1.ptx 1421 : 126435 419607 0 0 0 0 0 0 550 
_1.ptx 1424 : 65536 712544 0 0 0 0 0 0 0 
_1.ptx 1425 : 65536 517120 0 0 0 0 0 0 0 
_1.ptx 1426 : 65536 435072 0 0 0 0 0 0 0 
_1.ptx 1427 : 65536 554240 0 0 0 0 0 0 0 
_1.ptx 604 : 65536 404544 0 0 0 0 0 0 0 
_1.ptx 1428 : 65536 363831 0 0 0 0 0 0 218 
_1.ptx 605 : 65536 473376 39936 0 0 0 0 0 0 
_1.ptx 1429 : 10434 80599 0 0 0 0 0 0 0 
_1.ptx 606 : 65536 405376 0 0 0 0 0 0 0 
_1.ptx 1430 : 10434 79875 0 0 0 0 0 0 0 
_1.ptx 607 : 65536 907424 39296 0 0 0 0 0 0 
_1.ptx 1431 : 10434 119772 0 0 0 0 0 0 0 
_1.ptx 608 : 65536 405280 0 0 0 0 0 0 0 
_1.ptx 1432 : 10434 119844 0 0 0 0 0 0 0 
_1.ptx 609 : 65536 968864 39296 0 0 0 0 0 0 
_1.ptx 1433 : 10434 81888 0 0 0 0 0 0 0 
_1.ptx 610 : 65536 409152 0 0 0 0 0 0 0 
_1.ptx 611 : 65536 1372864 39168 0 0 0 0 0 0 
_1.ptx 612 : 65536 409120 0 0 0 0 0 0 0 
_1.ptx 613 : 65536 1304864 50944 0 0 0 0 0 0 
_1.ptx 1437 : 15923 2353651 15232 0 0 0 0 0 0 
_1.ptx 614 : 65536 409216 0 0 0 0 0 0 0 
_1.ptx 1438 : 15923 2270049 8960 0 0 0 0 0 0 
_1.ptx 615 : 65536 1452608 49664 0 0 0 0 0 0 
_1.ptx 1439 : 15923 2713070 12928 0 0 0 0 0 0 
_1.ptx 616 : 65536 409088 0 0 0 0 0 0 0 
_1.ptx 1440 : 15923 2548483 0 0 0 0 0 0 0 
_1.ptx 617 : 65536 1659456 56192 0 0 0 0 0 0 
_1.ptx 1441 : 15923 2519074 0 0 0 0 0 0 0 
_1.ptx 618 : 65536 410176 0 0 0 0 0 0 0 
_1.ptx 1442 : 15923 2721930 384 0 0 0 0 0 0 
_1.ptx 619 : 65536 1729088 50176 0 0 0 0 0 0 
_1.ptx 1443 : 15923 2832774 16640 0 0 0 0 0 0 
_1.ptx 620 : 65536 410304 0 0 0 0 0 0 0 
_1.ptx 1444 : 15923 2764679 0 0 0 0 0 0 0 
_1.ptx 621 : 65536 1840768 55552 0 0 0 0 0 0 
_1.ptx 1445 : 15923 99814 0 0 0 0 0 0 0 
_1.ptx 622 : 65536 410144 0 0 0 0 0 0 0 
_1.ptx 1446 : 15923 148363 0 0 0 0 0 0 0 
_1.ptx 623 : 65536 1810272 58240 0 0 0 0 0 0 
_1.ptx 1447 : 15923 202840 256 0 0 0 0 0 0 
_1.ptx 624 : 65536 409248 0 0 0 0 0 0 0 
_1.ptx 1448 : 15923 102324 0 0 0 0 0 0 0 
_1.ptx 625 : 65536 1916000 56320 0 0 0 0 0 0 
_1.ptx 1449 : 15923 148093 0 0 0 0 0 0 0 
_1.ptx 626 : 65536 414016 0 0 0 0 0 0 0 
_1.ptx 1450 : 15923 189676 512 0 0 0 0 0 0 
_1.ptx 627 : 65536 1524128 58880 0 0 0 0 0 0 
_1.ptx 1451 : 15923 104108 0 0 0 0 0 0 0 
_1.ptx 628 : 65536 412832 0 0 0 0 0 0 0 
_1.ptx 1452 : 15923 149230 0 0 0 0 0 0 0 
_1.ptx 629 : 65536 1618560 58624 0 0 0 0 0 0 
_1.ptx 1453 : 15923 181230 256 0 0 0 0 0 0 
_1.ptx 630 : 65536 411296 0 0 0 0 0 0 0 
_1.ptx 1454 : 15923 103123 0 0 0 0 0 0 0 
_1.ptx 631 : 65536 1581536 62848 0 0 0 0 0 0 
_1.ptx 1455 : 15923 148185 0 0 0 0 0 0 0 
_1.ptx 632 : 65536 413344 0 0 0 0 0 0 0 
_1.ptx 1456 : 15923 183134 128 0 0 0 0 0 0 
_1.ptx 633 : 65536 1656640 62336 0 0 0 0 0 0 
_1.ptx 1457 : 15923 165759 0 0 0 0 0 0 0 
_1.ptx 634 : 65536 412224 0 0 0 0 0 0 0 
_1.ptx 1458 : 15923 166676 0 0 0 0 0 0 0 
_1.ptx 635 : 65536 1709920 54784 0 0 0 0 0 0 
_1.ptx 1459 : 15923 108554 0 0 0 0 0 0 0 
_1.ptx 636 : 65536 412448 0 0 0 0 0 0 0 
_1.ptx 1460 : 15923 133809 0 0 0 0 0 0 0 
_1.ptx 637 : 65536 1668896 68480 0 0 0 0 0 0 
_1.ptx 1461 : 15923 35749 0 0 0 0 0 0 386 
_1.ptx 638 : 65536 412576 0 0 0 0 0 0 0 
_1.ptx 639 : 65536 1730112 58624 0 0 0 0 0 0 
_1.ptx 640 : 65536 413792 0 0 0 0 0 0 0 
_1.ptx 1464 : 65536 14490752 21376 0 0 4096 2048 0 0 
_1.ptx 641 : 65536 1622240 71680 0 0 0 0 0 0 
_1.ptx 1465 : 65536 6262496 256 0 0 0 0 0 0 
_1.ptx 642 : 65536 414656 0 0 0 0 0 0 0 
_1.ptx 1466 : 65536 488352 0 0 0 0 0 0 0 
_1.ptx 643 : 65536 1398784 72704 0 0 0 0 0 0 
_1.ptx 1467 : 65536 426368 0 0 0 0 0 0 0 
_1.ptx 644 : 65536 418112 0 0 0 0 0 0 0 
_1.ptx 1468 : 65536 737408 0 0 0 0 0 0 0 
_1.ptx 645 : 65536 423200 0 0 0 0 0 0 0 
_1.ptx 1469 : 65536 486048 0 0 0 0 0 0 0 
_1.ptx 646 : 65536 548064 0 0 0 0 0 0 0 
_1.ptx 1470 : 65536 4685792 384 0 0 0 0 0 0 
_1.ptx 647 : 65536 416736 0 0 0 0 0 0 0 
_1.ptx 1471 : 65536 488704 0 0 0 0 0 0 0 
_1.ptx 648 : 65536 421312 0 0 0 0 0 0 0 
_1.ptx 1472 : 65536 424704 0 0 0 0 0 0 0 
_1.ptx 649 : 65536 545600 0 0 0 0 0 0 0 
_1.ptx 1473 : 65536 738400 0 0 0 0 0 0 0 
_1.ptx 650 : 65536 422432 0 0 0 0 0 0 0 
_1.ptx 1474 : 65536 487936 0 0 0 0 0 0 0 
_1.ptx 651 : 65536 736096 0 0 0 0 0 0 0 
_1.ptx 1475 : 65536 488864 0 0 0 0 0 0 0 
_1.ptx 652 : 65536 417824 0 0 0 0 0 0 0 
_1.ptx 1476 : 65536 543520 0 0 0 0 0 0 0 
_1.ptx 653 : 65536 736448 0 0 0 0 0 0 0 
_1.ptx 1477 : 65536 3384064 0 0 0 0 0 0 0 
_1.ptx 654 : 65536 2032768 128 0 0 0 0 0 0 
_1.ptx 1478 : 65536 489568 0 0 0 0 0 0 0 
_1.ptx 655 : 65536 1794976 0 0 0 0 0 0 0 
_1.ptx 1479 : 65536 429568 0 0 0 0 0 0 0 
_1.ptx 656 : 65536 543712 0 0 0 0 0 0 0 
_1.ptx 1480 : 65536 739584 0 0 0 0 0 0 0 
_1.ptx 657 : 65536 488064 0 0 0 0 0 0 0 
_1.ptx 1481 : 65536 495680 0 0 0 0 0 0 0 
_1.ptx 658 : 65536 545920 0 0 0 0 0 0 0 
_1.ptx 1482 : 65536 487072 0 0 0 0 0 0 0 
_1.ptx 659 : 65536 490688 0 0 0 0 0 0 0 
_1.ptx 1483 : 65536 5302272 384 0 0 0 0 0 0 
_1.ptx 660 : 65536 552224 0 0 0 0 0 0 0 
_1.ptx 1484 : 65536 494912 0 0 0 0 0 0 0 
_1.ptx 661 : 65536 419296 0 0 0 0 0 0 0 
_1.ptx 1485 : 65536 432608 0 0 0 0 0 0 0 
_1.ptx 662 : 65536 544160 0 0 0 0 0 0 0 
_1.ptx 1486 : 65536 742976 0 0 0 0 0 0 0 
_1.ptx 663 : 65536 0 0 0 0 0 0 0 0 
_1.ptx 1487 : 65536 490944 0 0 0 0 0 0 0 
_1.ptx 1488 : 65536 489504 0 0 0 0 0 0 0 
_1.ptx 665 : 65536 813664 0 0 0 0 0 0 0 
_1.ptx 1489 : 65536 544544 0 0 0 0 0 0 0 
_1.ptx 666 : 65536 704896 0 0 0 0 0 0 0 
_1.ptx 1490 : 65536 543936 0 0 0 0 0 0 0 
_1.ptx 667 : 65536 736352 0 0 0 0 0 0 0 
_1.ptx 1491 : 65536 736640 0 0 0 0 0 0 0 
_1.ptx 668 : 65536 490752 0 0 0 0 0 0 0 
_1.ptx 1492 : 65536 594912 0 0 0 4096 2048 0 0 
_1.ptx 669 : 65536 708064 0 0 0 0 0 0 0 
_1.ptx 670 : 65536 742432 0 0 0 0 0 0 0 
_1.ptx 671 : 65536 427680 0 0 0 0 0 0 0 
_1.ptx 1495 : 65536 412704 0 0 0 0 0 0 0 
_1.ptx 672 : 65536 1543296 171712 0 0 4096 2048 0 0 
_1.ptx 674 : 65536 2450784 128 0 0 0 0 0 0 
_1.ptx 675 : 65536 2296704 0 0 0 0 0 0 0 
_1.ptx 676 : 65536 666240 0 0 0 0 0 0 0 
_1.ptx 678 : 65536 420640 0 0 0 0 0 0 0 
_1.ptx 679 : 65536 467232 0 0 0 0 0 0 0 
_1.ptx 680 : 65536 747968 0 0 0 0 0 0 0 
_1.ptx 681 : 65536 1349984 0 0 0 0 0 0 0 
_1.ptx 682 : 65536 541760 0 0 0 0 0 0 0 
_1.ptx 683 : 65536 534176 0 0 0 0 0 0 0 
_1.ptx 684 : 65536 653696 0 0 0 0 0 0 0 
_1.ptx 685 : 65536 756000 0 0 0 0 0 0 0 
_1.ptx 686 : 65536 528928 0 0 0 0 0 0 0 
_1.ptx 687 : 65536 763072 0 0 0 0 0 0 0 
_1.ptx 688 : 65536 517824 0 0 0 0 0 0 0 
_1.ptx 689 : 65536 516640 0 0 0 0 0 0 0 
_1.ptx 690 : 65536 517760 0 0 0 0 0 0 0 
_1.ptx 691 : 65536 447104 0 0 0 0 0 0 0 
_1.ptx 692 : 65536 3157376 0 0 0 0 0 0 0 
_1.ptx 693 : 65536 427232 0 0 0 0 0 0 0 
_1.ptx 694 : 65536 744288 0 0 0 0 0 0 0 
_1.ptx 695 : 65536 756608 0 0 0 0 0 0 0 
_1.ptx 696 : 65536 438016 0 0 0 0 0 0 0 
_1.ptx 697 : 65536 757632 0 0 0 0 0 0 0 
_1.ptx 698 : 65536 744736 0 0 0 0 0 0 0 
_1.ptx 699 : 65536 568704 0 0 0 0 0 0 0 
_1.ptx 700 : 65536 746464 0 0 0 0 0 0 0 
_1.ptx 701 : 65536 513536 0 0 0 0 0 0 0 
_1.ptx 702 : 65536 744000 0 0 0 0 0 0 0 
_1.ptx 703 : 65536 419456 0 0 0 0 0 0 0 
_1.ptx 704 : 65536 744192 0 0 0 0 0 0 0 
_1.ptx 705 : 65536 361056 0 0 0 0 0 0 0 
_1.ptx 706 : 65536 745280 0 0 0 0 0 0 0 
_1.ptx 707 : 65536 362656 0 0 0 0 0 0 0 
_1.ptx 708 : 65536 745024 0 0 0 0 0 0 0 
_1.ptx 709 : 65536 354784 0 0 0 0 0 0 0 
_1.ptx 710 : 65536 760576 0 0 0 0 0 0 0 
_1.ptx 711 : 65536 780096 0 0 0 0 0 0 0 
_1.ptx 712 : 65536 793664 0 0 0 0 0 0 0 
_1.ptx 713 : 65536 801568 0 0 0 0 0 0 0 
_1.ptx 714 : 65536 803552 0 0 0 0 0 0 0 
_1.ptx 715 : 65536 816064 0 0 0 0 0 0 0 
_1.ptx 716 : 65536 822464 0 0 0 0 0 0 0 
_1.ptx 717 : 65536 801760 0 0 0 0 0 0 0 
_1.ptx 718 : 65536 798912 0 0 0 0 0 0 0 
_1.ptx 719 : 65536 796576 0 0 0 0 0 0 0 
_1.ptx 720 : 65536 788000 0 0 0 0 0 0 0 
_1.ptx 721 : 65536 785984 0 0 0 0 0 0 0 
_1.ptx 722 : 65536 785984 0 0 0 0 0 0 0 
_1.ptx 723 : 65536 794624 0 0 0 0 0 0 0 
_1.ptx 724 : 65536 647520 0 0 0 0 0 0 0 
_1.ptx 725 : 65536 621856 0 0 0 0 0 0 0 
_1.ptx 726 : 65536 1876864 0 0 0 0 0 0 0 
_1.ptx 727 : 65536 775296 0 0 0 0 0 0 0 
_1.ptx 728 : 65536 771392 0 0 0 0 0 0 0 
_1.ptx 729 : 65536 791104 0 0 0 0 0 0 0 
_1.ptx 731 : 65536 451360 0 0 0 0 0 0 0 
_1.ptx 733 : 65536 498464 0 0 0 0 0 0 0 
_1.ptx 734 : 65536 512992 0 0 0 0 0 0 0 
_1.ptx 735 : 65536 499424 0 0 0 0 0 0 0 
_1.ptx 736 : 65536 495808 0 0 0 0 0 0 0 
_1.ptx 738 : 127467 1010122 0 0 0 0 0 0 0 
_1.ptx 739 : 127467 885565 0 0 0 0 0 0 0 
_1.ptx 740 : 127467 856603 0 0 0 0 0 0 0 
_1.ptx 744 : 509868 4108534 128 0 0 17236 17236 0 0 
_1.ptx 745 : 509868 3838013 0 0 0 17236 17236 0 0 
_1.ptx 746 : 509868 4509506 128 0 0 17236 17236 0 0 
_1.ptx 747 : 509868 3436717 0 0 0 17236 17236 0 0 
_1.ptx 748 : 509868 3084867 0 0 0 17236 17236 0 0 
_1.ptx 749 : 509868 3438119 0 0 0 0 0 0 0 
_1.ptx 750 : 509868 4419213 0 0 0 0 0 0 0 
_1.ptx 751 : 509868 2719637 0 0 0 0 0 0 0 
_1.ptx 753 : 127467 986649 0 0 0 0 0 0 0 
_1.ptx 754 : 127467 870725 0 0 0 0 0 0 0 
_1.ptx 755 : 127467 1090477 0 0 0 0 0 0 0 
_1.ptx 756 : 127467 863435 0 0 0 0 0 0 0 
_1.ptx 761 : 127467 1452138 0 0 0 0 0 0 0 
_1.ptx 762 : 127467 6194028 0 0 0 0 0 0 0 
_1.ptx 763 : 127467 839845 0 0 0 0 0 0 0 
_1.ptx 764 : 127467 854763 0 0 0 0 0 0 0 
_1.ptx 765 : 127467 1083578 0 0 0 0 0 0 0 
_1.ptx 766 : 127467 1209923 0 0 0 0 0 0 0 
_1.ptx 769 : 127467 1006582 0 0 0 0 0 0 0 
_1.ptx 770 : 127467 890677 0 0 0 0 0 0 0 
_1.ptx 773 : 382401 4489107 0 0 0 0 0 0 0 
_1.ptx 774 : 382401 1273303 0 0 0 0 0 0 0 
_1.ptx 775 : 382401 4529835 0 0 0 0 0 0 0 
_1.ptx 776 : 382401 4532794 0 0 0 0 0 0 0 
_1.ptx 777 : 382401 4575076 0 0 0 0 0 0 0 
_1.ptx 778 : 382401 4594623 0 0 0 0 0 0 0 
_1.ptx 779 : 382401 4592133 0 0 0 0 0 0 0 
_1.ptx 780 : 382401 4607212 0 0 0 0 0 0 0 
_1.ptx 781 : 382401 3753055 0 0 0 0 0 0 0 
_1.ptx 782 : 382401 3839744 0 0 0 0 0 0 0 
_1.ptx 783 : 382401 3741119 0 0 0 0 0 0 0 
_1.ptx 784 : 382401 3839599 0 0 0 0 0 0 0 
_1.ptx 785 : 382401 3394836 0 0 0 0 0 0 0 
_1.ptx 786 : 382401 3183614 0 0 0 0 0 0 0 
_1.ptx 787 : 382401 2776337 0 0 0 0 0 0 0 
_1.ptx 788 : 382401 3393857 0 0 0 0 0 0 0 
_1.ptx 789 : 382401 3156603 0 0 0 0 0 0 0 
_1.ptx 790 : 382401 3406820 0 0 0 0 0 0 0 
_1.ptx 791 : 382401 2778521 0 0 0 0 0 0 0 
_1.ptx 792 : 382401 3388899 0 0 0 0 0 0 0 
_1.ptx 793 : 382401 1995340 0 0 0 0 0 0 1523 
_1.ptx 794 : 105477 782469 0 0 0 0 0 0 0 
_1.ptx 795 : 105477 769005 0 0 0 0 0 0 0 
_1.ptx 797 : 276924 3271624 0 0 0 0 0 0 0 
_1.ptx 798 : 276924 3265391 0 0 0 0 0 0 0 
_1.ptx 799 : 276924 2440107 0 0 0 0 0 0 0 
_1.ptx 800 : 276924 138733 0 0 0 0 0 0 715 
_1.ptx 801 : 257599 1867739 0 0 0 0 0 0 0 
_1.ptx 802 : 257599 1884707 0 0 0 0 0 0 0 
_1.ptx 805 : 19325 226339 0 0 0 0 0 0 0 
_1.ptx 806 : 19325 352941 0 0 0 0 0 0 0 
_1.ptx 807 : 19325 226588 0 0 0 0 0 0 0 
_1.ptx 808 : 19325 231558 0 0 0 0 0 0 0 
_1.ptx 809 : 19325 185269 0 0 0 0 0 0 0 
_1.ptx 813 : 382401 3176084 0 0 0 0 0 0 0 
_1.ptx 815 : 509868 3648068 0 0 0 0 0 0 0 
_1.ptx 816 : 509868 4420037 0 0 0 0 0 0 0 
_1.ptx 817 : 509868 4097997 0 0 0 0 0 0 0 
_1.ptx 818 : 509868 4410254 0 0 0 0 0 0 0 
_1.ptx 819 : 509868 4095243 0 0 0 0 0 0 0 
_1.ptx 820 : 509868 4471759 0 0 0 0 0 0 0 
_1.ptx 821 : 509868 3574695 0 0 0 0 0 0 0 
_1.ptx 822 : 509868 4437924 0 0 0 0 0 0 0 
