kernel line : count latency dram_traffic smem_bk_conflicts smem_warp gmem_access_generated gmem_warp exposed_latency warp_divergence
_1.ptx 97 : 262144 2043296 0 0 0 0 0 0 0 
_1.ptx 98 : 262144 2238688 0 0 0 0 0 0 0 
_1.ptx 99 : 262144 0 0 0 0 0 0 0 0 
_1.ptx 100 : 262144 3002624 0 0 0 0 0 0 0 
_1.ptx 101 : 262144 2792608 0 0 0 0 0 0 0 
_1.ptx 102 : 262144 2047968 0 0 0 0 0 0 0 
_1.ptx 103 : 262144 1775904 0 0 0 0 0 0 0 
_1.ptx 104 : 262144 2205280 0 0 0 0 0 0 0 
_1.ptx 105 : 262144 2987424 0 0 0 0 0 0 0 
_1.ptx 106 : 262144 1997568 0 0 0 0 0 0 0 
_1.ptx 107 : 262144 1980224 0 0 0 0 0 0 0 
_1.ptx 108 : 262144 2809120 0 0 0 0 0 0 0 
_1.ptx 109 : 262144 7737856 0 0 0 0 0 0 0 
_1.ptx 110 : 262144 2951296 0 0 0 0 0 0 0 
_1.ptx 111 : 262144 6132992 0 0 0 0 0 0 0 
_1.ptx 112 : 262144 2982848 0 0 0 0 0 0 0 
_1.ptx 113 : 262144 1721024 0 0 0 0 0 0 0 
_1.ptx 114 : 262144 2010688 0 0 0 0 0 0 0 
_1.ptx 118 : 1048576 489365312 4194304 0 0 32768 32768 0 0 
_1.ptx 119 : 1048576 483730112 4194304 0 0 32768 32768 0 0 
_1.ptx 120 : 1048576 9658784 0 0 0 0 0 0 0 
_1.ptx 121 : 1048576 10807616 0 0 0 0 0 0 0 
_1.ptx 122 : 1048576 10861472 0 0 0 0 0 0 0 
_1.ptx 123 : 1048576 10871680 0 0 0 0 0 0 0 
_1.ptx 124 : 1048576 8701600 0 0 0 0 0 0 0 
_1.ptx 125 : 1048576 5021152 0 0 0 0 0 0 0 
_1.ptx 126 : 262144 1674880 0 0 0 0 0 0 0 
_1.ptx 131 : 262144 8042240 0 8192 8192 0 0 0 0 
_1.ptx 132 : 262144 2945536 0 0 0 0 0 0 0 
_1.ptx 133 : 262144 2957888 0 0 0 0 0 0 0 
_1.ptx 134 : 262144 2191200 0 0 0 0 0 0 0 
_1.ptx 135 : 262144 1278944 0 0 0 0 0 0 0 
_1.ptx 137 : 65536 428032 0 0 0 0 0 0 0 
_1.ptx 141 : 655360 4448736 0 0 0 0 0 0 0 
_1.ptx 142 : 655360 5544992 0 0 0 0 0 0 0 
_1.ptx 143 : 655360 3189985 0 0 0 0 0 0 1280 
_1.ptx 144 : 196352 1576708 0 0 0 0 0 0 0 
_1.ptx 145 : 196352 1403107 0 0 0 0 0 0 0 
_1.ptx 146 : 196352 1607491 0 0 0 0 0 0 0 
_1.ptx 147 : 196352 2267150 0 0 0 0 0 0 0 
_1.ptx 148 : 196352 2385964 0 0 0 0 0 0 0 
_1.ptx 149 : 196352 2764806 0 0 0 0 0 0 0 
_1.ptx 150 : 196352 2923401 0 0 0 0 0 0 0 
_1.ptx 151 : 196352 2353827 0 0 0 0 0 0 0 
_1.ptx 152 : 196352 1654337 0 0 0 0 0 0 0 
_1.ptx 153 : 196352 2812698 0 0 0 0 0 0 0 
_1.ptx 154 : 196352 2284045 0 0 0 0 0 0 0 
_1.ptx 158 : 261888 4554020 0 9216 9216 0 0 0 0 
_1.ptx 159 : 261888 3827059 0 9216 9216 0 0 0 0 
_1.ptx 160 : 261888 3014180 0 0 0 0 0 0 0 
_1.ptx 161 : 261888 3867193 0 9216 9216 0 0 0 0 
_1.ptx 162 : 261888 3022733 0 0 0 0 0 0 0 
_1.ptx 163 : 261888 3027089 0 0 0 0 0 0 0 
_1.ptx 66 : 32768 212224 0 0 0 0 0 0 0 
_1.ptx 164 : 261888 3077612 0 0 0 0 0 0 0 
_1.ptx 67 : 32768 241920 0 0 0 0 0 0 0 
_1.ptx 165 : 261888 2322283 0 0 0 0 0 0 0 
_1.ptx 68 : 32768 4888128 128 0 0 0 0 0 0 
_1.ptx 166 : 261888 478368 0 0 0 0 0 0 0 
_1.ptx 69 : 32768 278464 0 0 0 0 0 0 0 
_1.ptx 70 : 32768 0 0 0 0 0 0 0 0 
_1.ptx 71 : 32768 231680 0 0 0 0 0 0 0 
_1.ptx 169 : 655360 5250144 0 0 0 0 0 0 0 
_1.ptx 72 : 32768 229792 0 0 0 0 0 0 0 
_1.ptx 170 : 655360 4602880 0 0 0 0 0 0 0 
_1.ptx 73 : 32768 282144 0 0 0 0 0 0 0 
_1.ptx 171 : 655360 5704448 0 0 0 0 0 0 0 
_1.ptx 74 : 32768 232832 0 0 0 0 0 0 0 
_1.ptx 172 : 655360 4152672 0 0 0 0 0 0 0 
_1.ptx 75 : 32768 235264 0 0 0 0 0 0 0 
_1.ptx 173 : 65536 477131 0 0 0 0 0 0 256 
_1.ptx 76 : 32768 281664 0 0 0 0 0 0 0 
_1.ptx 77 : 32768 219136 0 0 0 0 0 0 0 
_1.ptx 175 : 256 6410 0 256 256 0 0 0 0 
_1.ptx 78 : 32768 222400 0 0 0 0 0 0 0 
_1.ptx 176 : 256 4343 0 0 0 0 0 0 0 
_1.ptx 177 : 256 1973 0 0 0 0 0 0 0 
_1.ptx 178 : 256 2725 0 0 0 0 0 0 0 
_1.ptx 81 : 65536 0 0 0 0 0 0 0 0 
_1.ptx 179 : 256 2923 0 0 0 0 0 0 0 
_1.ptx 82 : 65536 720992 0 0 0 0 0 0 0 
_1.ptx 180 : 256 6320 672 0 0 256 256 0 0 
_1.ptx 83 : 65536 559712 0 0 0 0 0 0 0 
_1.ptx 84 : 65536 762816 0 0 0 0 0 0 0 
_1.ptx 182 : 65536 755488 0 0 0 0 0 0 0 
_1.ptx 85 : 65536 544224 0 0 0 0 0 0 0 
_1.ptx 183 : 65536 563968 0 0 0 0 0 0 0 
_1.ptx 86 : 65536 503776 0 0 0 0 0 0 0 
_1.ptx 184 : 65536 225696 0 0 0 0 0 0 0 
_1.ptx 87 : 65536 549568 0 0 0 0 0 0 0 
_1.ptx 88 : 65536 776928 0 0 0 0 0 0 0 
_1.ptx 89 : 65536 737152 0 0 0 0 0 0 0 
_1.ptx 187 : 32768 224288 0 0 0 0 0 0 0 
_1.ptx 90 : 65536 1007488 0 0 0 0 0 0 0 
_1.ptx 91 : 65536 1048032 0 0 0 0 0 0 0 
_1.ptx 92 : 65536 797216 0 0 0 0 0 0 0 
_1.ptx 96 : 262144 2048288 0 0 0 0 0 0 0 
