kernel line : count latency dram_traffic smem_bk_conflicts smem_warp gmem_access_generated gmem_warp exposed_latency warp_divergence
_1.ptx 67 : 11796480 71208832 0 0 0 0 0 0 0 
_1.ptx 68 : 11796480 124550976 0 0 0 0 0 0 0 
_1.ptx 69 : 11796480 71976448 0 0 0 0 0 0 0 
_1.ptx 70 : 11796480 125638688 0 0 0 0 0 0 0 
_1.ptx 71 : 11796480 72740224 0 0 0 0 0 0 0 
_1.ptx 72 : 11796480 74100128 0 0 0 0 0 0 0 
_1.ptx 73 : 11796480 132751744 0 0 0 0 0 0 0 
_1.ptx 74 : 11796480 132952256 0 0 0 0 0 0 0 
_1.ptx 75 : 11796480 76447232 0 0 0 0 0 0 0 
_1.ptx 76 : 11796480 91465984 0 0 0 0 0 0 0 
_1.ptx 77 : 11796480 86923520 0 0 0 0 0 0 0 
_1.ptx 78 : 11796480 124852128 0 0 0 0 0 0 0 
_1.ptx 79 : 11796480 132114560 0 0 0 0 0 0 0 
_1.ptx 80 : 11796480 123089376 0 0 0 0 0 0 0 
_1.ptx 81 : 11796480 131771232 0 0 0 0 0 0 0 
_1.ptx 82 : 11796480 74888928 128 0 0 0 0 0 0 
_1.ptx 83 : 11796480 135522240 0 0 0 0 0 0 0 
_1.ptx 84 : 11796480 131992704 0 0 0 0 0 0 0 
_1.ptx 85 : 11796480 85403840 0 0 0 0 0 0 0 
_1.ptx 86 : 11796480 123642560 0 0 0 0 0 0 0 
_1.ptx 87 : 11796480 78120512 0 0 0 0 0 0 0 
_1.ptx 88 : 11796480 131544576 0 0 0 0 0 0 0 
_1.ptx 89 : 11796480 3649678240 94127360 0 0 737280 368640 0 0 
_1.ptx 90 : 11796480 105596480 0 737280 368640 0 0 0 0 
_1.ptx 91 : 11796480 382600000 0 0 0 737280 368640 0 0 
_1.ptx 92 : 11796480 99130208 0 737280 368640 0 0 0 0 
_1.ptx 93 : 11796480 3576976960 86437120 0 0 737280 368640 0 0 
_1.ptx 94 : 11796480 98353952 0 737280 368640 0 0 0 0 
_1.ptx 95 : 11796480 297271648 0 0 0 737280 368640 0 0 
_1.ptx 96 : 11796480 95573056 0 737280 368640 0 0 0 0 
_1.ptx 97 : 11796480 120368160 0 0 0 0 0 0 0 
_1.ptx 98 : 11796480 71659136 0 0 0 0 0 0 0 
_1.ptx 99 : 11796480 95660032 0 0 0 0 0 0 0 
_1.ptx 100 : 11796480 1482240 0 0 0 0 0 0 0 
_1.ptx 102 : 11550720 2057520064 7934720 0 0 721920 360960 0 0 
_1.ptx 103 : 11550720 69620576 0 0 0 0 0 0 0 
_1.ptx 105 : 245760 1481120 0 0 0 0 0 0 0 
_1.ptx 107 : 11796480 95729792 0 737280 368640 0 0 0 0 
_1.ptx 108 : 11796480 78044704 0 0 0 0 0 0 0 
_1.ptx 109 : 11796480 131410080 0 0 0 0 0 0 0 
_1.ptx 110 : 11796480 120335104 0 0 0 0 0 0 0 
_1.ptx 111 : 11796480 71517440 0 0 0 0 0 0 0 
_1.ptx 112 : 11796480 96061472 0 0 0 0 0 0 0 
_1.ptx 113 : 11796480 1483264 0 0 0 0 0 0 0 
_1.ptx 115 : 11550720 1901337376 244480 0 0 721920 360960 0 0 
_1.ptx 116 : 11550720 69570880 0 0 0 0 0 0 0 
_1.ptx 118 : 245760 1481248 0 0 0 0 0 0 0 
_1.ptx 120 : 11796480 94707808 0 737280 368640 0 0 0 0 
_1.ptx 122 : 11796480 71177760 0 0 0 0 0 0 0 
_1.ptx 124 : 11796480 71415200 0 0 0 0 0 0 0 
_1.ptx 125 : 11796480 75463552 128 0 0 0 0 0 0 
_1.ptx 126 : 11796480 134235712 0 737280 368640 0 0 0 0 
_1.ptx 127 : 11796480 106912704 0 0 0 0 0 0 0 
_1.ptx 128 : 11796480 77309984 0 0 0 0 0 0 0 
_1.ptx 129 : 11796480 134343264 0 737280 368640 0 0 0 0 
_1.ptx 130 : 11796480 107067552 0 0 0 0 0 0 0 
_1.ptx 131 : 11796480 74333216 0 0 0 0 0 0 0 
_1.ptx 132 : 11796480 133019360 0 737280 368640 0 0 0 0 
_1.ptx 133 : 11796480 107025600 0 0 0 0 0 0 0 
_1.ptx 134 : 11796480 75519040 0 0 0 0 0 0 0 
_1.ptx 135 : 11796480 133229664 0 737280 368640 0 0 0 0 
_1.ptx 136 : 11796480 107045696 0 0 0 0 0 0 0 
_1.ptx 137 : 11796480 73809632 0 0 0 0 0 0 0 
_1.ptx 138 : 11796480 133238880 0 737280 368640 0 0 0 0 
_1.ptx 139 : 11796480 106959200 0 0 0 0 0 0 0 
_1.ptx 140 : 11796480 75859520 0 0 0 0 0 0 0 
_1.ptx 141 : 11796480 134035584 0 737280 368640 0 0 0 0 
_1.ptx 142 : 11796480 106953024 0 0 0 0 0 0 0 
_1.ptx 143 : 11796480 73918560 0 0 0 0 0 0 0 
_1.ptx 144 : 11796480 133804608 0 737280 368640 0 0 0 0 
_1.ptx 145 : 11796480 106995776 0 0 0 0 0 0 0 
_1.ptx 146 : 11796480 75893984 0 0 0 0 0 0 0 
_1.ptx 147 : 11796480 133681248 0 737280 368640 0 0 0 0 
_1.ptx 148 : 11796480 107014144 0 0 0 0 0 0 0 
_1.ptx 149 : 11796480 74293920 0 0 0 0 0 0 0 
_1.ptx 150 : 11796480 132992320 0 737280 368640 0 0 0 0 
_1.ptx 151 : 11796480 106981248 0 0 0 0 0 0 0 
_1.ptx 152 : 11796480 75676256 0 0 0 0 0 0 0 
_1.ptx 153 : 11796480 133391232 0 737280 368640 0 0 0 0 
_1.ptx 154 : 11796480 106981856 0 0 0 0 0 0 0 
_1.ptx 155 : 11796480 73923264 0 0 0 0 0 0 0 
_1.ptx 156 : 11796480 133044992 0 737280 368640 0 0 0 0 
_1.ptx 157 : 11796480 106930144 0 0 0 0 0 0 0 
_1.ptx 158 : 11796480 75457696 0 0 0 0 0 0 0 
_1.ptx 159 : 11796480 133565312 0 737280 368640 0 0 0 0 
_1.ptx 160 : 11796480 106993440 0 0 0 0 0 0 0 
_1.ptx 161 : 11796480 73642720 0 0 0 0 0 0 0 
_1.ptx 162 : 11796480 133040544 0 737280 368640 0 0 0 0 
_1.ptx 163 : 11796480 106922016 0 0 0 0 0 0 0 
_1.ptx 164 : 11796480 75689184 0 0 0 0 0 0 0 
_1.ptx 165 : 11796480 133709312 0 737280 368640 0 0 0 0 
_1.ptx 166 : 11796480 106977984 0 0 0 0 0 0 0 
_1.ptx 167 : 11796480 74168288 0 0 0 0 0 0 0 
_1.ptx 168 : 11796480 132955648 0 737280 368640 0 0 0 0 
_1.ptx 169 : 11796480 106915648 0 0 0 0 0 0 0 
_1.ptx 170 : 11796480 75580768 0 0 0 0 0 0 0 
_1.ptx 171 : 11796480 133355776 0 737280 368640 0 0 0 0 
_1.ptx 172 : 11796480 106945152 0 0 0 0 0 0 0 
_1.ptx 173 : 11796480 73522208 0 0 0 0 0 0 0 
_1.ptx 174 : 11796480 133407424 0 737280 368640 0 0 0 0 
_1.ptx 175 : 11796480 106909728 0 0 0 0 0 0 0 
_1.ptx 177 : 11796480 75705408 0 0 0 0 0 0 0 
_1.ptx 178 : 11796480 131569056 0 0 0 0 0 0 0 
_1.ptx 179 : 11796480 122763200 47185920 0 0 737280 368640 0 0 
_1.ptx 181 : 11796480 71215104 0 0 0 0 0 0 0 
_1.ptx 182 : 11796480 100421792 0 0 0 0 0 0 0 
_1.ptx 183 : 11796480 150466944 0 737280 368640 0 0 0 0 
_1.ptx 184 : 11796480 106903488 0 0 0 0 0 0 0 
_1.ptx 185 : 11796480 76588160 0 0 0 0 0 0 0 
_1.ptx 186 : 11796480 134043168 0 737280 368640 0 0 0 0 
_1.ptx 187 : 11796480 106944096 0 0 0 0 0 0 0 
_1.ptx 188 : 11796480 75863136 0 0 0 0 0 0 0 
_1.ptx 189 : 11796480 133966080 0 737280 368640 0 0 0 0 
_1.ptx 190 : 11796480 106975200 0 0 0 0 0 0 0 
_1.ptx 191 : 11796480 74981728 0 0 0 0 0 0 0 
_1.ptx 192 : 11796480 133818528 0 737280 368640 0 0 0 0 
_1.ptx 193 : 11796480 106898688 0 0 0 0 0 0 0 
_1.ptx 194 : 11796480 75702432 0 0 0 0 0 0 0 
_1.ptx 195 : 11796480 134595072 0 737280 368640 0 0 0 0 
_1.ptx 196 : 11796480 106945376 0 0 0 0 0 0 0 
_1.ptx 197 : 11796480 74631456 0 0 0 0 0 0 0 
_1.ptx 198 : 11796480 133414624 0 737280 368640 0 0 0 0 
_1.ptx 199 : 11796480 106916224 0 0 0 0 0 0 0 
_1.ptx 200 : 11796480 76103264 0 0 0 0 0 0 0 
_1.ptx 201 : 11796480 134631776 0 737280 368640 0 0 0 0 
_1.ptx 202 : 11796480 106952256 0 0 0 0 0 0 0 
_1.ptx 203 : 11796480 74621440 0 0 0 0 0 0 0 
_1.ptx 204 : 11796480 133425280 0 737280 368640 0 0 0 0 
_1.ptx 205 : 11796480 106887872 0 0 0 0 0 0 0 
_1.ptx 206 : 11796480 75872608 0 0 0 0 0 0 0 
_1.ptx 207 : 11796480 134286592 0 737280 368640 0 0 0 0 
_1.ptx 208 : 11796480 106905536 0 0 0 0 0 0 0 
_1.ptx 209 : 11796480 75316960 0 0 0 0 0 0 0 
_1.ptx 210 : 11796480 133321024 0 737280 368640 0 0 0 0 
_1.ptx 211 : 11796480 106875008 0 0 0 0 0 0 0 
_1.ptx 212 : 11796480 75841344 0 0 0 0 0 0 0 
_1.ptx 213 : 11796480 133925184 0 737280 368640 0 0 0 0 
_1.ptx 214 : 11796480 106946208 0 0 0 0 0 0 0 
_1.ptx 215 : 11796480 74331488 0 0 0 0 0 0 0 
_1.ptx 216 : 11796480 132972160 0 737280 368640 0 0 0 0 
_1.ptx 217 : 11796480 106891616 0 0 0 0 0 0 0 
_1.ptx 218 : 11796480 75437632 0 0 0 0 0 0 0 
_1.ptx 219 : 11796480 133620640 0 737280 368640 0 0 0 0 
_1.ptx 220 : 11796480 106953184 0 0 0 0 0 0 0 
_1.ptx 221 : 11796480 74259776 0 0 0 0 0 0 0 
_1.ptx 222 : 11796480 132813792 0 737280 368640 0 0 0 0 
_1.ptx 223 : 11796480 106884800 0 0 0 0 0 0 0 
_1.ptx 224 : 11796480 75598816 0 0 0 0 0 0 0 
_1.ptx 225 : 11796480 133547968 0 737280 368640 0 0 0 0 
_1.ptx 226 : 11796480 106924800 0 0 0 0 0 0 0 
_1.ptx 227 : 11796480 73731872 0 0 0 0 0 0 0 
_1.ptx 228 : 11796480 132893824 0 737280 368640 0 0 0 0 
_1.ptx 229 : 11796480 106886720 0 0 0 0 0 0 0 
_1.ptx 230 : 11796480 75039936 0 0 0 0 0 0 0 
_1.ptx 231 : 11796480 133597568 0 737280 368640 0 0 0 0 
_1.ptx 232 : 11796480 106948384 0 0 0 0 0 0 0 
_1.ptx 234 : 11796480 121723968 569728 0 0 737280 368640 0 0 
_1.ptx 236 : 11796480 71156512 0 0 0 0 0 0 0 
_1.ptx 237 : 11796480 99765120 0 0 0 0 0 0 0 
_1.ptx 238 : 11796480 147846240 0 737280 368640 0 0 0 0 
_1.ptx 239 : 11796480 106840704 0 0 0 0 0 0 0 
_1.ptx 240 : 11796480 76379904 0 0 0 0 0 0 0 
_1.ptx 241 : 11796480 133827296 0 737280 368640 0 0 0 0 
_1.ptx 242 : 11796480 106909152 0 0 0 0 0 0 0 
_1.ptx 243 : 11796480 74000160 0 0 0 0 0 0 0 
_1.ptx 244 : 11796480 132736128 0 737280 368640 0 0 0 0 
_1.ptx 245 : 11796480 106862432 0 0 0 0 0 0 0 
_1.ptx 246 : 11796480 74869408 0 0 0 0 0 0 0 
_1.ptx 247 : 11796480 133171904 0 737280 368640 0 0 0 0 
_1.ptx 248 : 11796480 106903296 0 0 0 0 0 0 0 
_1.ptx 249 : 11796480 72738368 0 0 0 0 0 0 0 
_1.ptx 250 : 11796480 132578944 0 737280 368640 0 0 0 0 
_1.ptx 251 : 11796480 106874560 0 0 0 0 0 0 0 
_1.ptx 252 : 11796480 74980224 0 0 0 0 0 0 0 
_1.ptx 253 : 11796480 133270400 0 737280 368640 0 0 0 0 
_1.ptx 254 : 11796480 106930592 0 0 0 0 0 0 0 
_1.ptx 255 : 11796480 73847552 0 0 0 0 0 0 0 
_1.ptx 256 : 11796480 132799328 0 737280 368640 0 0 0 0 
_1.ptx 257 : 11796480 106857248 0 0 0 0 0 0 0 
_1.ptx 258 : 11796480 75464736 0 0 0 0 0 0 0 
_1.ptx 259 : 11796480 133615648 0 737280 368640 0 0 0 0 
_1.ptx 260 : 11796480 106890816 0 0 0 0 0 0 0 
_1.ptx 261 : 11796480 73542784 0 0 0 0 0 0 0 
_1.ptx 262 : 11796480 133213824 0 737280 368640 0 0 0 0 
_1.ptx 263 : 11796480 106835328 0 0 0 0 0 0 0 
_1.ptx 264 : 11796480 75442624 0 0 0 0 0 0 0 
_1.ptx 265 : 11796480 133670464 0 737280 368640 0 0 0 0 
_1.ptx 266 : 11796480 106878080 0 0 0 0 0 0 0 
_1.ptx 267 : 11796480 73537856 0 0 0 0 0 0 0 
_1.ptx 268 : 11796480 132690720 0 737280 368640 0 0 0 0 
_1.ptx 269 : 11796480 106862464 0 0 0 0 0 0 0 
_1.ptx 270 : 11796480 75220768 0 0 0 0 0 0 0 
_1.ptx 271 : 11796480 133508064 0 737280 368640 0 0 0 0 
_1.ptx 272 : 11796480 106924032 0 0 0 0 0 0 0 
_1.ptx 273 : 11796480 73819232 0 0 0 0 0 0 0 
_1.ptx 274 : 11796480 132796544 0 737280 368640 0 0 0 0 
_1.ptx 275 : 11796480 106835456 0 0 0 0 0 0 0 
_1.ptx 276 : 11796480 76144384 0 0 0 0 0 0 0 
_1.ptx 277 : 11796480 134015072 0 737280 368640 0 0 0 0 
_1.ptx 278 : 11796480 106838688 0 0 0 0 0 0 0 
_1.ptx 279 : 11796480 74381920 0 0 0 0 0 0 0 
_1.ptx 280 : 11796480 132888512 0 737280 368640 0 0 0 0 
_1.ptx 281 : 11796480 106858720 0 0 0 0 0 0 0 
_1.ptx 282 : 11796480 75107392 0 0 0 0 0 0 0 
_1.ptx 283 : 11796480 133458496 0 737280 368640 0 0 0 0 
_1.ptx 284 : 11796480 106862240 0 0 0 0 0 0 0 
_1.ptx 285 : 11796480 73618592 0 0 0 0 0 0 0 
_1.ptx 286 : 11796480 132683904 0 737280 368640 0 0 0 0 
_1.ptx 287 : 11796480 106875680 0 0 0 0 0 0 0 
_1.ptx 289 : 11796480 120453280 47185920 0 0 737280 368640 0 0 
_1.ptx 291 : 11796480 71096800 0 0 0 0 0 0 0 
_1.ptx 292 : 11796480 100218176 0 0 0 0 0 0 0 
_1.ptx 293 : 11796480 151250144 0 737280 368640 0 0 0 0 
_1.ptx 294 : 11796480 106779424 0 0 0 0 0 0 0 
_1.ptx 295 : 11796480 75433024 0 0 0 0 0 0 0 
_1.ptx 296 : 11796480 132859520 0 737280 368640 0 0 0 0 
_1.ptx 297 : 11796480 106800064 0 0 0 0 0 0 0 
_1.ptx 298 : 11796480 74872608 0 0 0 0 0 0 0 
_1.ptx 299 : 11796480 133071232 0 737280 368640 0 0 0 0 
_1.ptx 300 : 11796480 106890304 0 0 0 0 0 0 0 
_1.ptx 301 : 11796480 73034912 0 0 0 0 0 0 0 
_1.ptx 302 : 11796480 131820160 0 737280 368640 0 0 0 0 
_1.ptx 303 : 11796480 106821120 0 0 0 0 0 0 0 
_1.ptx 304 : 11796480 74526144 0 0 0 0 0 0 0 
_1.ptx 305 : 11796480 132665792 0 737280 368640 0 0 0 0 
_1.ptx 306 : 11796480 106902656 0 0 0 0 0 0 0 
_1.ptx 307 : 11796480 73150848 0 0 0 0 0 0 0 
_1.ptx 308 : 11796480 131653184 0 737280 368640 0 0 0 0 
_1.ptx 309 : 11796480 106821344 0 0 0 0 0 0 0 
_1.ptx 310 : 11796480 74424352 0 0 0 0 0 0 0 
_1.ptx 311 : 11796480 132748704 0 737280 368640 0 0 0 0 
_1.ptx 312 : 11796480 106867296 0 0 0 0 0 0 0 
_1.ptx 313 : 11796480 72656928 0 0 0 0 0 0 0 
_1.ptx 314 : 11796480 131281952 0 737280 368640 0 0 0 0 
_1.ptx 315 : 11796480 106810304 0 0 0 0 0 0 0 
_1.ptx 316 : 11796480 73583616 0 0 0 0 0 0 0 
_1.ptx 317 : 11796480 132452800 0 737280 368640 0 0 0 0 
_1.ptx 318 : 11796480 106880608 0 0 0 0 0 0 0 
_1.ptx 319 : 11796480 72375456 0 0 0 0 0 0 0 
_1.ptx 320 : 11796480 131214592 0 737280 368640 0 0 0 0 
_1.ptx 321 : 11796480 106837120 0 0 0 0 0 0 0 
_1.ptx 322 : 11796480 73904032 0 0 0 0 0 0 0 
_1.ptx 323 : 11796480 132358368 0 737280 368640 0 0 0 0 
_1.ptx 324 : 11796480 106878720 0 0 0 0 0 0 0 
_1.ptx 325 : 11796480 72990976 0 0 0 0 0 0 0 
_1.ptx 326 : 11796480 131453184 0 737280 368640 0 0 0 0 
_1.ptx 327 : 11796480 106821376 0 0 0 0 0 0 0 
_1.ptx 328 : 11796480 74026272 0 0 0 0 0 0 0 
_1.ptx 329 : 11796480 132975648 0 737280 368640 0 0 0 0 
_1.ptx 330 : 11796480 106867136 0 0 0 0 0 0 0 
_1.ptx 331 : 11796480 72276992 0 0 0 0 0 0 0 
_1.ptx 332 : 11796480 131305856 0 737280 368640 0 0 0 0 
_1.ptx 333 : 11796480 106806336 0 0 0 0 0 0 0 
_1.ptx 334 : 11796480 73911616 0 0 0 0 0 0 0 
_1.ptx 335 : 11796480 132178272 0 737280 368640 0 0 0 0 
_1.ptx 336 : 11796480 106885216 0 0 0 0 0 0 0 
_1.ptx 337 : 11796480 72684448 0 0 0 0 0 0 0 
_1.ptx 338 : 11796480 134500768 0 737280 368640 0 0 0 0 
_1.ptx 339 : 11796480 106847392 0 0 0 0 0 0 0 
_1.ptx 340 : 11796480 74157760 0 0 0 0 0 0 0 
_1.ptx 341 : 11796480 132278016 0 737280 368640 0 0 0 0 
_1.ptx 342 : 11796480 106856192 0 0 0 0 0 0 0 
_1.ptx 344 : 11796480 118758752 759296 0 0 737280 368640 0 0 
_1.ptx 346 : 11796480 71027040 0 0 0 0 0 0 0 
_1.ptx 365 : 11796480 71949792 0 0 0 0 0 0 0 
_1.ptx 366 : 11796480 130634368 0 0 0 0 0 0 0 
_1.ptx 367 : 11796480 72541280 0 0 0 0 0 0 0 
_1.ptx 368 : 11796480 131376288 0 0 0 0 0 0 0 
_1.ptx 369 : 11796480 122618400 0 0 0 0 0 0 0 
_1.ptx 370 : 11796480 72573440 0 0 0 0 0 0 0 
_1.ptx 371 : 11796480 72293024 0 0 0 0 0 0 0 
_1.ptx 372 : 11796480 131561184 0 0 0 0 0 0 0 
_1.ptx 373 : 11796480 120752704 0 0 0 0 0 0 0 
_1.ptx 374 : 11796480 127865568 0 0 0 0 0 0 0 
_1.ptx 375 : 11796480 86298688 0 0 0 0 0 0 0 
_1.ptx 376 : 11796480 130435904 0 0 0 0 0 0 0 
_1.ptx 377 : 11796480 73540672 0 0 0 0 0 0 0 
_1.ptx 378 : 11796480 86679712 0 0 0 0 0 0 0 
_1.ptx 379 : 11796480 86140416 0 0 0 0 0 0 0 
_1.ptx 380 : 11796480 130054112 0 0 0 0 0 0 0 
_1.ptx 381 : 11796480 132039808 0 0 0 0 0 0 0 
_1.ptx 382 : 11796480 128572512 0 0 0 0 0 0 0 
_1.ptx 383 : 11796480 131821056 0 0 0 0 0 0 0 
_1.ptx 384 : 11796480 138072032 0 0 0 0 0 0 0 
_1.ptx 385 : 11796480 132407776 0 0 0 0 0 0 0 
_1.ptx 386 : 11796480 132022656 0 0 0 0 0 0 0 
_1.ptx 387 : 11796480 85914432 0 0 0 0 0 0 0 
_1.ptx 388 : 11796480 126646080 0 0 0 0 0 0 0 
_1.ptx 389 : 11796480 133081440 0 0 0 0 0 0 0 
_1.ptx 390 : 11796480 131734304 0 0 0 0 0 0 0 
_1.ptx 391 : 11796480 131662432 0 0 0 0 0 0 0 
_1.ptx 392 : 11796480 2405684320 983040 0 0 737280 368640 0 0 
_1.ptx 393 : 11796480 150509888 0 737280 368640 0 0 0 0 
_1.ptx 394 : 11796480 121598752 0 0 0 0 0 0 0 
_1.ptx 395 : 11796480 84889408 0 0 0 0 0 0 0 
_1.ptx 396 : 11796480 122772320 0 0 0 0 0 0 0 
_1.ptx 397 : 11796480 131390496 0 0 0 0 0 0 0 
_1.ptx 398 : 11796480 3262172288 47185920 0 0 737280 368640 0 0 
_1.ptx 399 : 11796480 134405120 0 737280 368640 0 0 0 0 
_1.ptx 400 : 11796480 121294784 0 0 0 0 0 0 0 
_1.ptx 401 : 11796480 84718720 0 0 0 0 0 0 0 
_1.ptx 402 : 11796480 122338592 0 0 0 0 0 0 0 
_1.ptx 403 : 11796480 131357472 0 0 0 0 0 0 0 
_1.ptx 404 : 11796480 3288660352 47185920 0 0 737280 368640 0 0 
_1.ptx 405 : 11796480 121601632 0 737280 368640 0 0 0 0 
_1.ptx 406 : 11796480 121002624 0 0 0 0 0 0 0 
_1.ptx 407 : 11796480 84682592 0 0 0 0 0 0 0 
_1.ptx 408 : 11796480 122001344 0 0 0 0 0 0 0 
_1.ptx 409 : 11796480 131337536 0 0 0 0 0 0 0 
_1.ptx 410 : 11796480 3337432224 47185920 0 0 737280 368640 0 0 
_1.ptx 411 : 11796480 113171968 0 737280 368640 0 0 0 0 
_1.ptx 412 : 11796480 71554144 0 0 0 0 0 0 0 
_1.ptx 413 : 11796480 96510176 0 0 0 0 0 0 0 
_1.ptx 414 : 11796480 1508160 0 0 0 0 0 0 0 
_1.ptx 416 : 11550720 3320740032 46203648 0 0 721920 360960 0 0 
_1.ptx 417 : 11550720 69981056 0 0 0 0 0 0 0 
_1.ptx 419 : 245760 1506592 0 0 0 0 0 0 0 
_1.ptx 421 : 11796480 112106272 0 737280 368640 0 0 0 0 
_1.ptx 422 : 11796480 89769312 0 0 0 0 0 0 0 
_1.ptx 423 : 11796480 131395968 0 0 0 0 0 0 0 
_1.ptx 424 : 11796480 120477696 0 0 0 0 0 0 0 
_1.ptx 425 : 11796480 71992640 0 0 0 0 0 0 0 
_1.ptx 426 : 11796480 96573280 0 0 0 0 0 0 0 
_1.ptx 427 : 11796480 1488128 0 0 0 0 0 0 0 
_1.ptx 429 : 11550720 118314208 0 0 0 0 0 0 0 
_1.ptx 430 : 11550720 83478624 0 0 0 0 0 0 0 
_1.ptx 431 : 11550720 120251776 0 0 0 0 0 0 0 
_1.ptx 432 : 11550720 128770464 0 0 0 0 0 0 0 
_1.ptx 433 : 11550720 3271817344 46205440 0 0 721920 360960 0 0 
_1.ptx 434 : 11550720 70014752 0 0 0 0 0 0 0 
_1.ptx 436 : 245760 1484128 0 0 0 0 0 0 0 
_1.ptx 438 : 11796480 113656544 0 737280 368640 0 0 0 0 
_1.ptx 440 : 11796480 71516640 0 0 0 0 0 0 0 
_1.ptx 442 : 11796480 72120416 0 0 0 0 0 0 0 
_1.ptx 443 : 11796480 81531200 0 0 0 0 0 0 0 
_1.ptx 444 : 11796480 135623360 0 737280 368640 0 0 0 0 
_1.ptx 445 : 11796480 107359808 0 0 0 0 0 0 0 
_1.ptx 446 : 11796480 89905472 0 0 0 0 0 0 0 
_1.ptx 447 : 11796480 144528224 0 737280 368640 0 0 0 0 
_1.ptx 448 : 11796480 107258048 0 0 0 0 0 0 0 
_1.ptx 449 : 11796480 80451552 0 0 0 0 0 0 0 
_1.ptx 450 : 11796480 137931328 0 737280 368640 0 0 0 0 
_1.ptx 451 : 11796480 107268768 0 0 0 0 0 0 0 
_1.ptx 452 : 11796480 81579808 0 0 0 0 0 0 0 
_1.ptx 453 : 11796480 137491424 0 737280 368640 0 0 0 0 
_1.ptx 454 : 11796480 107217824 0 0 0 0 0 0 0 
_1.ptx 455 : 11796480 80456096 0 0 0 0 0 0 0 
_1.ptx 456 : 11796480 137765920 0 737280 368640 0 0 0 0 
_1.ptx 457 : 11796480 107147392 0 0 0 0 0 0 0 
_1.ptx 458 : 11796480 82327712 0 0 0 0 0 0 0 
_1.ptx 459 : 11796480 138721728 0 737280 368640 0 0 0 0 
_1.ptx 460 : 11796480 107185216 0 0 0 0 0 0 0 
_1.ptx 461 : 11796480 79895360 0 0 0 0 0 0 0 
_1.ptx 462 : 11796480 158519136 0 737280 368640 0 0 0 0 
_1.ptx 463 : 11796480 107277408 0 0 0 0 0 0 0 
_1.ptx 464 : 11796480 84527648 0 0 0 0 0 0 0 
_1.ptx 465 : 11796480 139740768 0 737280 368640 0 0 0 0 
_1.ptx 466 : 11796480 107263360 0 0 0 0 0 0 0 
_1.ptx 467 : 11796480 81230752 0 0 0 0 0 0 0 
_1.ptx 468 : 11796480 138258880 0 737280 368640 0 0 0 0 
_1.ptx 469 : 11796480 107209632 0 0 0 0 0 0 0 
_1.ptx 470 : 11796480 83852352 0 0 0 0 0 0 0 
_1.ptx 471 : 11796480 139415616 0 737280 368640 0 0 0 0 
_1.ptx 472 : 11796480 107182720 0 0 0 0 0 0 0 
_1.ptx 473 : 11796480 81249760 0 0 0 0 0 0 0 
_1.ptx 474 : 11796480 138829088 0 737280 368640 0 0 0 0 
_1.ptx 475 : 11796480 107156288 0 0 0 0 0 0 0 
_1.ptx 476 : 11796480 83791808 0 0 0 0 0 0 0 
_1.ptx 477 : 11796480 139657248 0 737280 368640 0 0 0 0 
_1.ptx 478 : 11796480 107178368 0 0 0 0 0 0 0 
_1.ptx 479 : 11796480 81686048 0 0 0 0 0 0 0 
_1.ptx 480 : 11796480 139631712 0 737280 368640 0 0 0 0 
_1.ptx 481 : 11796480 107130816 0 0 0 0 0 0 0 
_1.ptx 482 : 11796480 85038432 0 0 0 0 0 0 0 
_1.ptx 483 : 11796480 140923136 0 737280 368640 0 0 0 0 
_1.ptx 484 : 11796480 107112576 0 0 0 0 0 0 0 
_1.ptx 485 : 11796480 83613472 0 0 0 0 0 0 0 
_1.ptx 486 : 11796480 140677568 0 737280 368640 0 0 0 0 
_1.ptx 487 : 11796480 107060736 0 0 0 0 0 0 0 
_1.ptx 488 : 11796480 86842688 0 0 0 0 0 0 0 
_1.ptx 489 : 11796480 142490208 0 737280 368640 0 0 0 0 
_1.ptx 490 : 11796480 107097344 0 0 0 0 0 0 0 
_1.ptx 491 : 11796480 86421824 0 0 0 0 0 0 0 
_1.ptx 492 : 11796480 143747808 0 737280 368640 0 0 0 0 
_1.ptx 493 : 11796480 107102080 0 0 0 0 0 0 0 
_1.ptx 495 : 11796480 94968864 0 0 0 0 0 0 0 
_1.ptx 496 : 11796480 132907744 0 0 0 0 0 0 0 
_1.ptx 497 : 11796480 131687008 0 0 0 0 0 0 0 
_1.ptx 498 : 11796480 186131136 28673344 0 0 737280 368640 0 0 
_1.ptx 500 : 11796480 71677792 0 0 0 0 0 0 0 
_1.ptx 501 : 11796480 148123424 0 0 0 0 0 0 0 
_1.ptx 502 : 11796480 173154496 0 737280 368640 0 0 0 0 
_1.ptx 503 : 11796480 107082080 0 0 0 0 0 0 0 
_1.ptx 504 : 11796480 91137728 0 0 0 0 0 0 0 
_1.ptx 505 : 11796480 145639712 0 737280 368640 0 0 0 0 
_1.ptx 506 : 11796480 107106944 0 0 0 0 0 0 0 
_1.ptx 507 : 11796480 87129344 0 0 0 0 0 0 0 
_1.ptx 508 : 11796480 143309408 0 737280 368640 0 0 0 0 
_1.ptx 509 : 11796480 107059520 0 0 0 0 0 0 0 
_1.ptx 510 : 11796480 88594048 0 0 0 0 0 0 0 
_1.ptx 511 : 11796480 144206304 0 737280 368640 0 0 0 0 
_1.ptx 512 : 11796480 107196928 0 0 0 0 0 0 0 
_1.ptx 513 : 11796480 92357568 0 0 0 0 0 0 0 
_1.ptx 514 : 11796480 144006400 0 737280 368640 0 0 0 0 
_1.ptx 515 : 11796480 107059392 0 0 0 0 0 0 0 
_1.ptx 516 : 11796480 85590688 0 0 0 0 0 0 0 
_1.ptx 517 : 11796480 142931200 0 737280 368640 0 0 0 0 
_1.ptx 518 : 11796480 107089824 0 0 0 0 0 0 0 
_1.ptx 519 : 11796480 83069760 0 0 0 0 0 0 0 
_1.ptx 520 : 11796480 141365344 0 737280 368640 0 0 0 0 
_1.ptx 521 : 11796480 107112576 0 0 0 0 0 0 0 
_1.ptx 522 : 11796480 86563840 0 0 0 0 0 0 0 
_1.ptx 523 : 11796480 142603360 0 737280 368640 0 0 0 0 
_1.ptx 524 : 11796480 107087360 0 0 0 0 0 0 0 
_1.ptx 525 : 11796480 85470176 0 0 0 0 0 0 0 
_1.ptx 526 : 11796480 142694336 0 737280 368640 0 0 0 0 
_1.ptx 527 : 11796480 107052512 0 0 0 0 0 0 0 
_1.ptx 528 : 11796480 90386528 0 0 0 0 0 0 0 
_1.ptx 529 : 11796480 144753984 0 737280 368640 0 0 0 0 
_1.ptx 530 : 11796480 107046848 0 0 0 0 0 0 0 
_1.ptx 531 : 11796480 81249152 0 0 0 0 0 0 0 
_1.ptx 532 : 11796480 140527840 0 737280 368640 0 0 0 0 
_1.ptx 533 : 11796480 107119872 0 0 0 0 0 0 0 
_1.ptx 534 : 11796480 84445344 0 0 0 0 0 0 0 
_1.ptx 535 : 11796480 140849376 0 737280 368640 0 0 0 0 
_1.ptx 536 : 11796480 107158976 0 0 0 0 0 0 0 
_1.ptx 537 : 11796480 81366560 0 0 0 0 0 0 0 
_1.ptx 538 : 11796480 139505632 0 737280 368640 0 0 0 0 
_1.ptx 539 : 11796480 107101664 0 0 0 0 0 0 0 
_1.ptx 540 : 11796480 83704768 0 0 0 0 0 0 0 
_1.ptx 541 : 11796480 140119104 0 737280 368640 0 0 0 0 
_1.ptx 542 : 11796480 107062112 0 0 0 0 0 0 0 
_1.ptx 543 : 11796480 82463488 0 0 0 0 0 0 0 
_1.ptx 544 : 11796480 140645440 0 737280 368640 0 0 0 0 
_1.ptx 545 : 11796480 107059136 0 0 0 0 0 0 0 
_1.ptx 546 : 11796480 85068096 0 0 0 0 0 0 0 
_1.ptx 547 : 11796480 141666720 0 737280 368640 0 0 0 0 
_1.ptx 548 : 11796480 107077696 0 0 0 0 0 0 0 
_1.ptx 549 : 11796480 82895232 0 0 0 0 0 0 0 
_1.ptx 550 : 11796480 141626688 0 737280 368640 0 0 0 0 
_1.ptx 551 : 11796480 107150880 0 0 0 0 0 0 0 
_1.ptx 553 : 11796480 131858656 0 0 0 0 0 0 0 
_1.ptx 554 : 11796480 165166464 28124224 0 0 737280 368640 0 0 
_1.ptx 556 : 11796480 71462432 0 0 0 0 0 0 0 
_1.ptx 557 : 11796480 133525152 0 0 0 0 0 0 0 
_1.ptx 558 : 11796480 171793184 0 737280 368640 0 0 0 0 
_1.ptx 559 : 11796480 107053280 0 0 0 0 0 0 0 
_1.ptx 560 : 11796480 87371648 0 0 0 0 0 0 0 
_1.ptx 561 : 11796480 143397280 0 737280 368640 0 0 0 0 
_1.ptx 562 : 11796480 107140416 0 0 0 0 0 0 0 
_1.ptx 563 : 11796480 87717440 0 0 0 0 0 0 0 
_1.ptx 564 : 11796480 141157600 0 737280 368640 0 0 0 0 
_1.ptx 565 : 11796480 107059008 0 0 0 0 0 0 0 
_1.ptx 566 : 11796480 83590880 0 0 0 0 0 0 0 
_1.ptx 567 : 11796480 140456288 0 737280 368640 0 0 0 0 
_1.ptx 568 : 11796480 107041568 0 0 0 0 0 0 0 
_1.ptx 569 : 11796480 81646784 0 0 0 0 0 0 0 
_1.ptx 570 : 11796480 139882592 0 737280 368640 0 0 0 0 
_1.ptx 571 : 11796480 107049920 0 0 0 0 0 0 0 
_1.ptx 572 : 11796480 84233440 0 0 0 0 0 0 0 
_1.ptx 573 : 11796480 141085888 0 737280 368640 0 0 0 0 
_1.ptx 574 : 11796480 107017152 0 0 0 0 0 0 0 
_1.ptx 575 : 11796480 82902560 0 0 0 0 0 0 0 
_1.ptx 576 : 11796480 140440160 0 737280 368640 0 0 0 0 
_1.ptx 577 : 11796480 107017632 0 0 0 0 0 0 0 
_1.ptx 578 : 11796480 88298816 0 0 0 0 0 0 0 
_1.ptx 579 : 11796480 142697984 0 737280 368640 0 0 0 0 
_1.ptx 580 : 11796480 106966624 0 0 0 0 0 0 0 
_1.ptx 581 : 11796480 80833440 0 0 0 0 0 0 0 
_1.ptx 582 : 11796480 138910816 0 737280 368640 0 0 0 0 
_1.ptx 583 : 11796480 107003040 0 0 0 0 0 0 0 
_1.ptx 584 : 11796480 84095808 0 0 0 0 0 0 0 
_1.ptx 585 : 11796480 141152000 0 737280 368640 0 0 0 0 
_1.ptx 586 : 11796480 107017280 0 0 0 0 0 0 0 
_1.ptx 587 : 11796480 80321184 0 0 0 0 0 0 0 
_1.ptx 588 : 11796480 138751008 0 737280 368640 0 0 0 0 
_1.ptx 589 : 11796480 106988128 0 0 0 0 0 0 0 
_1.ptx 590 : 11796480 82809536 0 0 0 0 0 0 0 
_1.ptx 591 : 11796480 139466304 0 737280 368640 0 0 0 0 
_1.ptx 592 : 11796480 106996704 0 0 0 0 0 0 0 
_1.ptx 593 : 11796480 80772608 0 0 0 0 0 0 0 
_1.ptx 594 : 11796480 151618880 0 737280 368640 0 0 0 0 
_1.ptx 595 : 11796480 107009312 0 0 0 0 0 0 0 
_1.ptx 596 : 11796480 82099648 0 0 0 0 0 0 0 
_1.ptx 597 : 11796480 138902624 0 737280 368640 0 0 0 0 
_1.ptx 598 : 11796480 107028768 0 0 0 0 0 0 0 
_1.ptx 599 : 11796480 79957216 0 0 0 0 0 0 0 
_1.ptx 600 : 11796480 139655264 0 737280 368640 0 0 0 0 
_1.ptx 601 : 11796480 107032128 0 0 0 0 0 0 0 
_1.ptx 602 : 11796480 83372896 0 0 0 0 0 0 0 
_1.ptx 603 : 11796480 139268672 0 737280 368640 0 0 0 0 
_1.ptx 604 : 11796480 107049056 0 0 0 0 0 0 0 
_1.ptx 605 : 11796480 80775392 0 0 0 0 0 0 0 
_1.ptx 606 : 11796480 138788800 0 737280 368640 0 0 0 0 
_1.ptx 607 : 11796480 107083776 0 0 0 0 0 0 0 
_1.ptx 609 : 11796480 131220128 0 0 0 0 0 0 0 
_1.ptx 610 : 11796480 149465440 27492544 0 0 737280 368640 0 0 
_1.ptx 612 : 11796480 71384576 0 0 0 0 0 0 0 
_1.ptx 613 : 11796480 122998272 0 0 0 0 0 0 0 
_1.ptx 614 : 11796480 163670208 0 737280 368640 0 0 0 0 
_1.ptx 615 : 11796480 106943776 0 0 0 0 0 0 0 
_1.ptx 616 : 11796480 84012960 0 0 0 0 0 0 0 
_1.ptx 617 : 11796480 139699296 0 737280 368640 0 0 0 0 
_1.ptx 618 : 11796480 106951072 0 0 0 0 0 0 0 
_1.ptx 619 : 11796480 78944576 0 0 0 0 0 0 0 
_1.ptx 620 : 11796480 138195296 0 737280 368640 0 0 0 0 
_1.ptx 621 : 11796480 106979296 0 0 0 0 0 0 0 
_1.ptx 622 : 11796480 81692704 0 0 0 0 0 0 0 
_1.ptx 623 : 11796480 138284640 0 737280 368640 0 0 0 0 
_1.ptx 624 : 11796480 107005696 0 0 0 0 0 0 0 
_1.ptx 625 : 11796480 79812064 0 0 0 0 0 0 0 
_1.ptx 626 : 11796480 137774336 0 737280 368640 0 0 0 0 
_1.ptx 627 : 11796480 107008928 0 0 0 0 0 0 0 
_1.ptx 628 : 11796480 83551680 0 0 0 0 0 0 0 
_1.ptx 629 : 11796480 139280992 0 737280 368640 0 0 0 0 
_1.ptx 630 : 11796480 106898944 0 0 0 0 0 0 0 
_1.ptx 631 : 11796480 77977600 0 0 0 0 0 0 0 
_1.ptx 632 : 11796480 136459360 0 737280 368640 0 0 0 0 
_1.ptx 633 : 11796480 106965792 0 0 0 0 0 0 0 
_1.ptx 634 : 11796480 81276128 0 0 0 0 0 0 0 
_1.ptx 635 : 11796480 138208608 0 737280 368640 0 0 0 0 
_1.ptx 636 : 11796480 106952832 0 0 0 0 0 0 0 
_1.ptx 637 : 11796480 78278944 0 0 0 0 0 0 0 
_1.ptx 638 : 11796480 136320992 0 737280 368640 0 0 0 0 
_1.ptx 639 : 11796480 106945280 0 0 0 0 0 0 0 
_1.ptx 640 : 11796480 80019520 0 0 0 0 0 0 0 
_1.ptx 641 : 11796480 137590688 0 737280 368640 0 0 0 0 
_1.ptx 642 : 11796480 106923232 0 0 0 0 0 0 0 
_1.ptx 643 : 11796480 78376704 0 0 0 0 0 0 0 
_1.ptx 644 : 11796480 146603776 0 737280 368640 0 0 0 0 
_1.ptx 645 : 11796480 106964896 0 0 0 0 0 0 0 
_1.ptx 646 : 11796480 80963936 0 0 0 0 0 0 0 
_1.ptx 647 : 11796480 138600000 0 737280 368640 0 0 0 0 
_1.ptx 648 : 11796480 106923488 0 0 0 0 0 0 0 
_1.ptx 649 : 11796480 79215392 0 0 0 0 0 0 0 
_1.ptx 650 : 11796480 137422112 0 737280 368640 0 0 0 0 
_1.ptx 651 : 11796480 106934272 0 0 0 0 0 0 0 
_1.ptx 652 : 11796480 80911840 0 0 0 0 0 0 0 
_1.ptx 653 : 11796480 138607552 0 737280 368640 0 0 0 0 
_1.ptx 654 : 11796480 106955488 0 0 0 0 0 0 0 
_1.ptx 655 : 11796480 77783936 0 0 0 0 0 0 0 
_1.ptx 656 : 11796480 136730272 0 737280 368640 0 0 0 0 
_1.ptx 657 : 11796480 106926560 0 0 0 0 0 0 0 
_1.ptx 658 : 11796480 80997568 0 0 0 0 0 0 0 
_1.ptx 659 : 11796480 137831040 0 737280 368640 0 0 0 0 
_1.ptx 660 : 11796480 107210464 0 0 0 0 0 0 0 
_1.ptx 661 : 11796480 80711296 0 0 0 0 0 0 0 
_1.ptx 662 : 11796480 139074048 0 737280 368640 0 0 0 0 
_1.ptx 663 : 11796480 107281760 0 0 0 0 0 0 0 
_1.ptx 665 : 11796480 131691552 0 0 0 0 0 0 0 
_1.ptx 666 : 11796480 165318624 27323712 0 0 737280 368640 0 0 
_1.ptx 668 : 11796480 71750816 0 0 0 0 0 0 0 
