kernel line : count latency dram_traffic smem_bk_conflicts smem_warp gmem_access_generated gmem_warp exposed_latency warp_divergence
_1.ptx 823 : 509868 3043657 0 0 0 0 0 0 1125 
_1.ptx 825 : 74702 594320 0 0 0 0 0 0 0 
_1.ptx 827 : 74702 611535 0 0 0 0 0 0 0 
_1.ptx 829 : 509868 5578184 0 0 0 0 0 0 0 
_1.ptx 830 : 509868 5619945 0 0 0 0 0 0 0 
_1.ptx 831 : 509868 3776929 0 0 0 0 0 0 0 
_1.ptx 832 : 509868 4477845 0 0 0 0 0 0 0 
_1.ptx 833 : 509868 2671559 0 0 0 0 0 0 0 
_1.ptx 834 : 127467 908031 0 0 0 0 0 0 0 
_1.ptx 835 : 127467 1104247 0 0 0 0 0 0 0 
_1.ptx 836 : 127467 1023889 0 0 0 0 0 0 0 
_1.ptx 837 : 127467 895227 0 0 0 0 0 0 0 
_1.ptx 838 : 127467 1100571 0 0 0 0 0 0 0 
_1.ptx 839 : 127467 1006965 0 0 0 0 0 0 0 
_1.ptx 840 : 127467 1104582 0 0 0 0 0 0 0 
_1.ptx 841 : 127467 890060 0 0 0 0 0 0 0 
_1.ptx 842 : 127467 1090571 0 0 0 0 0 0 0 
_1.ptx 843 : 127467 444804 0 0 0 0 0 0 631 
_1.ptx 845 : 62282 680850 0 0 0 0 0 0 0 
_1.ptx 847 : 62282 505338 0 0 0 0 0 0 0 
_1.ptx 848 : 62282 491415 0 0 0 0 0 0 0 
_1.ptx 849 : 62282 773013 0 0 0 0 0 0 0 
_1.ptx 850 : 62282 714845 0 0 0 0 0 0 0 
_1.ptx 851 : 62282 309380 0 0 0 2349 2349 0 0 
_1.ptx 852 : 62282 309341 0 0 0 2349 2349 0 0 
_1.ptx 853 : 62282 307820 0 0 0 2544 2349 0 0 
_1.ptx 854 : 62282 305788 0 0 0 2544 2349 0 0 
_1.ptx 855 : 62282 298762 0 0 0 2544 2349 0 0 
_1.ptx 856 : 62282 300333 0 0 0 2544 2349 0 0 
_1.ptx 857 : 62282 291353 0 0 0 2544 2349 0 0 
_1.ptx 859 : 62282 705969 0 0 0 0 0 0 0 
_1.ptx 860 : 62282 708607 0 0 0 0 0 0 0 
_1.ptx 861 : 62282 710609 0 0 0 0 0 0 0 
_1.ptx 862 : 62282 721210 0 0 0 0 0 0 0 
_1.ptx 863 : 62282 726357 0 0 0 0 0 0 0 
_1.ptx 864 : 62282 723992 0 0 0 0 0 0 0 
_1.ptx 865 : 62282 330328 0 0 0 2544 2349 0 0 
_1.ptx 866 : 62282 442047 0 0 0 0 0 0 0 
_1.ptx 867 : 62282 537757 0 0 0 0 0 0 0 
_1.ptx 868 : 62282 127919 0 0 0 0 0 0 305 
_1.ptx 870 : 43133 305113 0 0 0 0 0 0 0 
_1.ptx 871 : 43133 301866 0 0 0 0 0 0 0 
_1.ptx 872 : 43133 306288 0 0 0 0 0 0 0 
_1.ptx 873 : 43133 295984 0 0 0 0 0 0 0 
_1.ptx 875 : 19149 82753 0 0 0 0 0 0 0 
_1.ptx 876 : 19149 220646 0 0 0 0 0 0 0 
_1.ptx 877 : 19149 220010 0 0 0 0 0 0 0 
_1.ptx 878 : 19149 223237 0 0 0 0 0 0 0 
_1.ptx 879 : 19149 226541 0 0 0 0 0 0 0 
_1.ptx 880 : 19149 228910 0 0 0 0 0 0 0 
_1.ptx 881 : 19149 183981 0 0 0 0 0 0 0 
_1.ptx 882 : 19149 185705 0 0 0 0 0 0 0 
_1.ptx 883 : 19149 620954 0 0 0 0 0 0 0 
_1.ptx 884 : 19149 242155 0 0 0 0 0 0 0 
_1.ptx 885 : 19149 243683 0 0 0 0 0 0 0 
_1.ptx 886 : 19149 239211 0 0 0 0 0 0 0 
_1.ptx 888 : 62282 732606 0 0 0 0 0 0 0 
_1.ptx 889 : 62282 731121 0 0 0 0 0 0 0 
_1.ptx 890 : 62282 749654 0 0 0 0 0 0 0 
_1.ptx 891 : 62282 770577 0 0 0 0 0 0 0 
_1.ptx 892 : 62282 616758 0 0 0 0 0 0 0 
_1.ptx 893 : 62282 606778 0 0 0 0 0 0 0 
_1.ptx 894 : 62282 1912681 0 0 0 0 0 0 0 
_1.ptx 895 : 62282 736434 0 0 0 0 0 0 0 
_1.ptx 896 : 62282 729375 0 0 0 0 0 0 0 
_1.ptx 897 : 62282 734509 0 0 0 0 0 0 0 
_1.ptx 898 : 62282 717771 0 0 0 0 0 0 0 
_1.ptx 899 : 62282 600156 0 0 0 0 0 0 0 
_1.ptx 900 : 62282 599670 0 0 0 0 0 0 0 
_1.ptx 901 : 62282 433564 0 0 0 0 0 0 0 
_1.ptx 902 : 62282 541736 0 0 0 0 0 0 0 
_1.ptx 903 : 62282 434452 0 0 0 0 0 0 0 
_1.ptx 910 : 62282 488086 0 0 0 0 0 0 0 
_1.ptx 911 : 62282 493297 0 0 0 0 0 0 0 
_1.ptx 912 : 62282 500353 0 0 0 0 0 0 0 
_1.ptx 915 : 62282 443273 0 0 0 0 0 0 0 
_1.ptx 916 : 62282 718219 0 0 0 0 0 0 0 
_1.ptx 917 : 62282 484155 0 0 0 0 0 0 0 
_1.ptx 918 : 62282 896105 0 0 0 0 0 0 0 
_1.ptx 919 : 62282 709301 0 0 0 0 0 0 0 
_1.ptx 920 : 62282 589230 22912 0 0 0 0 0 0 
_1.ptx 921 : 62282 415224 0 0 0 0 0 0 0 
_1.ptx 922 : 62282 715510 0 0 0 0 0 0 0 
_1.ptx 923 : 62282 795555 47936 0 0 0 0 0 0 
_1.ptx 924 : 62282 412687 0 0 0 0 0 0 0 
_1.ptx 925 : 62282 714829 0 0 0 0 0 0 0 
_1.ptx 926 : 62282 1042163 26336 0 0 0 0 0 0 
_1.ptx 927 : 62282 408478 0 0 0 0 0 0 0 
_1.ptx 928 : 62282 715236 0 0 0 0 0 0 0 
_1.ptx 929 : 62282 1083402 19776 0 0 0 0 0 0 
_1.ptx 931 : 62282 409733 0 0 0 0 0 0 0 
_1.ptx 932 : 62282 714671 0 0 0 0 0 0 0 
_1.ptx 933 : 62282 422693 0 0 0 0 0 0 0 
_1.ptx 934 : 62282 713927 0 0 0 0 0 0 0 
_1.ptx 935 : 62282 419590 0 0 0 0 0 0 0 
_1.ptx 936 : 62282 727063 0 0 0 0 0 0 0 
_1.ptx 937 : 62282 742621 0 0 0 0 0 0 0 
_1.ptx 938 : 62282 604514 0 0 0 0 0 0 0 
_1.ptx 939 : 62282 596081 0 0 0 0 0 0 0 
_1.ptx 940 : 62282 2267035 0 0 0 0 0 0 0 
_1.ptx 941 : 62282 760922 0 0 0 0 0 0 0 
_1.ptx 942 : 62282 764067 0 0 0 0 0 0 0 
_1.ptx 943 : 62282 781840 0 0 0 0 0 0 0 
_1.ptx 944 : 62282 788348 0 0 0 0 0 0 0 
_1.ptx 945 : 62282 604220 0 0 0 0 0 0 0 
_1.ptx 946 : 62282 600854 0 0 0 0 0 0 0 
_1.ptx 947 : 62282 437945 0 0 0 0 0 0 0 
_1.ptx 948 : 62282 543114 0 0 0 0 0 0 0 
_1.ptx 949 : 62282 37640 0 0 0 0 0 0 318 
_1.ptx 951 : 56815 447791 0 0 0 0 0 0 0 
_1.ptx 952 : 56815 355946 0 0 0 0 0 0 0 
_1.ptx 955 : 220903 1053119 128 0 0 8579 8579 0 0 
_1.ptx 956 : 220903 1052461 0 0 0 8579 8579 0 0 
_1.ptx 957 : 220903 1028461 0 0 0 8579 8579 0 0 
_1.ptx 958 : 220903 1021183 0 0 0 8579 8579 0 0 
_1.ptx 959 : 220903 1472975 0 0 0 0 0 0 0 
_1.ptx 960 : 220903 1892950 0 0 0 0 0 0 0 
_1.ptx 961 : 220903 1146273 0 0 0 0 0 0 0 
_1.ptx 963 : 56815 432725 0 0 0 0 0 0 0 
_1.ptx 964 : 56815 375834 0 0 0 0 0 0 0 
_1.ptx 965 : 56815 477025 0 0 0 0 0 0 0 
_1.ptx 966 : 56815 365417 0 0 0 0 0 0 0 
_1.ptx 971 : 56815 361832 0 0 0 0 0 0 0 
_1.ptx 972 : 56815 526467 0 0 0 0 0 0 0 
_1.ptx 973 : 56815 638921 0 0 0 0 0 0 0 
_1.ptx 974 : 56815 3328557 0 0 0 0 0 0 0 
_1.ptx 976 : 56815 370818 0 0 0 0 0 0 0 
_1.ptx 977 : 56815 371472 0 0 0 0 0 0 0 
_1.ptx 978 : 56815 485472 0 0 0 0 0 0 0 
_1.ptx 979 : 56815 528693 0 0 0 0 0 0 0 
_1.ptx 982 : 56815 433485 0 0 0 0 0 0 0 
_1.ptx 983 : 56815 378934 0 0 0 0 0 0 0 
_1.ptx 986 : 164088 753094 0 0 0 6402 6402 0 0 
_1.ptx 987 : 164088 626328 0 0 0 0 0 0 0 
_1.ptx 988 : 164088 1940876 0 0 0 0 0 0 0 
_1.ptx 989 : 164088 1156848 0 0 0 0 0 0 0 
_1.ptx 990 : 164088 1947328 0 0 0 0 0 0 0 
_1.ptx 991 : 164088 1177843 0 0 0 0 0 0 0 
_1.ptx 992 : 164088 1948928 0 0 0 0 0 0 0 
_1.ptx 993 : 164088 1201367 0 0 0 0 0 0 0 
_1.ptx 994 : 164088 1971268 0 0 0 0 0 0 0 
_1.ptx 995 : 164088 1957825 0 0 0 0 0 0 0 
_1.ptx 996 : 164088 1988199 0 0 0 0 0 0 0 
_1.ptx 997 : 164088 1986340 0 0 0 0 0 0 0 
_1.ptx 998 : 164088 1991109 0 0 0 0 0 0 0 
_1.ptx 999 : 164088 1986873 0 0 0 0 0 0 0 
_1.ptx 1000 : 164088 2019172 0 0 0 0 0 0 0 
_1.ptx 1001 : 164088 2035401 0 0 0 0 0 0 0 
_1.ptx 1002 : 164088 1673470 0 0 0 0 0 0 0 
_1.ptx 1003 : 164088 1664133 0 0 0 0 0 0 0 
_1.ptx 1004 : 164088 1995196 0 0 0 0 0 0 0 
_1.ptx 1005 : 164088 1638867 0 0 0 0 0 0 0 
_1.ptx 1006 : 164088 1638417 0 0 0 0 0 0 0 
_1.ptx 1007 : 164088 1998617 0 0 0 0 0 0 0 
_1.ptx 1008 : 164088 1493802 0 0 0 0 0 0 0 
_1.ptx 1009 : 164088 1386812 0 0 0 0 0 0 0 
_1.ptx 1010 : 164088 1183779 0 0 0 0 0 0 0 
_1.ptx 1011 : 164088 1458038 0 0 0 0 0 0 0 
_1.ptx 1012 : 164088 1364961 0 0 0 0 0 0 0 
_1.ptx 1013 : 164088 1467592 0 0 0 0 0 0 0 
_1.ptx 1014 : 164088 1200545 0 0 0 0 0 0 0 
_1.ptx 1015 : 164088 1454104 0 0 0 0 0 0 0 
_1.ptx 1016 : 164088 829678 0 0 0 0 0 0 965 
_1.ptx 1017 : 50431 367637 0 0 0 0 0 0 0 
_1.ptx 1018 : 50431 363561 0 0 0 0 0 0 0 
_1.ptx 1020 : 113657 1350093 0 0 0 0 0 0 0 
_1.ptx 1021 : 113657 1347777 0 0 0 0 0 0 0 
_1.ptx 1022 : 113657 1014988 0 0 0 0 0 0 0 
_1.ptx 1023 : 113657 46208 0 0 0 0 0 0 344 
_1.ptx 1024 : 107587 791704 0 0 0 0 0 0 0 
_1.ptx 1025 : 107587 801116 0 0 0 0 0 0 0 
_1.ptx 1028 : 6070 72438 0 0 0 0 0 0 0 
_1.ptx 1029 : 6070 107568 0 0 0 0 0 0 0 
_1.ptx 1030 : 6070 72618 0 0 0 0 0 0 0 
_1.ptx 1031 : 6070 74398 0 0 0 0 0 0 0 
_1.ptx 1032 : 6070 59702 0 0 0 0 0 0 0 
_1.ptx 1036 : 164088 1364582 0 0 0 0 0 0 0 
_1.ptx 1039 : 220903 1580114 0 0 0 0 0 0 0 
_1.ptx 1040 : 220903 1922409 0 0 0 0 0 0 0 
_1.ptx 1041 : 220903 1505514 0 0 0 0 0 0 370 
_1.ptx 1042 : 6068 72581 0 0 0 0 0 0 0 
_1.ptx 1043 : 6068 72377 0 0 0 0 0 0 0 
_1.ptx 1044 : 6068 73885 0 0 0 0 0 0 0 
_1.ptx 1045 : 6068 72528 0 0 0 0 0 0 0 
_1.ptx 1046 : 6068 73198 0 0 0 0 0 0 0 
_1.ptx 1047 : 6068 72574 0 0 0 0 0 0 0 
_1.ptx 1048 : 6068 75523 0 0 0 0 0 0 0 
_1.ptx 1049 : 6068 60310 0 0 0 0 0 0 0 
_1.ptx 1050 : 6068 60531 0 0 0 0 0 0 0 
_1.ptx 1051 : 6068 55369 0 0 0 0 0 0 0 
_1.ptx 1052 : 6068 45385 0 0 0 0 0 0 0 
_1.ptx 1057 : 220903 2429778 0 0 0 0 0 0 0 
_1.ptx 1058 : 220903 2440159 0 0 0 0 0 0 0 
_1.ptx 1059 : 220903 1686631 0 0 0 0 0 0 0 
_1.ptx 1060 : 220903 1956677 0 0 0 0 0 0 0 
_1.ptx 1061 : 220903 374311 0 0 0 0 0 0 0 
_1.ptx 1062 : 169119 1224396 0 0 0 0 0 0 0 
_1.ptx 1063 : 169119 1464201 0 0 0 0 0 0 0 
_1.ptx 1064 : 169119 1138631 0 0 0 0 0 0 295 
_1.ptx 1065 : 5031 36671 0 0 0 0 0 0 0 
_1.ptx 1067 : 51784 372156 0 0 0 0 0 0 0 
_1.ptx 1068 : 51784 457746 0 0 0 0 0 0 0 
_1.ptx 1071 : 56815 44234 0 0 0 0 0 0 318 
_1.ptx 1073 : 50745 600740 0 0 0 0 0 0 0 
_1.ptx 1074 : 50745 604273 0 0 0 0 0 0 0 
_1.ptx 1075 : 50745 606611 0 0 0 0 0 0 0 
_1.ptx 1076 : 50745 639203 0 0 0 0 0 0 0 
_1.ptx 1077 : 50745 504822 0 0 0 0 0 0 0 
_1.ptx 1078 : 50745 498633 0 0 0 0 0 0 0 
_1.ptx 1079 : 50745 1177251 0 0 0 0 0 0 0 
_1.ptx 1081 : 50745 374593 0 0 0 0 0 0 0 
_1.ptx 1082 : 50745 1078974 0 0 0 0 0 0 0 
_1.ptx 1083 : 50745 407688 0 0 0 0 0 0 0 
_1.ptx 1084 : 50745 698949 0 0 0 0 0 0 0 
_1.ptx 1085 : 50745 645416 0 0 0 0 0 0 0 
_1.ptx 1086 : 50745 602957 0 0 0 0 0 0 0 
_1.ptx 1087 : 50745 356364 0 0 0 0 0 0 0 
_1.ptx 1088 : 50745 363250 0 0 0 0 0 0 0 
_1.ptx 1089 : 50745 590110 0 0 0 0 0 0 0 
_1.ptx 1090 : 50745 600126 0 0 0 0 0 0 0 
_1.ptx 1091 : 50745 599906 0 0 0 0 0 0 0 
_1.ptx 1092 : 50745 362685 0 0 0 0 0 0 0 
_1.ptx 1093 : 50745 362800 0 0 0 0 0 0 0 
_1.ptx 1094 : 50745 594491 0 0 0 0 0 0 0 
_1.ptx 1095 : 50745 598468 0 0 0 0 0 0 0 
_1.ptx 1096 : 50745 605662 0 0 0 0 0 0 0 
_1.ptx 1097 : 50745 588823 320 0 0 0 0 0 0 
_1.ptx 1098 : 50745 364572 0 0 0 0 0 0 0 
_1.ptx 1099 : 50745 595007 0 0 0 0 0 0 0 
_1.ptx 1100 : 50745 494244 0 0 0 0 0 0 0 
_1.ptx 1101 : 50745 674451 128 0 0 0 0 0 0 
_1.ptx 1103 : 50745 587324 0 0 0 0 0 0 0 
_1.ptx 1104 : 50745 590477 0 0 0 0 0 0 0 
_1.ptx 1105 : 50745 591814 0 0 0 0 0 0 0 
_1.ptx 1106 : 50745 499276 0 0 0 0 0 0 0 
_1.ptx 1107 : 50745 605978 0 0 0 0 0 0 0 
_1.ptx 1108 : 50745 514231 0 0 0 0 0 0 0 
_1.ptx 1109 : 50745 393428 0 0 0 0 0 0 0 
_1.ptx 1110 : 50745 1097050 0 0 0 0 0 0 0 
_1.ptx 1111 : 50745 415971 0 0 0 0 0 0 0 
_1.ptx 1112 : 50745 1097534 0 0 0 0 0 0 0 
_1.ptx 1113 : 50745 416889 0 0 0 0 0 0 0 
_1.ptx 1114 : 50745 467814 0 0 0 0 0 0 0 
_1.ptx 1115 : 50745 379844 0 0 0 0 0 0 0 
_1.ptx 1121 : 50745 421279 0 0 0 0 0 0 0 
_1.ptx 1122 : 50745 373944 0 0 0 0 0 0 0 
_1.ptx 1123 : 50745 440203 0 0 0 0 0 0 0 
_1.ptx 1124 : 50745 0 0 0 0 0 0 0 0 
_1.ptx 1125 : 50745 329271 0 0 0 0 0 0 0 
_1.ptx 1133 : 50745 330316 0 0 0 0 0 0 0 
_1.ptx 1134 : 50745 423156 0 0 0 0 0 0 0 
_1.ptx 1135 : 50745 336151 0 0 0 0 0 0 0 
_1.ptx 1140 : 50745 334195 0 0 0 0 0 0 0 
_1.ptx 1141 : 50745 423118 0 0 0 0 0 0 0 
_1.ptx 1142 : 50745 328071 0 0 0 0 0 0 0 
_1.ptx 1157 : 50745 335490 0 0 0 0 0 0 0 
_1.ptx 1158 : 50745 429574 0 0 0 0 0 0 0 
_1.ptx 1159 : 50745 331302 0 0 0 0 0 0 0 
_1.ptx 1181 : 50745 329790 0 0 0 0 0 0 0 
_1.ptx 1182 : 50745 427014 0 0 0 0 0 0 0 
_1.ptx 1183 : 50745 330863 0 0 0 0 0 0 0 
_1.ptx 1196 : 50745 379820 0 0 0 0 0 0 0 
_1.ptx 1197 : 50745 382730 0 0 0 0 0 0 0 
_1.ptx 1198 : 50745 386407 0 0 0 0 0 0 0 
_1.ptx 1199 : 50745 390862 0 0 0 0 0 0 0 
_1.ptx 1200 : 50745 349385 0 0 0 0 0 0 0 
_1.ptx 1201 : 50745 431170 0 0 0 0 0 0 0 
_1.ptx 1202 : 50745 338866 0 0 0 0 0 0 0 
_1.ptx 1213 : 50745 418926 0 0 0 0 0 0 0 
_1.ptx 1216 : 50745 571406 0 0 0 0 0 0 0 
_1.ptx 1218 : 50745 423668 0 0 0 0 0 0 0 
_1.ptx 1219 : 50745 409293 0 0 0 0 0 0 0 
_1.ptx 1220 : 50745 402797 0 0 0 0 0 0 0 
_1.ptx 1221 : 50745 408149 0 0 0 0 0 0 0 
_1.ptx 1222 : 50745 360060 0 0 0 0 0 0 0 
_1.ptx 1223 : 50745 443215 0 0 0 0 0 0 0 
_1.ptx 1224 : 50745 212202 0 0 0 0 0 0 727 
_1.ptx 1226 : 21083 160139 0 0 0 0 0 0 0 
_1.ptx 1227 : 21083 252033 0 0 0 0 0 0 0 
_1.ptx 1229 : 21083 238830 0 0 0 0 0 0 0 
_1.ptx 1232 : 50745 392680 0 0 0 0 0 0 0 
_1.ptx 1233 : 50745 594135 0 0 0 0 0 0 0 
_1.ptx 1234 : 50745 344017 0 0 0 0 0 0 0 
_1.ptx 1235 : 50745 593976 0 0 0 0 0 0 0 
_1.ptx 1236 : 50745 615220 0 0 0 0 0 0 0 
_1.ptx 1237 : 50745 474923 0 0 0 0 0 0 0 
_1.ptx 1238 : 50745 2381144 0 0 0 0 0 0 0 
_1.ptx 1239 : 50745 411121 0 0 0 0 0 0 0 
_1.ptx 1240 : 50745 621261 0 0 0 0 0 0 0 
_1.ptx 1241 : 50745 410493 0 0 0 0 0 0 0 
_1.ptx 1242 : 50745 411490 0 0 0 0 0 0 0 
_1.ptx 1243 : 50745 410756 0 0 0 0 0 0 0 
_1.ptx 1244 : 50745 405623 0 0 0 0 0 0 0 
_1.ptx 1245 : 50745 410197 0 0 0 0 0 0 0 
_1.ptx 1246 : 50745 588934 0 0 0 0 0 0 0 
_1.ptx 1247 : 50745 590428 0 0 0 0 0 0 0 
_1.ptx 1248 : 50745 601136 0 0 0 0 0 0 0 
_1.ptx 1249 : 50745 479489 0 0 0 0 0 0 0 
_1.ptx 1250 : 50745 492523 0 0 0 0 0 0 0 
_1.ptx 1252 : 50745 619340 0 0 0 0 0 0 0 
_1.ptx 1253 : 50745 637921 0 0 0 0 0 0 0 
_1.ptx 1254 : 50745 424909 0 0 0 0 0 0 0 
_1.ptx 1255 : 50745 440267 0 0 0 0 0 0 0 
_1.ptx 1256 : 50745 523313 0 0 0 0 0 0 0 
_1.ptx 1257 : 50745 396513 0 0 0 0 0 0 0 
_1.ptx 1258 : 50745 513005 0 0 0 0 0 0 0 
_1.ptx 1259 : 50745 622713 0 0 0 0 0 0 0 
_1.ptx 1260 : 50745 627024 0 0 0 0 0 0 0 
_1.ptx 1261 : 50745 618125 0 0 0 0 0 0 0 
_1.ptx 1262 : 50745 609755 0 0 0 0 0 0 0 
_1.ptx 1263 : 50745 602056 0 0 0 0 0 0 0 
_1.ptx 1264 : 50745 599262 0 0 0 0 0 0 0 
_1.ptx 1265 : 50745 601111 0 0 0 0 0 0 0 
_1.ptx 1266 : 50745 594472 0 0 0 0 0 0 0 
_1.ptx 1267 : 50745 569577 0 0 0 0 0 0 0 
_1.ptx 1269 : 50745 579749 0 0 0 0 0 0 0 
_1.ptx 1271 : 50745 595453 0 0 0 0 0 0 0 
_1.ptx 1272 : 50745 619912 0 0 0 0 0 0 0 
_1.ptx 1274 : 50745 480463 0 0 0 0 0 0 0 
_1.ptx 1275 : 50745 433459 0 0 0 0 0 0 0 
_1.ptx 1276 : 50745 627017 0 0 0 0 0 0 0 
_1.ptx 1277 : 50745 626376 0 0 0 0 0 0 0 
_1.ptx 1279 : 50745 418163 0 0 0 0 0 0 0 
_1.ptx 1280 : 50745 616721 0 0 0 0 0 0 0 
_1.ptx 1281 : 50745 618930 0 0 0 0 0 0 0 
_1.ptx 1282 : 50745 606999 0 0 0 0 0 0 0 
_1.ptx 1283 : 50745 598840 0 0 0 0 0 0 0 
_1.ptx 1284 : 50745 596419 0 0 0 0 0 0 0 
_1.ptx 1286 : 50745 598724 0 0 0 0 0 0 0 
_1.ptx 1288 : 50745 363480 0 0 0 0 0 0 0 
_1.ptx 1289 : 50745 591328 0 0 0 0 0 0 0 
_1.ptx 1290 : 50745 612880 0 0 0 0 0 0 0 
_1.ptx 1291 : 50745 466465 0 0 0 0 0 0 0 
_1.ptx 1292 : 50745 636850 0 0 0 0 0 0 0 
_1.ptx 1293 : 50745 413958 0 0 0 0 0 0 0 
_1.ptx 1294 : 50745 499660 0 0 0 0 0 0 0 
_1.ptx 1295 : 50745 366702 0 0 0 0 0 0 0 
_1.ptx 1296 : 50745 495311 0 0 0 0 0 0 0 
_1.ptx 1297 : 50745 358170 0 0 0 0 0 0 0 
_1.ptx 1298 : 50745 490244 0 0 0 0 0 0 0 
_1.ptx 1299 : 50745 355286 0 0 0 0 0 0 0 
_1.ptx 1300 : 50745 489740 0 0 0 0 0 0 0 
_1.ptx 1301 : 50745 599769 0 0 0 0 0 0 0 
_1.ptx 1303 : 50745 417111 0 0 0 0 0 0 0 
_1.ptx 1304 : 50745 593714 0 0 0 0 0 0 0 
_1.ptx 1305 : 50745 585429 0 0 0 0 0 0 0 
_1.ptx 1307 : 50745 381369 0 0 0 0 0 0 0 
_1.ptx 1308 : 50745 392347 0 0 0 0 0 0 0 
_1.ptx 1309 : 50745 399631 0 0 0 0 0 0 0 
_1.ptx 1310 : 50745 350835 0 0 0 0 0 0 0 
_1.ptx 1311 : 50745 422100 0 0 0 0 0 0 0 
_1.ptx 1312 : 50745 331089 0 0 0 0 0 0 0 
_1.ptx 1321 : 50745 399915 0 0 0 0 0 0 0 
_1.ptx 1322 : 50745 354887 0 0 0 0 0 0 0 
_1.ptx 1323 : 50745 581191 0 0 0 0 0 0 0 
_1.ptx 1324 : 50745 400330 0 0 0 0 0 0 0 
_1.ptx 1325 : 50745 357753 0 0 0 0 0 0 0 
_1.ptx 1326 : 50745 355900 0 0 0 0 0 0 0 
_1.ptx 1327 : 50745 2600282 0 0 0 0 0 0 0 
_1.ptx 1328 : 50745 315170 0 0 0 0 0 0 0 
_1.ptx 1329 : 50745 325819 0 0 0 0 0 0 0 
_1.ptx 1330 : 50745 475526 0 0 0 0 0 0 0 
_1.ptx 1331 : 50745 481138 0 0 0 0 0 0 0 
_1.ptx 1332 : 50745 342101 0 0 0 0 0 0 0 
_1.ptx 1333 : 50745 617889 0 0 0 0 0 0 0 
_1.ptx 1334 : 50745 3620449 0 0 0 0 0 0 0 
_1.ptx 1335 : 50745 593602 0 0 0 0 0 0 0 
_1.ptx 1336 : 50745 327940 0 0 0 0 0 0 0 
_1.ptx 1337 : 50745 433172 0 0 0 0 0 0 0 
_1.ptx 1338 : 50745 473333 0 0 0 0 0 0 0 
_1.ptx 1339 : 50745 329331 0 0 0 0 0 0 0 
_1.ptx 1340 : 50745 428831 0 0 0 0 0 0 0 
_1.ptx 1341 : 50745 470175 0 0 0 0 0 0 0 
_1.ptx 1343 : 50745 382199 0 0 0 0 0 0 0 
_1.ptx 1344 : 50745 324883 0 0 0 0 0 0 0 
_1.ptx 1345 : 50745 432743 0 0 0 0 0 0 0 
_1.ptx 1346 : 50745 0 0 0 0 0 0 0 0 
_1.ptx 1348 : 50745 482256 0 0 0 0 0 0 0 
_1.ptx 1351 : 50745 419330 0 0 0 0 0 0 0 
_1.ptx 1352 : 50745 366984 0 0 0 0 0 0 0 
_1.ptx 1353 : 50745 414450 0 0 0 0 0 0 0 
_1.ptx 1354 : 50745 418354 0 0 0 0 0 0 0 
_1.ptx 1355 : 50745 373606 0 0 0 0 0 0 0 
_1.ptx 1356 : 50745 608714 0 0 0 0 0 0 0 
_1.ptx 1357 : 50745 602932 0 0 0 0 0 0 0 
_1.ptx 1358 : 50745 420482 0 0 0 0 0 0 0 
_1.ptx 1359 : 50745 366329 0 0 0 0 0 0 0 
_1.ptx 1360 : 50745 441092 0 0 0 0 0 0 0 
_1.ptx 1361 : 50745 397324 0 0 0 0 0 0 0 
_1.ptx 1362 : 50745 430114 0 0 0 0 0 0 0 
_1.ptx 1363 : 50745 321019 0 0 0 0 0 0 0 
_1.ptx 1364 : 50745 423362 0 0 0 0 0 0 0 
_1.ptx 1365 : 50745 333368 0 0 0 0 0 0 0 
_1.ptx 1372 : 50745 394083 0 0 0 0 0 0 0 
_1.ptx 1375 : 50745 351981 0 0 0 0 0 0 0 
_1.ptx 1376 : 50745 576359 0 0 0 0 0 0 0 
_1.ptx 1377 : 50745 579863 0 0 0 0 0 0 0 
_1.ptx 1378 : 50745 570600 0 0 0 0 0 0 0 
_1.ptx 1380 : 50745 571150 0 0 0 0 0 0 0 
_1.ptx 1381 : 50745 690192 0 0 0 0 0 0 0 
_1.ptx 1383 : 50745 581647 0 0 0 0 0 0 0 
_1.ptx 1384 : 50745 852311 128 0 0 0 0 0 0 
_1.ptx 1388 : 62282 711830 0 0 0 0 0 0 0 
_1.ptx 1389 : 62282 737182 0 0 0 0 0 0 0 
_1.ptx 1390 : 62282 730364 0 0 0 0 0 0 0 
_1.ptx 1391 : 62282 769103 0 0 0 0 0 0 0 
_1.ptx 1392 : 62282 744457 0 0 0 0 0 0 0 
_1.ptx 1393 : 62282 785386 0 0 0 0 0 0 0 
_1.ptx 1395 : 62282 746200 0 0 0 0 0 0 0 
_1.ptx 1396 : 62282 769656 0 0 0 0 0 0 0 
_1.ptx 1397 : 62282 761142 0 0 0 0 0 0 0 
_1.ptx 1398 : 62282 819108 0 0 0 0 0 0 0 
_1.ptx 1399 : 62282 635863 0 0 0 0 0 0 0 
_1.ptx 1400 : 62282 619721 0 0 0 0 0 0 0 
_1.ptx 1401 : 62282 2321317 0 0 0 0 0 0 0 
_1.ptx 1402 : 62282 751124 0 0 0 0 0 0 0 
_1.ptx 1403 : 62282 753381 0 0 0 0 0 0 0 
_1.ptx 1404 : 62282 760545 0 0 0 0 0 0 0 
_1.ptx 1405 : 62282 502064 0 0 0 0 0 0 0 
_1.ptx 1406 : 62282 503387 0 0 0 0 0 0 0 
_1.ptx 1408 : 62282 435749 0 0 0 0 0 0 0 
_1.ptx 1409 : 62282 597289 0 0 0 0 0 0 0 
_1.ptx 1410 : 62282 428975 0 0 0 0 0 0 0 
_1.ptx 1411 : 62282 605471 0 0 0 0 0 0 0 
_1.ptx 1412 : 62282 443218 0 0 0 0 0 0 0 
_1.ptx 1413 : 62282 605150 0 0 0 0 0 0 0 
_1.ptx 1416 : 127467 1410193 0 0 0 0 0 0 0 
_1.ptx 1417 : 127467 937254 0 0 0 0 0 0 0 
_1.ptx 1418 : 127467 1112539 0 0 0 0 0 0 0 
_1.ptx 1419 : 127467 6883 0 0 0 0 0 0 0 
_1.ptx 1420 : 126435 1088742 0 0 0 0 0 0 0 
_1.ptx 1421 : 126435 421254 0 0 0 0 0 0 550 
_1.ptx 1424 : 65536 714944 0 0 0 0 0 0 0 
_1.ptx 1425 : 65536 516672 0 0 0 0 0 0 0 
_1.ptx 1426 : 65536 426144 0 0 0 0 0 0 0 
_1.ptx 1427 : 65536 550976 0 0 0 0 0 0 0 
_1.ptx 604 : 65536 408448 0 0 0 0 0 0 0 
_1.ptx 1428 : 65536 362789 0 0 0 0 0 0 218 
_1.ptx 605 : 65536 499104 38528 0 0 0 0 0 0 
_1.ptx 1429 : 10434 78871 0 0 0 0 0 0 0 
_1.ptx 606 : 65536 405888 0 0 0 0 0 0 0 
_1.ptx 1430 : 10434 78648 0 0 0 0 0 0 0 
_1.ptx 607 : 65536 1298400 38784 0 0 0 0 0 0 
_1.ptx 1431 : 10434 117293 0 0 0 0 0 0 0 
_1.ptx 608 : 65536 404768 0 0 0 0 0 0 0 
_1.ptx 1432 : 10434 119735 0 0 0 0 0 0 0 
_1.ptx 609 : 65536 1531360 38784 0 0 0 0 0 0 
_1.ptx 1433 : 10434 81579 0 0 0 0 0 0 0 
_1.ptx 610 : 65536 409344 0 0 0 0 0 0 0 
_1.ptx 611 : 65536 2294112 38912 0 0 0 0 0 0 
_1.ptx 612 : 65536 409696 0 0 0 0 0 0 0 
_1.ptx 613 : 65536 1753920 49408 0 0 0 0 0 0 
_1.ptx 1437 : 15923 2516583 16896 0 0 0 0 0 0 
_1.ptx 614 : 65536 409952 0 0 0 0 0 0 0 
_1.ptx 1438 : 15923 2387009 10112 0 0 0 0 0 0 
_1.ptx 615 : 65536 1902912 49792 0 0 0 0 0 0 
_1.ptx 1439 : 15923 2737461 13056 0 0 0 0 0 0 
_1.ptx 616 : 65536 409504 0 0 0 0 0 0 0 
_1.ptx 1440 : 15923 2554155 128 0 0 0 0 0 0 
_1.ptx 617 : 65536 2067328 55808 0 0 0 0 0 0 
_1.ptx 1441 : 15923 2423724 128 0 0 0 0 0 0 
_1.ptx 618 : 65536 411328 0 0 0 0 0 0 0 
_1.ptx 1442 : 15923 2655818 256 0 0 0 0 0 0 
_1.ptx 619 : 65536 2127264 45824 0 0 0 0 0 0 
_1.ptx 1443 : 15923 2840891 17408 0 0 0 0 0 0 
_1.ptx 620 : 65536 411136 0 0 0 0 0 0 0 
_1.ptx 1444 : 15923 2710076 128 0 0 0 0 0 0 
_1.ptx 621 : 65536 2319584 54144 0 0 0 0 0 0 
_1.ptx 1445 : 15923 100816 0 0 0 0 0 0 0 
_1.ptx 622 : 65536 410368 0 0 0 0 0 0 0 
_1.ptx 1446 : 15923 147810 0 0 0 0 0 0 0 
_1.ptx 623 : 65536 3047648 57088 0 0 0 0 0 0 
_1.ptx 1447 : 15923 141490 0 0 0 0 0 0 0 
_1.ptx 624 : 65536 409056 0 0 0 0 0 0 0 
_1.ptx 1448 : 15923 102358 0 0 0 0 0 0 0 
_1.ptx 625 : 65536 2803456 53504 0 0 0 0 0 0 
_1.ptx 1449 : 15923 147895 0 0 0 0 0 0 0 
_1.ptx 626 : 65536 414912 0 0 0 0 0 0 0 
_1.ptx 1450 : 15923 133770 768 0 0 0 0 0 0 
_1.ptx 627 : 65536 1772224 57984 0 0 0 0 0 0 
_1.ptx 1451 : 15923 101762 0 0 0 0 0 0 0 
_1.ptx 628 : 65536 412448 0 0 0 0 0 0 0 
_1.ptx 1452 : 15923 147843 0 0 0 0 0 0 0 
_1.ptx 629 : 65536 1819264 59264 0 0 0 0 0 0 
_1.ptx 1453 : 15923 130457 384 0 0 0 0 0 0 
_1.ptx 630 : 65536 411872 0 0 0 0 0 0 0 
_1.ptx 1454 : 15923 100698 0 0 0 0 0 0 0 
_1.ptx 631 : 65536 1880416 58240 0 0 0 0 0 0 
_1.ptx 1455 : 15923 148248 0 0 0 0 0 0 0 
_1.ptx 632 : 65536 411488 0 0 0 0 0 0 0 
_1.ptx 1456 : 15923 124063 256 0 0 0 0 0 0 
_1.ptx 633 : 65536 2040640 63104 0 0 0 0 0 0 
_1.ptx 1457 : 15923 166080 0 0 0 0 0 0 0 
_1.ptx 634 : 65536 411296 0 0 0 0 0 0 0 
_1.ptx 1458 : 15923 166084 0 0 0 0 0 0 0 
_1.ptx 635 : 65536 2364800 51840 0 0 0 0 0 0 
_1.ptx 1459 : 15923 107490 0 0 0 0 0 0 0 
_1.ptx 636 : 65536 410784 0 0 0 0 0 0 0 
_1.ptx 1460 : 15923 134248 0 0 0 0 0 0 0 
_1.ptx 637 : 65536 2332128 64000 0 0 0 0 0 0 
_1.ptx 1461 : 15923 35478 0 0 0 0 0 0 386 
_1.ptx 638 : 65536 415424 0 0 0 0 0 0 0 
_1.ptx 639 : 65536 2327712 55552 0 0 0 0 0 0 
_1.ptx 640 : 65536 413984 0 0 0 0 0 0 0 
_1.ptx 1464 : 65536 14772192 18176 0 0 4096 2048 0 0 
_1.ptx 641 : 65536 2317376 66304 0 0 0 0 0 0 
_1.ptx 1465 : 65536 5593664 128 0 0 0 0 0 0 
_1.ptx 642 : 65536 414624 0 0 0 0 0 0 0 
_1.ptx 1466 : 65536 486432 0 0 0 0 0 0 0 
_1.ptx 643 : 65536 1687200 70272 0 0 0 0 0 0 
_1.ptx 1467 : 65536 425568 0 0 0 0 0 0 0 
_1.ptx 644 : 65536 414848 0 0 0 0 0 0 0 
_1.ptx 1468 : 65536 739296 0 0 0 0 0 0 0 
_1.ptx 645 : 65536 421440 0 0 0 0 0 0 0 
_1.ptx 1469 : 65536 485184 0 0 0 0 0 0 0 
_1.ptx 646 : 65536 549376 0 0 0 0 0 0 0 
_1.ptx 1470 : 65536 5153408 384 0 0 0 0 0 0 
_1.ptx 647 : 65536 417088 0 0 0 0 0 0 0 
_1.ptx 1471 : 65536 487584 0 0 0 0 0 0 0 
_1.ptx 648 : 65536 423168 0 0 0 0 0 0 0 
_1.ptx 1472 : 65536 421984 0 0 0 0 0 0 0 
_1.ptx 649 : 65536 546464 0 0 0 0 0 0 0 
_1.ptx 1473 : 65536 737632 0 0 0 0 0 0 0 
_1.ptx 650 : 65536 423200 0 0 0 0 0 0 0 
_1.ptx 1474 : 65536 487328 0 0 0 0 0 0 0 
_1.ptx 651 : 65536 737504 0 0 0 0 0 0 0 
_1.ptx 1475 : 65536 485920 0 0 0 0 0 0 0 
_1.ptx 652 : 65536 417952 0 0 0 0 0 0 0 
_1.ptx 1476 : 65536 541728 0 0 0 0 0 0 0 
_1.ptx 653 : 65536 735264 0 0 0 0 0 0 0 
_1.ptx 1477 : 65536 4179392 0 0 0 0 0 0 0 
_1.ptx 654 : 65536 2362816 128 0 0 0 0 0 0 
_1.ptx 1478 : 65536 487616 0 0 0 0 0 0 0 
_1.ptx 655 : 65536 2130688 0 0 0 0 0 0 0 
_1.ptx 1479 : 65536 423872 0 0 0 0 0 0 0 
_1.ptx 656 : 65536 543232 0 0 0 0 0 0 0 
_1.ptx 1480 : 65536 742656 0 0 0 0 0 0 0 
_1.ptx 657 : 65536 487200 0 0 0 0 0 0 0 
_1.ptx 1481 : 65536 490656 0 0 0 0 0 0 0 
_1.ptx 658 : 65536 545696 0 0 0 0 0 0 0 
_1.ptx 1482 : 65536 486112 0 0 0 0 0 0 0 
_1.ptx 659 : 65536 490080 0 0 0 0 0 0 0 
_1.ptx 1483 : 65536 4659104 0 0 0 0 0 0 0 
_1.ptx 660 : 65536 551456 0 0 0 0 0 0 0 
_1.ptx 1484 : 65536 492992 0 0 0 0 0 0 0 
_1.ptx 661 : 65536 424640 0 0 0 0 0 0 0 
_1.ptx 1485 : 65536 429792 0 0 0 0 0 0 0 
_1.ptx 662 : 65536 547008 0 0 0 0 0 0 0 
_1.ptx 1486 : 65536 740064 0 0 0 0 0 0 0 
_1.ptx 663 : 65536 0 0 0 0 0 0 0 0 
_1.ptx 1487 : 65536 487680 0 0 0 0 0 0 0 
_1.ptx 1488 : 65536 487360 0 0 0 0 0 0 0 
_1.ptx 665 : 65536 809728 0 0 0 0 0 0 0 
_1.ptx 1489 : 65536 543776 0 0 0 0 0 0 0 
_1.ptx 666 : 65536 886528 0 0 0 0 0 0 0 
_1.ptx 1490 : 65536 542144 0 0 0 0 0 0 0 
_1.ptx 667 : 65536 736992 0 0 0 0 0 0 0 
_1.ptx 1491 : 65536 735648 0 0 0 0 0 0 0 
_1.ptx 668 : 65536 491104 0 0 0 0 0 0 0 
_1.ptx 1492 : 65536 510848 0 0 0 4096 2048 0 0 
_1.ptx 669 : 65536 725504 0 0 0 0 0 0 0 
_1.ptx 670 : 65536 741184 0 0 0 0 0 0 0 
_1.ptx 671 : 65536 426912 0 0 0 0 0 0 0 
_1.ptx 1495 : 65536 410880 0 0 0 0 0 0 0 
_1.ptx 672 : 65536 1929248 173440 0 0 4096 2048 0 0 
_1.ptx 674 : 65536 3947232 128 0 0 0 0 0 0 
_1.ptx 675 : 65536 3639008 0 0 0 0 0 0 0 
_1.ptx 676 : 65536 834272 0 0 0 0 0 0 0 
_1.ptx 678 : 65536 560096 0 0 0 0 0 0 0 
_1.ptx 679 : 65536 671872 0 0 0 0 0 0 0 
_1.ptx 680 : 65536 749152 0 0 0 0 0 0 0 
_1.ptx 681 : 65536 1348288 0 0 0 0 0 0 0 
_1.ptx 682 : 65536 543648 0 0 0 0 0 0 0 
_1.ptx 683 : 65536 533088 0 0 0 0 0 0 0 
_1.ptx 684 : 65536 780032 0 0 0 0 0 0 0 
_1.ptx 685 : 65536 762208 0 0 0 0 0 0 0 
_1.ptx 686 : 65536 588160 0 0 0 0 0 0 0 
_1.ptx 687 : 65536 768256 0 0 0 0 0 0 0 
_1.ptx 688 : 65536 521248 0 0 0 0 0 0 0 
_1.ptx 689 : 65536 520640 0 0 0 0 0 0 0 
_1.ptx 690 : 65536 520800 0 0 0 0 0 0 0 
_1.ptx 691 : 65536 448608 0 0 0 0 0 0 0 
_1.ptx 692 : 65536 3149984 0 0 0 0 0 0 0 
_1.ptx 693 : 65536 430848 0 0 0 0 0 0 0 
_1.ptx 694 : 65536 751232 0 0 0 0 0 0 0 
_1.ptx 695 : 65536 757504 0 0 0 0 0 0 0 
_1.ptx 696 : 65536 440928 0 0 0 0 0 0 0 
_1.ptx 697 : 65536 751648 0 0 0 0 0 0 0 
_1.ptx 698 : 65536 745088 0 0 0 0 0 0 0 
_1.ptx 699 : 65536 777440 0 0 0 0 0 0 0 
_1.ptx 700 : 65536 742080 0 0 0 0 0 0 0 
_1.ptx 701 : 65536 604736 0 0 0 0 0 0 0 
_1.ptx 702 : 65536 741920 0 0 0 0 0 0 0 
_1.ptx 703 : 65536 725216 0 0 0 0 0 0 0 
_1.ptx 704 : 65536 742848 0 0 0 0 0 0 0 
_1.ptx 705 : 65536 547584 0 0 0 0 0 0 0 
_1.ptx 706 : 65536 742656 0 0 0 0 0 0 0 
_1.ptx 707 : 65536 566048 0 0 0 0 0 0 0 
_1.ptx 708 : 65536 741184 0 0 0 0 0 0 0 
_1.ptx 709 : 65536 547840 0 0 0 0 0 0 0 
_1.ptx 710 : 65536 760544 0 0 0 0 0 0 0 
_1.ptx 711 : 65536 770944 0 0 0 0 0 0 0 
_1.ptx 712 : 65536 782752 0 0 0 0 0 0 0 
_1.ptx 713 : 65536 790400 0 0 0 0 0 0 0 
_1.ptx 714 : 65536 795744 0 0 0 0 0 0 0 
_1.ptx 715 : 65536 802912 0 0 0 0 0 0 0 
_1.ptx 716 : 65536 817824 0 0 0 0 0 0 0 
_1.ptx 717 : 65536 800800 0 0 0 0 0 0 0 
_1.ptx 718 : 65536 793728 0 0 0 0 0 0 0 
_1.ptx 719 : 65536 792768 0 0 0 0 0 0 0 
_1.ptx 720 : 65536 781888 0 0 0 0 0 0 0 
_1.ptx 721 : 65536 786688 0 0 0 0 0 0 0 
_1.ptx 722 : 65536 783200 0 0 0 0 0 0 0 
_1.ptx 723 : 65536 793216 0 0 0 0 0 0 0 
_1.ptx 724 : 65536 646368 0 0 0 0 0 0 0 
_1.ptx 725 : 65536 620320 0 0 0 0 0 0 0 
_1.ptx 726 : 65536 1802496 0 0 0 0 0 0 0 
_1.ptx 727 : 65536 766624 0 0 0 0 0 0 0 
_1.ptx 728 : 65536 763744 0 0 0 0 0 0 0 
_1.ptx 729 : 65536 775200 0 0 0 0 0 0 0 
_1.ptx 731 : 65536 454272 0 0 0 0 0 0 0 
_1.ptx 733 : 65536 502464 0 0 0 0 0 0 0 
_1.ptx 734 : 65536 516064 0 0 0 0 0 0 0 
_1.ptx 735 : 65536 499264 0 0 0 0 0 0 0 
_1.ptx 736 : 65536 493952 0 0 0 0 0 0 0 
_1.ptx 738 : 127467 1008559 0 0 0 0 0 0 0 
_1.ptx 739 : 127467 884905 0 0 0 0 0 0 0 
_1.ptx 740 : 127467 851680 0 0 0 0 0 0 0 
_1.ptx 744 : 509868 4580588 128 0 0 17236 17236 0 0 
_1.ptx 745 : 509868 4188491 0 0 0 17236 17236 0 0 
_1.ptx 746 : 509868 5320675 128 0 0 17236 17236 0 0 
_1.ptx 747 : 509868 3850250 0 0 0 17236 17236 0 0 
_1.ptx 748 : 509868 3514155 0 0 0 17236 17236 0 0 
_1.ptx 749 : 509868 3448124 0 0 0 0 0 0 0 
_1.ptx 750 : 509868 4426747 0 0 0 0 0 0 0 
_1.ptx 751 : 509868 2729333 0 0 0 0 0 0 0 
_1.ptx 753 : 127467 986647 0 0 0 0 0 0 0 
_1.ptx 754 : 127467 874196 0 0 0 0 0 0 0 
_1.ptx 755 : 127467 1089013 0 0 0 0 0 0 0 
_1.ptx 756 : 127467 866093 0 0 0 0 0 0 0 
_1.ptx 761 : 127467 1450639 0 0 0 0 0 0 0 
_1.ptx 762 : 127467 6179579 0 0 0 0 0 0 0 
_1.ptx 763 : 127467 844317 0 0 0 0 0 0 0 
_1.ptx 764 : 127467 857855 0 0 0 0 0 0 0 
_1.ptx 765 : 127467 1090228 0 0 0 0 0 0 0 
_1.ptx 766 : 127467 1210724 0 0 0 0 0 0 0 
_1.ptx 769 : 127467 1014535 0 0 0 0 0 0 0 
_1.ptx 770 : 127467 896738 0 0 0 0 0 0 0 
_1.ptx 773 : 382401 4493010 0 0 0 0 0 0 0 
_1.ptx 774 : 382401 1343441 0 0 0 0 0 0 0 
_1.ptx 775 : 382401 4538325 0 0 0 0 0 0 0 
_1.ptx 776 : 382401 4534131 0 0 0 0 0 0 0 
_1.ptx 777 : 382401 4562869 0 0 0 0 0 0 0 
_1.ptx 778 : 382401 4578824 0 0 0 0 0 0 0 
_1.ptx 779 : 382401 4596203 0 0 0 0 0 0 0 
_1.ptx 780 : 382401 4590411 0 0 0 0 0 0 0 
_1.ptx 781 : 382401 3751302 0 0 0 0 0 0 0 
_1.ptx 782 : 382401 3841380 0 0 0 0 0 0 0 
_1.ptx 783 : 382401 3742132 0 0 0 0 0 0 0 
_1.ptx 784 : 382401 3840398 0 0 0 0 0 0 0 
_1.ptx 785 : 382401 3395721 0 0 0 0 0 0 0 
_1.ptx 786 : 382401 3175418 0 0 0 0 0 0 0 
_1.ptx 787 : 382401 2781406 0 0 0 0 0 0 0 
_1.ptx 788 : 382401 3397956 0 0 0 0 0 0 0 
_1.ptx 789 : 382401 3166137 0 0 0 0 0 0 0 
_1.ptx 790 : 382401 3409700 0 0 0 0 0 0 0 
_1.ptx 791 : 382401 2793302 0 0 0 0 0 0 0 
_1.ptx 792 : 382401 3392134 0 0 0 0 0 0 0 
_1.ptx 793 : 382401 2006671 0 0 0 0 0 0 1523 
_1.ptx 794 : 105477 780657 0 0 0 0 0 0 0 
_1.ptx 795 : 105477 773758 0 0 0 0 0 0 0 
_1.ptx 797 : 276924 3274994 0 0 0 0 0 0 0 
_1.ptx 798 : 276924 3267818 0 0 0 0 0 0 0 
_1.ptx 799 : 276924 2434775 0 0 0 0 0 0 0 
_1.ptx 800 : 276924 142050 0 0 0 0 0 0 715 
_1.ptx 801 : 257599 1866059 0 0 0 0 0 0 0 
_1.ptx 802 : 257599 1890567 0 0 0 0 0 0 0 
_1.ptx 805 : 19325 226868 0 0 0 0 0 0 0 
_1.ptx 806 : 19325 322370 0 0 0 0 0 0 0 
_1.ptx 807 : 19325 226710 0 0 0 0 0 0 0 
_1.ptx 808 : 19325 231917 0 0 0 0 0 0 0 
_1.ptx 809 : 19325 186208 0 0 0 0 0 0 0 
_1.ptx 813 : 382401 3176199 0 0 0 0 0 0 0 
_1.ptx 815 : 509868 3642484 0 0 0 0 0 0 0 
_1.ptx 816 : 509868 4425296 0 0 0 0 0 0 0 
_1.ptx 817 : 509868 4104075 0 0 0 0 0 0 0 
_1.ptx 818 : 509868 4417943 0 0 0 0 0 0 0 
_1.ptx 819 : 509868 4102393 0 0 0 0 0 0 0 
_1.ptx 820 : 509868 4474397 0 0 0 0 0 0 0 
_1.ptx 821 : 509868 3573085 0 0 0 0 0 0 0 
_1.ptx 822 : 509868 4435095 0 0 0 0 0 0 0 
