kernel line : count latency dram_traffic smem_bk_conflicts smem_warp gmem_access_generated gmem_warp exposed_latency warp_divergence
_1.ptx 409 : 1885 17043 0 0 0 0 0 0 0 
_1.ptx 410 : 1885 13282 0 0 0 0 0 0 0 
_1.ptx 411 : 1885 13319 0 0 0 0 0 0 0 
_1.ptx 412 : 1885 13253 0 0 0 0 0 0 0 
_1.ptx 413 : 1885 15122 0 0 0 0 0 0 0 
_1.ptx 414 : 1885 13245 0 0 0 0 0 0 0 
_1.ptx 415 : 1885 11414 0 0 0 0 0 0 0 
_1.ptx 418 : 915 10099 0 0 0 0 0 0 0 
_1.ptx 419 : 915 5509 0 0 0 0 0 0 0 
_1.ptx 420 : 915 5520 0 0 0 0 0 0 0 
_1.ptx 421 : 915 8256 0 0 0 0 0 0 0 
_1.ptx 422 : 915 5527 0 0 0 0 0 0 0 
_1.ptx 423 : 915 8266 0 0 0 0 0 0 0 
_1.ptx 424 : 915 5551 0 0 0 0 0 0 0 
_1.ptx 425 : 915 8261 0 0 0 0 0 0 0 
_1.ptx 426 : 915 10081 0 0 0 0 0 0 0 
_1.ptx 427 : 915 8263 0 0 0 0 0 0 0 
_1.ptx 429 : 915 10962 0 0 0 0 0 0 0 
_1.ptx 430 : 915 5549 0 0 0 0 0 0 0 
_1.ptx 431 : 915 7355 0 0 0 0 0 0 0 
_1.ptx 432 : 915 8350 0 0 0 0 0 0 0 
_1.ptx 435 : 2800 20023 0 0 0 0 0 0 0 
_1.ptx 436 : 2800 17687 0 0 0 0 0 0 0 
_1.ptx 437 : 2800 42296 0 0 0 0 0 0 0 
_1.ptx 438 : 2800 20634 0 0 0 0 0 0 0 
_1.ptx 439 : 2800 97740 0 0 0 0 0 0 0 
_1.ptx 440 : 2800 28753 0 0 0 0 0 0 0 
_1.ptx 441 : 2800 31343 0 0 0 0 0 0 0 
_1.ptx 442 : 2800 20075 0 0 0 0 0 0 0 
_1.ptx 443 : 2800 28636 0 0 0 0 0 0 0 
_1.ptx 444 : 2800 31062 0 0 0 0 0 0 0 
_1.ptx 445 : 2800 194105 2848 0 0 2800 2800 0 0 
_1.ptx 447 : 2800 17329 0 0 0 0 0 0 0 
_1.ptx 464 : 280 1805 0 0 0 0 0 0 0 
_1.ptx 465 : 280 3169 0 0 0 0 0 0 0 
_1.ptx 466 : 280 2975 0 0 0 0 0 0 0 
_1.ptx 467 : 280 2012 0 0 0 0 0 0 0 
_1.ptx 468 : 280 3323 0 0 0 0 0 0 0 
_1.ptx 469 : 280 3102 0 0 0 0 0 0 0 
_1.ptx 470 : 280 54263 1280 0 0 280 280 0 0 
_1.ptx 471 : 280 1734 0 0 0 0 0 0 0 
_1.ptx 472 : 280 2943 0 0 0 0 0 0 0 
_1.ptx 473 : 280 2112 0 0 0 0 0 0 0 
_1.ptx 474 : 280 2924 0 0 0 0 0 0 0 
_1.ptx 65 : 28392 171155 0 0 0 0 0 0 0 
_1.ptx 475 : 280 2126 0 0 0 0 0 0 0 
_1.ptx 66 : 28392 514828 0 0 0 0 0 0 0 
_1.ptx 476 : 280 2067 0 0 0 0 0 0 0 
_1.ptx 67 : 28392 4876115 128 0 0 0 0 0 0 
_1.ptx 477 : 280 4148 0 0 0 0 0 0 0 
_1.ptx 68 : 28392 208812 0 0 0 0 0 0 0 
_1.ptx 69 : 28392 553630 0 0 0 0 0 0 0 
_1.ptx 70 : 28392 325997 0 0 0 0 0 0 0 
_1.ptx 71 : 28392 4154288 640 0 0 1008 1008 0 0 
_1.ptx 481 : 28000 203482 0 0 0 0 0 0 0 
_1.ptx 72 : 28392 188455 0 0 0 0 0 0 0 
_1.ptx 482 : 28000 292523 0 0 0 0 0 0 0 
_1.ptx 73 : 28392 418001 0 0 0 0 0 0 0 
_1.ptx 483 : 28000 311753 0 0 0 0 0 0 0 
_1.ptx 74 : 28392 187127 0 0 0 0 0 0 0 
_1.ptx 484 : 28000 1874889 0 0 0 28000 28000 0 0 
_1.ptx 75 : 28392 467149 0 0 0 0 0 0 0 
_1.ptx 485 : 28000 1897166 2816 0 0 28000 28000 0 0 
_1.ptx 76 : 28392 183921 0 0 0 0 0 0 0 
_1.ptx 486 : 28000 262346 0 0 0 0 0 0 0 
_1.ptx 77 : 28392 519348 0 0 0 0 0 0 0 
_1.ptx 487 : 28000 297628 0 0 0 0 0 0 0 
_1.ptx 78 : 28392 216620 0 0 0 0 0 0 0 
_1.ptx 488 : 28000 296161 0 0 0 0 0 0 0 
_1.ptx 79 : 28392 307491 0 0 0 0 0 0 0 
_1.ptx 489 : 28000 299514 0 0 0 0 0 0 0 
_1.ptx 80 : 28392 326399 0 0 0 0 0 0 0 
_1.ptx 490 : 28000 243867 0 0 0 0 0 0 0 
_1.ptx 81 : 28392 201476 0 0 0 0 0 0 0 
_1.ptx 491 : 28000 176470 0 0 0 0 0 0 0 
_1.ptx 82 : 28392 225864 0 0 0 0 0 0 0 
_1.ptx 83 : 28392 1303870 0 0 0 0 0 0 0 
_1.ptx 493 : 280 2038 0 0 0 0 0 0 0 
_1.ptx 494 : 280 1759 0 0 0 0 0 0 0 
_1.ptx 495 : 280 4236 0 0 0 0 0 0 0 
_1.ptx 496 : 280 2047 0 0 0 0 0 0 0 
_1.ptx 87 : 709800 70979561 128 0 0 0 0 0 0 
_1.ptx 497 : 280 2055 0 0 0 0 0 0 0 
_1.ptx 88 : 709800 7862728 0 0 0 0 0 0 0 
_1.ptx 498 : 280 2063 0 0 0 0 0 0 0 
_1.ptx 89 : 709800 7876929 0 0 0 0 0 0 0 
_1.ptx 499 : 280 1743 0 0 0 0 0 0 0 
_1.ptx 90 : 709800 5103616 0 0 0 0 0 0 0 
_1.ptx 500 : 280 2268 0 0 0 0 0 0 0 
_1.ptx 91 : 709800 7520070 0 0 0 0 0 0 0 
_1.ptx 501 : 280 145 0 0 0 0 0 0 0 
_1.ptx 92 : 709800 7852251 0 0 0 0 0 0 0 
_1.ptx 93 : 709800 238998150 94208 0 0 115134 25200 0 0 
_1.ptx 503 : 256 2863 0 0 0 0 0 0 0 
_1.ptx 94 : 709800 174536074 0 0 0 25200 25200 0 0 
_1.ptx 504 : 256 1590 0 0 0 0 0 0 0 
_1.ptx 95 : 709800 6419592 0 0 0 0 0 0 0 
_1.ptx 505 : 256 2847 0 0 0 0 0 0 0 
_1.ptx 96 : 709800 7134800 0 0 0 0 0 0 0 
_1.ptx 506 : 256 1835 0 0 0 0 0 0 0 
_1.ptx 97 : 709800 7191252 0 0 0 0 0 0 0 
_1.ptx 507 : 256 1593 0 0 0 0 0 0 0 
_1.ptx 98 : 709800 7172575 0 0 0 0 0 0 0 
_1.ptx 508 : 256 1587 0 0 0 0 0 0 0 
_1.ptx 99 : 709800 5730471 0 0 0 0 0 0 0 
_1.ptx 509 : 256 2321 0 0 0 0 0 0 0 
_1.ptx 100 : 709800 4133407 0 0 0 0 0 0 0 
_1.ptx 510 : 256 2331 0 0 0 0 0 0 0 
_1.ptx 511 : 256 1595 0 0 0 0 0 0 0 
_1.ptx 102 : 28392 201529 0 0 0 0 0 0 0 
_1.ptx 512 : 256 2837 0 0 0 0 0 0 0 
_1.ptx 103 : 28392 176140 0 0 0 0 0 0 0 
_1.ptx 104 : 28392 426213 0 0 0 0 0 0 0 
_1.ptx 514 : 256 3744 0 0 0 0 0 0 0 
_1.ptx 105 : 28392 200100 0 0 0 0 0 0 0 
_1.ptx 515 : 256 4123 0 0 0 0 0 0 0 
_1.ptx 106 : 28392 200288 0 0 0 0 0 0 0 
_1.ptx 516 : 256 2908 0 0 0 0 0 0 0 
_1.ptx 107 : 28392 224679 0 0 0 0 0 0 0 
_1.ptx 108 : 28392 172799 0 0 0 0 0 0 0 
_1.ptx 518 : 256 1667 0 0 0 0 0 0 0 
_1.ptx 109 : 28392 227721 0 0 0 0 0 0 0 
_1.ptx 519 : 256 1715 0 0 0 0 0 0 0 
_1.ptx 110 : 28392 111232 0 0 0 0 0 0 862 
_1.ptx 520 : 256 1747 0 0 0 0 0 0 0 
_1.ptx 521 : 256 1687 0 0 0 0 0 0 0 
_1.ptx 112 : 9895 109092 0 0 0 0 0 0 0 
_1.ptx 522 : 256 2861 0 0 0 0 0 0 0 
_1.ptx 113 : 9895 59481 0 0 0 0 0 0 0 
_1.ptx 523 : 256 11927 0 0 0 0 0 0 0 
_1.ptx 114 : 9895 108985 0 0 0 0 0 0 0 
_1.ptx 524 : 256 2852 0 0 0 0 0 0 0 
_1.ptx 115 : 9895 69653 0 0 0 0 0 0 0 
_1.ptx 525 : 256 1613 0 0 0 0 0 0 0 
_1.ptx 116 : 9895 59562 0 0 0 0 0 0 0 
_1.ptx 526 : 256 2077 0 0 0 0 0 0 0 
_1.ptx 117 : 9895 59649 0 0 0 0 0 0 0 
_1.ptx 527 : 256 2335 0 0 0 0 0 0 0 
_1.ptx 118 : 9895 89451 0 0 0 0 0 0 0 
_1.ptx 528 : 256 1825 0 0 0 0 0 0 0 
_1.ptx 119 : 9895 89685 0 0 0 0 0 0 0 
_1.ptx 529 : 256 1841 0 0 0 0 0 0 0 
_1.ptx 120 : 9895 60241 0 0 0 0 0 0 0 
_1.ptx 530 : 256 1837 0 0 0 0 0 0 0 
_1.ptx 121 : 9895 109125 0 0 0 0 0 0 0 
_1.ptx 531 : 256 2070 0 0 0 0 0 0 0 
_1.ptx 532 : 256 1820 0 0 0 0 0 0 0 
_1.ptx 123 : 9895 140381 0 0 0 0 0 0 0 
_1.ptx 533 : 256 1593 0 0 0 0 0 0 0 
_1.ptx 124 : 9895 145190 0 0 0 0 0 0 0 
_1.ptx 125 : 9895 109122 0 0 0 0 0 0 0 
_1.ptx 536 : 24 267 0 0 0 0 0 0 0 
_1.ptx 127 : 9895 59587 0 0 0 0 0 0 0 
_1.ptx 537 : 24 144 0 0 0 0 0 0 0 
_1.ptx 128 : 9895 59572 0 0 0 0 0 0 0 
_1.ptx 538 : 24 145 0 0 0 0 0 0 0 
_1.ptx 129 : 9895 59862 0 0 0 0 0 0 0 
_1.ptx 539 : 24 217 0 0 0 0 0 0 0 
_1.ptx 130 : 9895 59604 0 0 0 0 0 0 0 
_1.ptx 540 : 24 146 0 0 0 0 0 0 0 
_1.ptx 131 : 9895 109037 0 0 0 0 0 0 0 
_1.ptx 541 : 24 218 0 0 0 0 0 0 0 
_1.ptx 132 : 9895 455760 0 0 0 0 0 0 0 
_1.ptx 542 : 24 144 0 0 0 0 0 0 0 
_1.ptx 133 : 9895 109130 0 0 0 0 0 0 0 
_1.ptx 543 : 24 220 0 0 0 0 0 0 0 
_1.ptx 134 : 9895 59663 0 0 0 0 0 0 0 
_1.ptx 544 : 24 264 0 0 0 0 0 0 0 
_1.ptx 135 : 9895 79417 0 0 0 0 0 0 0 
_1.ptx 545 : 24 218 0 0 0 0 0 0 0 
_1.ptx 136 : 9895 89197 0 0 0 0 0 0 0 
_1.ptx 137 : 9895 69610 0 0 0 0 0 0 0 
_1.ptx 547 : 24 288 0 0 0 0 0 0 0 
_1.ptx 138 : 9895 69630 0 0 0 0 0 0 0 
_1.ptx 548 : 24 145 0 0 0 0 0 0 0 
_1.ptx 139 : 9895 69649 0 0 0 0 0 0 0 
_1.ptx 549 : 24 192 0 0 0 0 0 0 0 
_1.ptx 140 : 9895 79397 0 0 0 0 0 0 0 
_1.ptx 550 : 24 220 0 0 0 0 0 0 0 
_1.ptx 141 : 9895 69623 0 0 0 0 0 0 0 
_1.ptx 142 : 9895 59637 0 0 0 0 0 0 0 
_1.ptx 553 : 280 2016 0 0 0 0 0 0 0 
_1.ptx 554 : 280 1805 0 0 0 0 0 0 0 
_1.ptx 145 : 18497 204001 0 0 0 0 0 0 0 
_1.ptx 555 : 280 4316 0 0 0 0 0 0 0 
_1.ptx 146 : 18497 111132 0 0 0 0 0 0 0 
_1.ptx 556 : 280 2097 0 0 0 0 0 0 0 
_1.ptx 147 : 18497 111336 0 0 0 0 0 0 0 
_1.ptx 557 : 280 3039 0 0 0 0 0 0 0 
_1.ptx 148 : 18497 166833 0 0 0 0 0 0 0 
_1.ptx 558 : 280 2874 0 0 0 0 0 0 0 
_1.ptx 149 : 18497 111374 0 0 0 0 0 0 0 
_1.ptx 559 : 280 3131 0 0 0 0 0 0 0 
_1.ptx 150 : 18497 166832 0 0 0 0 0 0 0 
_1.ptx 560 : 280 2021 0 0 0 0 0 0 0 
_1.ptx 151 : 18497 111298 0 0 0 0 0 0 0 
_1.ptx 561 : 280 2921 0 0 0 0 0 0 0 
_1.ptx 152 : 18497 166629 0 0 0 0 0 0 0 
_1.ptx 562 : 280 3097 0 0 0 0 0 0 0 
_1.ptx 153 : 18497 203517 0 0 0 0 0 0 0 
_1.ptx 563 : 280 7070 608 0 0 280 280 0 0 
_1.ptx 154 : 18497 167251 0 0 0 0 0 0 0 
_1.ptx 565 : 280 1710 0 0 0 0 0 0 0 
_1.ptx 156 : 18497 220497 0 0 0 0 0 0 0 
_1.ptx 157 : 18497 112069 0 0 0 0 0 0 0 
_1.ptx 158 : 18497 148211 0 0 0 0 0 0 0 
_1.ptx 159 : 18497 166977 0 0 0 0 0 0 0 
_1.ptx 162 : 28392 200927 0 0 0 0 0 0 0 
_1.ptx 163 : 28392 174372 0 0 0 0 0 0 0 
_1.ptx 164 : 28392 426634 0 0 0 0 0 0 0 
_1.ptx 165 : 28392 199780 0 0 0 0 0 0 0 
_1.ptx 166 : 28392 2123644 0 0 0 0 0 0 0 
_1.ptx 167 : 28392 285627 0 0 0 0 0 0 0 
_1.ptx 168 : 28392 288896 0 0 0 0 0 0 0 
_1.ptx 169 : 28392 314409 0 0 0 0 0 0 0 
_1.ptx 170 : 28392 313568 0 0 0 0 0 0 0 
_1.ptx 171 : 28392 291517 0 0 0 0 0 0 0 
_1.ptx 172 : 28392 313029 0 0 0 0 0 0 0 
_1.ptx 173 : 28392 200919 0 0 0 0 0 0 0 
_1.ptx 174 : 28392 288151 0 0 0 0 0 0 0 
_1.ptx 175 : 28392 313125 0 0 0 0 0 0 0 
_1.ptx 176 : 28392 3531608 80320 0 0 1860 1008 0 0 
_1.ptx 178 : 28392 171723 0 0 0 0 0 0 0 
_1.ptx 196 : 35000 210125 0 0 0 0 0 0 0 
_1.ptx 197 : 35000 358550 0 0 0 0 0 0 0 
_1.ptx 198 : 35000 4814525 0 0 0 0 0 0 0 
_1.ptx 199 : 35000 245825 0 0 0 0 0 0 0 
_1.ptx 200 : 35000 362675 0 0 0 0 0 0 0 
_1.ptx 201 : 35000 386050 0 0 0 0 0 0 0 
_1.ptx 202 : 35000 12554875 6400 0 0 1400 1400 0 0 
_1.ptx 203 : 35000 210700 0 0 0 0 0 0 0 
_1.ptx 204 : 35000 359225 0 0 0 0 0 0 0 
_1.ptx 205 : 35000 210375 0 0 0 0 0 0 0 
_1.ptx 206 : 35000 367900 0 0 0 0 0 0 0 
_1.ptx 207 : 35000 210400 0 0 0 0 0 0 0 
_1.ptx 208 : 35000 355025 0 0 0 0 0 0 0 
_1.ptx 209 : 35000 387975 0 0 0 0 0 0 0 
_1.ptx 210 : 35000 250825 0 0 0 0 0 0 0 
_1.ptx 211 : 35000 356725 0 0 0 0 0 0 0 
_1.ptx 212 : 35000 219450 0 0 0 0 0 0 0 
_1.ptx 213 : 35000 253475 0 0 0 0 0 0 0 
_1.ptx 214 : 35000 4943450 0 0 0 0 0 0 0 
_1.ptx 218 : 875000 129288200 128 0 0 0 0 0 0 
_1.ptx 219 : 875000 9646575 0 0 0 0 0 0 0 
_1.ptx 220 : 875000 9640600 0 0 0 0 0 0 0 
_1.ptx 221 : 875000 6141325 0 0 0 0 0 0 0 
_1.ptx 222 : 875000 8883325 0 0 0 0 0 0 0 
_1.ptx 223 : 875000 9638100 0 0 0 0 0 0 0 
_1.ptx 224 : 875000 323343600 0 0 0 157500 35000 0 0 
_1.ptx 225 : 875000 304410850 0 0 0 35000 35000 0 0 
_1.ptx 226 : 875000 7878475 0 0 0 0 0 0 0 
_1.ptx 228 : 875000 248733850 7936 0 0 35000 35000 0 0 
_1.ptx 229 : 875000 327727000 0 0 0 157500 35000 0 0 
_1.ptx 230 : 875000 7879525 0 0 0 0 0 0 0 
_1.ptx 232 : 875000 257559100 0 0 0 35000 35000 0 0 
_1.ptx 233 : 875000 324761175 0 0 0 157400 35000 0 0 
_1.ptx 234 : 875000 7879075 0 0 0 0 0 0 0 
_1.ptx 236 : 875000 256199375 8832 0 0 35000 35000 0 0 
_1.ptx 237 : 875000 323462775 0 0 0 157500 35000 0 0 
_1.ptx 238 : 875000 7879975 0 0 0 0 0 0 0 
_1.ptx 240 : 875000 255474650 0 0 0 35000 35000 0 0 
_1.ptx 241 : 875000 322260475 0 0 0 157550 35000 0 0 
_1.ptx 242 : 875000 7878900 0 0 0 0 0 0 0 
_1.ptx 244 : 875000 254913800 8064 0 0 35000 35000 0 0 
_1.ptx 245 : 875000 324415525 0 0 0 157550 35000 0 0 
_1.ptx 246 : 875000 7893875 0 0 0 0 0 0 0 
_1.ptx 247 : 875000 8795975 0 0 0 0 0 0 0 
_1.ptx 248 : 875000 8774000 0 0 0 0 0 0 0 
_1.ptx 249 : 875000 8774250 0 0 0 0 0 0 0 
_1.ptx 250 : 875000 7021150 0 0 0 0 0 0 0 
_1.ptx 251 : 875000 5044100 0 0 0 0 0 0 0 
_1.ptx 253 : 35000 245350 0 0 0 0 0 0 0 
_1.ptx 254 : 35000 210000 0 0 0 0 0 0 0 
_1.ptx 255 : 35000 525125 0 0 0 0 0 0 0 
_1.ptx 256 : 35000 245300 0 0 0 0 0 0 0 
_1.ptx 257 : 35000 245325 0 0 0 0 0 0 0 
_1.ptx 258 : 35000 245475 0 0 0 0 0 0 0 
_1.ptx 259 : 35000 210575 0 0 0 0 0 0 0 
_1.ptx 260 : 35000 280050 0 0 0 0 0 0 0 
_1.ptx 261 : 35000 81078 0 0 0 0 0 0 1378 
_1.ptx 263 : 21487 236919 0 0 0 0 0 0 0 
_1.ptx 264 : 21487 128922 0 0 0 0 0 0 0 
_1.ptx 265 : 21487 236499 0 0 0 0 0 0 0 
_1.ptx 266 : 21487 150980 0 0 0 0 0 0 0 
_1.ptx 267 : 21487 129294 0 0 0 0 0 0 0 
_1.ptx 268 : 21487 129284 0 0 0 0 0 0 0 
_1.ptx 269 : 21487 193664 0 0 0 0 0 0 0 
_1.ptx 270 : 21487 193608 0 0 0 0 0 0 0 
_1.ptx 271 : 21487 129275 0 0 0 0 0 0 0 
_1.ptx 272 : 21487 236541 0 0 0 0 0 0 0 
_1.ptx 274 : 21487 302446 0 0 0 0 0 0 0 
_1.ptx 275 : 21487 306628 0 0 0 0 0 0 0 
_1.ptx 276 : 21487 236619 0 0 0 0 0 0 0 
_1.ptx 278 : 21487 129014 0 0 0 0 0 0 0 
_1.ptx 279 : 21487 128994 0 0 0 0 0 0 0 
_1.ptx 280 : 21487 129088 0 0 0 0 0 0 0 
_1.ptx 281 : 21487 129059 0 0 0 0 0 0 0 
_1.ptx 282 : 21487 236533 0 0 0 0 0 0 0 
_1.ptx 283 : 21487 988570 0 0 0 0 0 0 0 
_1.ptx 284 : 21487 236542 0 0 0 0 0 0 0 
_1.ptx 285 : 21487 129191 0 0 0 0 0 0 0 
_1.ptx 286 : 21487 171980 0 0 0 0 0 0 0 
_1.ptx 287 : 21487 193621 0 0 0 0 0 0 0 
_1.ptx 288 : 21487 150724 0 0 0 0 0 0 0 
_1.ptx 289 : 21487 150810 0 0 0 0 0 0 0 
_1.ptx 290 : 21487 150727 0 0 0 0 0 0 0 
_1.ptx 291 : 21487 172087 0 0 0 0 0 0 0 
_1.ptx 292 : 21487 150915 0 0 0 0 0 0 0 
_1.ptx 293 : 21487 129209 0 0 0 0 0 0 0 
_1.ptx 296 : 13513 148669 0 0 0 0 0 0 0 
_1.ptx 297 : 13513 81078 0 0 0 0 0 0 0 
_1.ptx 298 : 13513 81078 0 0 0 0 0 0 0 
_1.ptx 299 : 13513 121676 0 0 0 0 0 0 0 
_1.ptx 300 : 13513 81085 0 0 0 0 0 0 0 
_1.ptx 301 : 13513 121673 0 0 0 0 0 0 0 
_1.ptx 302 : 13513 81141 0 0 0 0 0 0 0 
_1.ptx 303 : 13513 121667 0 0 0 0 0 0 0 
_1.ptx 304 : 13513 148680 0 0 0 0 0 0 0 
_1.ptx 305 : 13513 121795 0 0 0 0 0 0 0 
_1.ptx 307 : 13513 161654 0 0 0 0 0 0 0 
_1.ptx 308 : 13513 81237 0 0 0 0 0 0 0 
_1.ptx 309 : 13513 108209 0 0 0 0 0 0 0 
_1.ptx 310 : 13513 121749 0 0 0 0 0 0 0 
_1.ptx 313 : 35000 245675 0 0 0 0 0 0 0 
_1.ptx 314 : 35000 210900 0 0 0 0 0 0 0 
_1.ptx 315 : 35000 525325 0 0 0 0 0 0 0 
_1.ptx 316 : 35000 245625 0 0 0 0 0 0 0 
_1.ptx 317 : 35000 4813100 0 0 0 0 0 0 0 
_1.ptx 318 : 35000 352375 0 0 0 0 0 0 0 
_1.ptx 319 : 35000 352575 0 0 0 0 0 0 0 
_1.ptx 320 : 35000 385775 0 0 0 0 0 0 0 
_1.ptx 321 : 35000 385550 0 0 0 0 0 0 0 
_1.ptx 322 : 35000 352425 0 0 0 0 0 0 0 
_1.ptx 323 : 35000 385250 0 0 0 0 0 0 0 
_1.ptx 324 : 35000 245350 0 0 0 0 0 0 0 
_1.ptx 325 : 35000 351050 0 0 0 0 0 0 0 
_1.ptx 326 : 35000 385725 0 0 0 0 0 0 0 
_1.ptx 327 : 35000 6822650 94432 0 0 2450 1400 0 0 
_1.ptx 329 : 35000 210275 0 0 0 0 0 0 0 
_1.ptx 346 : 2800 18340 0 0 0 0 0 0 0 
_1.ptx 347 : 2800 28819 0 0 0 0 0 0 0 
_1.ptx 348 : 2800 113833 0 0 0 0 0 0 0 
_1.ptx 349 : 2800 20803 0 0 0 0 0 0 0 
_1.ptx 350 : 2800 29844 0 0 0 0 0 0 0 
_1.ptx 351 : 2800 31359 0 0 0 0 0 0 0 
_1.ptx 352 : 2800 623965 12800 0 0 2800 2800 0 0 
_1.ptx 353 : 2800 17582 0 0 0 0 0 0 0 
_1.ptx 354 : 2800 29087 0 0 0 0 0 0 0 
_1.ptx 355 : 2800 20421 0 0 0 0 0 0 0 
_1.ptx 356 : 2800 28668 0 0 0 0 0 0 0 
_1.ptx 357 : 2800 20211 0 0 0 0 0 0 0 
_1.ptx 358 : 2800 20040 0 0 0 0 0 0 0 
_1.ptx 359 : 2800 162818 0 0 0 0 0 0 0 
_1.ptx 363 : 3500000 25007406 0 0 0 0 0 0 0 
_1.ptx 364 : 3500000 36112544 0 0 0 0 0 0 0 
_1.ptx 365 : 3500000 38677739 0 0 0 0 0 0 0 
_1.ptx 366 : 3500000 387620437 768 0 0 3500000 3500000 0 0 
_1.ptx 367 : 3500000 482358404 487680 0 0 3500000 3500000 0 0 
_1.ptx 368 : 3500000 32403557 0 0 0 0 0 0 0 
_1.ptx 369 : 3500000 36811844 0 0 0 0 0 0 0 
_1.ptx 370 : 3500000 36401023 0 0 0 0 0 0 0 
_1.ptx 371 : 3500000 36548530 0 0 0 0 0 0 0 
_1.ptx 372 : 3500000 29870958 0 0 0 0 0 0 0 
_1.ptx 373 : 3500000 21787659 0 0 0 0 0 0 0 
_1.ptx 375 : 2800 20170 0 0 0 0 0 0 0 
_1.ptx 376 : 2800 17442 0 0 0 0 0 0 0 
_1.ptx 377 : 2800 42186 0 0 0 0 0 0 0 
_1.ptx 378 : 2800 19815 0 0 0 0 0 0 0 
_1.ptx 379 : 2800 19910 0 0 0 0 0 0 0 
_1.ptx 380 : 2800 20086 0 0 0 0 0 0 0 
_1.ptx 381 : 2800 17122 0 0 0 0 0 0 0 
_1.ptx 382 : 2800 22488 0 0 0 0 0 0 0 
_1.ptx 383 : 2800 5541 0 0 0 0 0 0 0 
_1.ptx 385 : 1885 20812 0 0 0 0 0 0 0 
_1.ptx 386 : 1885 11370 0 0 0 0 0 0 0 
_1.ptx 387 : 1885 20757 0 0 0 0 0 0 0 
_1.ptx 388 : 1885 13284 0 0 0 0 0 0 0 
_1.ptx 389 : 1885 11429 0 0 0 0 0 0 0 
_1.ptx 390 : 1885 11445 0 0 0 0 0 0 0 
_1.ptx 391 : 1885 17006 0 0 0 0 0 0 0 
_1.ptx 392 : 1885 17023 0 0 0 0 0 0 0 
_1.ptx 393 : 1885 11411 0 0 0 0 0 0 0 
_1.ptx 394 : 1885 20766 0 0 0 0 0 0 0 
_1.ptx 396 : 1885 26471 0 0 0 0 0 0 0 
_1.ptx 397 : 1885 26739 0 0 0 0 0 0 0 
_1.ptx 398 : 1885 21178 0 0 0 0 0 0 0 
_1.ptx 400 : 1885 11873 0 0 0 0 0 0 0 
_1.ptx 401 : 1885 12267 0 0 0 0 0 0 0 
_1.ptx 402 : 1885 12445 0 0 0 0 0 0 0 
_1.ptx 403 : 1885 12295 0 0 0 0 0 0 0 
_1.ptx 404 : 1885 21206 0 0 0 0 0 0 0 
_1.ptx 405 : 1885 87208 0 0 0 0 0 0 0 
_1.ptx 406 : 1885 20807 0 0 0 0 0 0 0 
_1.ptx 407 : 1885 11403 0 0 0 0 0 0 0 
_1.ptx 408 : 1885 15140 0 0 0 0 0 0 0 
