kernel line : count latency dram_traffic smem_bk_conflicts smem_warp gmem_access_generated gmem_warp exposed_latency warp_divergence
_1.ptx 823 : 509868 3068720 0 0 0 0 0 0 1125 
_1.ptx 825 : 74702 593029 0 0 0 0 0 0 0 
_1.ptx 827 : 74702 614413 0 0 0 0 0 0 0 
_1.ptx 829 : 509868 5583661 0 0 0 0 0 0 0 
_1.ptx 830 : 509868 5621087 0 0 0 0 0 0 0 
_1.ptx 831 : 509868 3770840 0 0 0 0 0 0 0 
_1.ptx 832 : 509868 4484616 0 0 0 0 0 0 0 
_1.ptx 833 : 509868 2672606 0 0 0 0 0 0 0 
_1.ptx 834 : 127467 908818 0 0 0 0 0 0 0 
_1.ptx 835 : 127467 1104324 0 0 0 0 0 0 0 
_1.ptx 836 : 127467 1027519 0 0 0 0 0 0 0 
_1.ptx 837 : 127467 899927 0 0 0 0 0 0 0 
_1.ptx 838 : 127467 1102863 0 0 0 0 0 0 0 
_1.ptx 839 : 127467 1008799 0 0 0 0 0 0 0 
_1.ptx 840 : 127467 1104317 0 0 0 0 0 0 0 
_1.ptx 841 : 127467 896463 0 0 0 0 0 0 0 
_1.ptx 842 : 127467 1096622 0 0 0 0 0 0 0 
_1.ptx 843 : 127467 444530 0 0 0 0 0 0 631 
_1.ptx 845 : 62282 687949 0 0 0 0 0 0 0 
_1.ptx 847 : 62282 514496 0 0 0 0 0 0 0 
_1.ptx 848 : 62282 498449 0 0 0 0 0 0 0 
_1.ptx 849 : 62282 774056 0 0 0 0 0 0 0 
_1.ptx 850 : 62282 717144 0 0 0 0 0 0 0 
_1.ptx 851 : 62282 284636 0 0 0 2349 2349 0 0 
_1.ptx 852 : 62282 290156 0 0 0 2349 2349 0 0 
_1.ptx 853 : 62282 288493 0 0 0 2544 2349 0 0 
_1.ptx 854 : 62282 294838 0 0 0 2544 2349 0 0 
_1.ptx 855 : 62282 283079 0 0 0 2544 2349 0 0 
_1.ptx 856 : 62282 292503 0 0 0 2544 2349 0 0 
_1.ptx 857 : 62282 284508 0 0 0 2544 2349 0 0 
_1.ptx 859 : 62282 706181 0 0 0 0 0 0 0 
_1.ptx 860 : 62282 707321 0 0 0 0 0 0 0 
_1.ptx 861 : 62282 709827 0 0 0 0 0 0 0 
_1.ptx 862 : 62282 722496 0 0 0 0 0 0 0 
_1.ptx 863 : 62282 727774 0 0 0 0 0 0 0 
_1.ptx 864 : 62282 728192 0 0 0 0 0 0 0 
_1.ptx 865 : 62282 311107 0 0 0 2544 2349 0 0 
_1.ptx 866 : 62282 456141 0 0 0 0 0 0 0 
_1.ptx 867 : 62282 544271 0 0 0 0 0 0 0 
_1.ptx 868 : 62282 131153 0 0 0 0 0 0 305 
_1.ptx 870 : 43133 312096 0 0 0 0 0 0 0 
_1.ptx 871 : 43133 303301 0 0 0 0 0 0 0 
_1.ptx 872 : 43133 308071 0 0 0 0 0 0 0 
_1.ptx 873 : 43133 299112 0 0 0 0 0 0 0 
_1.ptx 875 : 19149 61474 0 0 0 0 0 0 0 
_1.ptx 876 : 19149 221670 0 0 0 0 0 0 0 
_1.ptx 877 : 19149 220613 0 0 0 0 0 0 0 
_1.ptx 878 : 19149 223515 0 0 0 0 0 0 0 
_1.ptx 879 : 19149 224194 0 0 0 0 0 0 0 
_1.ptx 880 : 19149 226545 0 0 0 0 0 0 0 
_1.ptx 881 : 19149 184835 0 0 0 0 0 0 0 
_1.ptx 882 : 19149 184941 0 0 0 0 0 0 0 
_1.ptx 883 : 19149 668066 0 0 0 0 0 0 0 
_1.ptx 884 : 19149 258837 0 0 0 0 0 0 0 
_1.ptx 885 : 19149 250527 0 0 0 0 0 0 0 
_1.ptx 886 : 19149 248904 0 0 0 0 0 0 0 
_1.ptx 888 : 62282 738273 0 0 0 0 0 0 0 
_1.ptx 889 : 62282 738090 0 0 0 0 0 0 0 
_1.ptx 890 : 62282 757993 0 0 0 0 0 0 0 
_1.ptx 891 : 62282 789944 0 0 0 0 0 0 0 
_1.ptx 892 : 62282 622954 0 0 0 0 0 0 0 
_1.ptx 893 : 62282 613664 0 0 0 0 0 0 0 
_1.ptx 894 : 62282 2020492 0 0 0 0 0 0 0 
_1.ptx 895 : 62282 734494 0 0 0 0 0 0 0 
_1.ptx 896 : 62282 746288 0 0 0 0 0 0 0 
_1.ptx 897 : 62282 748020 0 0 0 0 0 0 0 
_1.ptx 898 : 62282 719174 0 0 0 0 0 0 0 
_1.ptx 899 : 62282 599742 0 0 0 0 0 0 0 
_1.ptx 900 : 62282 597786 0 0 0 0 0 0 0 
_1.ptx 901 : 62282 430307 0 0 0 0 0 0 0 
_1.ptx 902 : 62282 540034 0 0 0 0 0 0 0 
_1.ptx 903 : 62282 435296 0 0 0 0 0 0 0 
_1.ptx 910 : 62282 486387 0 0 0 0 0 0 0 
_1.ptx 911 : 62282 490281 0 0 0 0 0 0 0 
_1.ptx 912 : 62282 500012 0 0 0 0 0 0 0 
_1.ptx 915 : 62282 445864 0 0 0 0 0 0 0 
_1.ptx 916 : 62282 721757 0 0 0 0 0 0 0 
_1.ptx 917 : 62282 489020 0 0 0 0 0 0 0 
_1.ptx 918 : 62282 966324 0 0 0 0 0 0 0 
_1.ptx 919 : 62282 709051 0 0 0 0 0 0 0 
_1.ptx 920 : 62282 592991 20288 0 0 0 0 0 0 
_1.ptx 921 : 62282 413640 0 0 0 0 0 0 0 
_1.ptx 922 : 62282 713887 0 0 0 0 0 0 0 
_1.ptx 923 : 62282 798259 44928 0 0 0 0 0 0 
_1.ptx 924 : 62282 410258 0 0 0 0 0 0 0 
_1.ptx 925 : 62282 710669 0 0 0 0 0 0 0 
_1.ptx 926 : 62282 971092 21536 0 0 0 0 0 0 
_1.ptx 927 : 62282 405725 0 0 0 0 0 0 0 
_1.ptx 928 : 62282 722051 0 0 0 0 0 0 0 
_1.ptx 929 : 62282 986448 12704 0 0 0 0 0 0 
_1.ptx 931 : 62282 409703 0 0 0 0 0 0 0 
_1.ptx 932 : 62282 715420 0 0 0 0 0 0 0 
_1.ptx 933 : 62282 422834 0 0 0 0 0 0 0 
_1.ptx 934 : 62282 714375 0 0 0 0 0 0 0 
_1.ptx 935 : 62282 421982 0 0 0 0 0 0 0 
_1.ptx 936 : 62282 729766 0 0 0 0 0 0 0 
_1.ptx 937 : 62282 767273 0 0 0 0 0 0 0 
_1.ptx 938 : 62282 608799 0 0 0 0 0 0 0 
_1.ptx 939 : 62282 601292 0 0 0 0 0 0 0 
_1.ptx 940 : 62282 2413069 0 0 0 0 0 0 0 
_1.ptx 941 : 62282 759132 0 0 0 0 0 0 0 
_1.ptx 942 : 62282 757397 0 0 0 0 0 0 0 
_1.ptx 943 : 62282 777884 0 0 0 0 0 0 0 
_1.ptx 944 : 62282 777058 0 0 0 0 0 0 0 
_1.ptx 945 : 62282 601133 0 0 0 0 0 0 0 
_1.ptx 946 : 62282 601719 0 0 0 0 0 0 0 
_1.ptx 947 : 62282 438391 0 0 0 0 0 0 0 
_1.ptx 948 : 62282 543807 0 0 0 0 0 0 0 
_1.ptx 949 : 62282 37449 0 0 0 0 0 0 318 
_1.ptx 951 : 56815 450379 0 0 0 0 0 0 0 
_1.ptx 952 : 56815 355421 0 0 0 0 0 0 0 
_1.ptx 955 : 220903 986759 0 0 0 8579 8579 0 0 
_1.ptx 956 : 220903 979453 0 0 0 8579 8579 0 0 
_1.ptx 957 : 220903 960123 0 0 0 8579 8579 0 0 
_1.ptx 958 : 220903 967812 0 0 0 8579 8579 0 0 
_1.ptx 959 : 220903 1479463 0 0 0 0 0 0 0 
_1.ptx 960 : 220903 1890520 0 0 0 0 0 0 0 
_1.ptx 961 : 220903 1141351 0 0 0 0 0 0 0 
_1.ptx 963 : 56815 432793 0 0 0 0 0 0 0 
_1.ptx 964 : 56815 379281 0 0 0 0 0 0 0 
_1.ptx 965 : 56815 477303 0 0 0 0 0 0 0 
_1.ptx 966 : 56815 370028 0 0 0 0 0 0 0 
_1.ptx 971 : 56815 361099 0 0 0 0 0 0 0 
_1.ptx 972 : 56815 524631 0 0 0 0 0 0 0 
_1.ptx 973 : 56815 640137 0 0 0 0 0 0 0 
_1.ptx 974 : 56815 3324407 0 0 0 0 0 0 0 
_1.ptx 976 : 56815 369831 0 0 0 0 0 0 0 
_1.ptx 977 : 56815 374593 0 0 0 0 0 0 0 
_1.ptx 978 : 56815 485651 0 0 0 0 0 0 0 
_1.ptx 979 : 56815 528475 0 0 0 0 0 0 0 
_1.ptx 982 : 56815 433947 0 0 0 0 0 0 0 
_1.ptx 983 : 56815 380119 0 0 0 0 0 0 0 
_1.ptx 986 : 164088 741482 0 0 0 6402 6402 0 0 
_1.ptx 987 : 164088 614666 0 0 0 0 0 0 0 
_1.ptx 988 : 164088 1939752 0 0 0 0 0 0 0 
_1.ptx 989 : 164088 1151585 0 0 0 0 0 0 0 
_1.ptx 990 : 164088 1948724 0 0 0 0 0 0 0 
_1.ptx 991 : 164088 1181322 0 0 0 0 0 0 0 
_1.ptx 992 : 164088 1952276 0 0 0 0 0 0 0 
_1.ptx 993 : 164088 1202606 0 0 0 0 0 0 0 
_1.ptx 994 : 164088 1967103 0 0 0 0 0 0 0 
_1.ptx 995 : 164088 1951929 0 0 0 0 0 0 0 
_1.ptx 996 : 164088 1991207 0 0 0 0 0 0 0 
_1.ptx 997 : 164088 1989777 0 0 0 0 0 0 0 
_1.ptx 998 : 164088 1996667 0 0 0 0 0 0 0 
_1.ptx 999 : 164088 1994458 0 0 0 0 0 0 0 
_1.ptx 1000 : 164088 2026945 0 0 0 0 0 0 0 
_1.ptx 1001 : 164088 2045719 0 0 0 0 0 0 0 
_1.ptx 1002 : 164088 1684381 0 0 0 0 0 0 0 
_1.ptx 1003 : 164088 1678721 0 0 0 0 0 0 0 
_1.ptx 1004 : 164088 2006020 0 0 0 0 0 0 0 
_1.ptx 1005 : 164088 1643870 0 0 0 0 0 0 0 
_1.ptx 1006 : 164088 1644769 0 0 0 0 0 0 0 
_1.ptx 1007 : 164088 2010488 0 0 0 0 0 0 0 
_1.ptx 1008 : 164088 1501856 0 0 0 0 0 0 0 
_1.ptx 1009 : 164088 1394665 0 0 0 0 0 0 0 
_1.ptx 1010 : 164088 1186621 0 0 0 0 0 0 0 
_1.ptx 1011 : 164088 1466692 0 0 0 0 0 0 0 
_1.ptx 1012 : 164088 1367103 0 0 0 0 0 0 0 
_1.ptx 1013 : 164088 1476456 0 0 0 0 0 0 0 
_1.ptx 1014 : 164088 1214667 0 0 0 0 0 0 0 
_1.ptx 1015 : 164088 1472959 0 0 0 0 0 0 0 
_1.ptx 1016 : 164088 841545 0 0 0 0 0 0 965 
_1.ptx 1017 : 50431 371910 0 0 0 0 0 0 0 
_1.ptx 1018 : 50431 371575 0 0 0 0 0 0 0 
_1.ptx 1020 : 113657 1354216 0 0 0 0 0 0 0 
_1.ptx 1021 : 113657 1357115 0 0 0 0 0 0 0 
_1.ptx 1022 : 113657 1023021 0 0 0 0 0 0 0 
_1.ptx 1023 : 113657 45428 0 0 0 0 0 0 344 
_1.ptx 1024 : 107587 803946 0 0 0 0 0 0 0 
_1.ptx 1025 : 107587 812010 0 0 0 0 0 0 0 
_1.ptx 1028 : 6070 72597 0 0 0 0 0 0 0 
_1.ptx 1029 : 6070 108790 0 0 0 0 0 0 0 
_1.ptx 1030 : 6070 73078 0 0 0 0 0 0 0 
_1.ptx 1031 : 6070 74431 0 0 0 0 0 0 0 
_1.ptx 1032 : 6070 59647 0 0 0 0 0 0 0 
_1.ptx 1036 : 164088 1379381 0 0 0 0 0 0 0 
_1.ptx 1039 : 220903 1594697 0 0 0 0 0 0 0 
_1.ptx 1040 : 220903 1936114 0 0 0 0 0 0 0 
_1.ptx 1041 : 220903 1519497 0 0 0 0 0 0 370 
_1.ptx 1042 : 6068 73279 0 0 0 0 0 0 0 
_1.ptx 1043 : 6068 73064 0 0 0 0 0 0 0 
_1.ptx 1044 : 6068 73662 0 0 0 0 0 0 0 
_1.ptx 1045 : 6068 73452 0 0 0 0 0 0 0 
_1.ptx 1046 : 6068 73471 0 0 0 0 0 0 0 
_1.ptx 1047 : 6068 73515 0 0 0 0 0 0 0 
_1.ptx 1048 : 6068 74025 0 0 0 0 0 0 0 
_1.ptx 1049 : 6068 61084 0 0 0 0 0 0 0 
_1.ptx 1050 : 6068 61564 0 0 0 0 0 0 0 
_1.ptx 1051 : 6068 55924 0 0 0 0 0 0 0 
_1.ptx 1052 : 6068 45602 0 0 0 0 0 0 0 
_1.ptx 1057 : 220903 2447313 0 0 0 0 0 0 0 
_1.ptx 1058 : 220903 2454822 0 0 0 0 0 0 0 
_1.ptx 1059 : 220903 1688996 0 0 0 0 0 0 0 
_1.ptx 1060 : 220903 1965292 0 0 0 0 0 0 0 
_1.ptx 1061 : 220903 380354 0 0 0 0 0 0 0 
_1.ptx 1062 : 169119 1237223 0 0 0 0 0 0 0 
_1.ptx 1063 : 169119 1468047 0 0 0 0 0 0 0 
_1.ptx 1064 : 169119 1139595 0 0 0 0 0 0 295 
_1.ptx 1065 : 5031 36692 0 0 0 0 0 0 0 
_1.ptx 1067 : 51784 376545 0 0 0 0 0 0 0 
_1.ptx 1068 : 51784 461488 0 0 0 0 0 0 0 
_1.ptx 1071 : 56815 43972 0 0 0 0 0 0 318 
_1.ptx 1073 : 50745 606472 0 0 0 0 0 0 0 
_1.ptx 1074 : 50745 608571 0 0 0 0 0 0 0 
_1.ptx 1075 : 50745 609925 0 0 0 0 0 0 0 
_1.ptx 1076 : 50745 638117 0 0 0 0 0 0 0 
_1.ptx 1077 : 50745 504509 0 0 0 0 0 0 0 
_1.ptx 1078 : 50745 499103 0 0 0 0 0 0 0 
_1.ptx 1079 : 50745 1160436 0 0 0 0 0 0 0 
_1.ptx 1081 : 50745 374031 0 0 0 0 0 0 0 
_1.ptx 1082 : 50745 1078926 0 0 0 0 0 0 0 
_1.ptx 1083 : 50745 408037 0 0 0 0 0 0 0 
_1.ptx 1084 : 50745 710769 0 0 0 0 0 0 0 
_1.ptx 1085 : 50745 649709 0 0 0 0 0 0 0 
_1.ptx 1086 : 50745 603898 0 0 0 0 0 0 0 
_1.ptx 1087 : 50745 357654 0 0 0 0 0 0 0 
_1.ptx 1088 : 50745 364396 0 0 0 0 0 0 0 
_1.ptx 1089 : 50745 592271 0 0 0 0 0 0 0 
_1.ptx 1090 : 50745 604019 0 0 0 0 0 0 0 
_1.ptx 1091 : 50745 604785 0 0 0 0 0 0 0 
_1.ptx 1092 : 50745 362957 0 0 0 0 0 0 0 
_1.ptx 1093 : 50745 364261 0 0 0 0 0 0 0 
_1.ptx 1094 : 50745 595018 0 0 0 0 0 0 0 
_1.ptx 1095 : 50745 599188 0 0 0 0 0 0 0 
_1.ptx 1096 : 50745 608084 0 0 0 0 0 0 0 
_1.ptx 1097 : 50745 628039 0 0 0 0 0 0 0 
_1.ptx 1098 : 50745 366292 0 0 0 0 0 0 0 
_1.ptx 1099 : 50745 597564 0 0 0 0 0 0 0 
_1.ptx 1100 : 50745 492586 0 0 0 0 0 0 0 
_1.ptx 1101 : 50745 683750 0 0 0 0 0 0 0 
_1.ptx 1103 : 50745 589650 0 0 0 0 0 0 0 
_1.ptx 1104 : 50745 593154 0 0 0 0 0 0 0 
_1.ptx 1105 : 50745 593464 0 0 0 0 0 0 0 
_1.ptx 1106 : 50745 498990 0 0 0 0 0 0 0 
_1.ptx 1107 : 50745 609198 0 0 0 0 0 0 0 
_1.ptx 1108 : 50745 514100 0 0 0 0 0 0 0 
_1.ptx 1109 : 50745 393711 0 0 0 0 0 0 0 
_1.ptx 1110 : 50745 1101530 0 0 0 0 0 0 0 
_1.ptx 1111 : 50745 417564 0 0 0 0 0 0 0 
_1.ptx 1112 : 50745 1104390 0 0 0 0 0 0 0 
_1.ptx 1113 : 50745 424990 0 0 0 0 0 0 0 
_1.ptx 1114 : 50745 469337 0 0 0 0 0 0 0 
_1.ptx 1115 : 50745 379967 0 0 0 0 0 0 0 
_1.ptx 1121 : 50745 420636 0 0 0 0 0 0 0 
_1.ptx 1122 : 50745 369481 0 0 0 0 0 0 0 
_1.ptx 1123 : 50745 438328 0 0 0 0 0 0 0 
_1.ptx 1124 : 50745 0 0 0 0 0 0 0 0 
_1.ptx 1125 : 50745 324766 0 0 0 0 0 0 0 
_1.ptx 1133 : 50745 325191 0 0 0 0 0 0 0 
_1.ptx 1134 : 50745 421437 0 0 0 0 0 0 0 
_1.ptx 1135 : 50745 331900 0 0 0 0 0 0 0 
_1.ptx 1140 : 50745 327895 0 0 0 0 0 0 0 
_1.ptx 1141 : 50745 420226 0 0 0 0 0 0 0 
_1.ptx 1142 : 50745 325410 0 0 0 0 0 0 0 
_1.ptx 1157 : 50745 332189 0 0 0 0 0 0 0 
_1.ptx 1158 : 50745 428922 0 0 0 0 0 0 0 
_1.ptx 1159 : 50745 330556 0 0 0 0 0 0 0 
_1.ptx 1181 : 50745 330472 0 0 0 0 0 0 0 
_1.ptx 1182 : 50745 427309 0 0 0 0 0 0 0 
_1.ptx 1183 : 50745 331779 0 0 0 0 0 0 0 
_1.ptx 1196 : 50745 378782 0 0 0 0 0 0 0 
_1.ptx 1197 : 50745 382446 0 0 0 0 0 0 0 
_1.ptx 1198 : 50745 387694 0 0 0 0 0 0 0 
_1.ptx 1199 : 50745 392178 0 0 0 0 0 0 0 
_1.ptx 1200 : 50745 348320 0 0 0 0 0 0 0 
_1.ptx 1201 : 50745 427559 0 0 0 0 0 0 0 
_1.ptx 1202 : 50745 336214 0 0 0 0 0 0 0 
_1.ptx 1213 : 50745 421448 0 0 0 0 0 0 0 
_1.ptx 1216 : 50745 576109 0 0 0 0 0 0 0 
_1.ptx 1218 : 50745 427666 0 0 0 0 0 0 0 
_1.ptx 1219 : 50745 410557 0 0 0 0 0 0 0 
_1.ptx 1220 : 50745 402532 0 0 0 0 0 0 0 
_1.ptx 1221 : 50745 409122 0 0 0 0 0 0 0 
_1.ptx 1222 : 50745 363895 0 0 0 0 0 0 0 
_1.ptx 1223 : 50745 445068 0 0 0 0 0 0 0 
_1.ptx 1224 : 50745 213809 0 0 0 0 0 0 727 
_1.ptx 1226 : 21083 160386 0 0 0 0 0 0 0 
_1.ptx 1227 : 21083 249689 0 0 0 0 0 0 0 
_1.ptx 1229 : 21083 241091 0 0 0 0 0 0 0 
_1.ptx 1232 : 50745 388576 0 0 0 0 0 0 0 
_1.ptx 1233 : 50745 596163 0 0 0 0 0 0 0 
_1.ptx 1234 : 50745 348392 0 0 0 0 0 0 0 
_1.ptx 1235 : 50745 596060 0 0 0 0 0 0 0 
_1.ptx 1236 : 50745 615703 0 0 0 0 0 0 0 
_1.ptx 1237 : 50745 477421 0 0 0 0 0 0 0 
_1.ptx 1238 : 50745 2432345 0 0 0 0 0 0 0 
_1.ptx 1239 : 50745 413264 0 0 0 0 0 0 0 
_1.ptx 1240 : 50745 623406 0 0 0 0 0 0 0 
_1.ptx 1241 : 50745 413446 0 0 0 0 0 0 0 
_1.ptx 1242 : 50745 412564 0 0 0 0 0 0 0 
_1.ptx 1243 : 50745 414344 0 0 0 0 0 0 0 
_1.ptx 1244 : 50745 408438 0 0 0 0 0 0 0 
_1.ptx 1245 : 50745 412336 0 0 0 0 0 0 0 
_1.ptx 1246 : 50745 588665 0 0 0 0 0 0 0 
_1.ptx 1247 : 50745 590345 0 0 0 0 0 0 0 
_1.ptx 1248 : 50745 600805 0 0 0 0 0 0 0 
_1.ptx 1249 : 50745 480229 0 0 0 0 0 0 0 
_1.ptx 1250 : 50745 491483 0 0 0 0 0 0 0 
_1.ptx 1252 : 50745 627813 0 0 0 0 0 0 0 
_1.ptx 1253 : 50745 649456 0 0 0 0 0 0 0 
_1.ptx 1254 : 50745 433281 0 0 0 0 0 0 0 
_1.ptx 1255 : 50745 447299 0 0 0 0 0 0 0 
_1.ptx 1256 : 50745 528214 0 0 0 0 0 0 0 
_1.ptx 1257 : 50745 404534 0 0 0 0 0 0 0 
_1.ptx 1258 : 50745 517898 0 0 0 0 0 0 0 
_1.ptx 1259 : 50745 627587 0 0 0 0 0 0 0 
_1.ptx 1260 : 50745 629320 0 0 0 0 0 0 0 
_1.ptx 1261 : 50745 620567 0 0 0 0 0 0 0 
_1.ptx 1262 : 50745 616517 0 0 0 0 0 0 0 
_1.ptx 1263 : 50745 607982 0 0 0 0 0 0 0 
_1.ptx 1264 : 50745 605195 0 0 0 0 0 0 0 
_1.ptx 1265 : 50745 603767 0 0 0 0 0 0 0 
_1.ptx 1266 : 50745 596504 0 0 0 0 0 0 0 
_1.ptx 1267 : 50745 570512 0 0 0 0 0 0 0 
_1.ptx 1269 : 50745 581764 0 0 0 0 0 0 0 
_1.ptx 1271 : 50745 592797 0 0 0 0 0 0 0 
_1.ptx 1272 : 50745 623550 0 0 0 0 0 0 0 
_1.ptx 1274 : 50745 487156 0 0 0 0 0 0 0 
_1.ptx 1275 : 50745 436577 0 0 0 0 0 0 0 
_1.ptx 1276 : 50745 627572 0 0 0 0 0 0 0 
_1.ptx 1277 : 50745 633744 0 0 0 0 0 0 0 
_1.ptx 1279 : 50745 425208 0 0 0 0 0 0 0 
_1.ptx 1280 : 50745 625950 0 0 0 0 0 0 0 
_1.ptx 1281 : 50745 624474 0 0 0 0 0 0 0 
_1.ptx 1282 : 50745 613164 0 0 0 0 0 0 0 
_1.ptx 1283 : 50745 605072 0 0 0 0 0 0 0 
_1.ptx 1284 : 50745 604499 0 0 0 0 0 0 0 
_1.ptx 1286 : 50745 606430 0 0 0 0 0 0 0 
_1.ptx 1288 : 50745 371956 0 0 0 0 0 0 0 
_1.ptx 1289 : 50745 594553 0 0 0 0 0 0 0 
_1.ptx 1290 : 50745 617878 0 0 0 0 0 0 0 
_1.ptx 1291 : 50745 464571 0 0 0 0 0 0 0 
_1.ptx 1292 : 50745 634190 0 0 0 0 0 0 0 
_1.ptx 1293 : 50745 416982 0 0 0 0 0 0 0 
_1.ptx 1294 : 50745 504103 0 0 0 0 0 0 0 
_1.ptx 1295 : 50745 376064 0 0 0 0 0 0 0 
_1.ptx 1296 : 50745 494559 0 0 0 0 0 0 0 
_1.ptx 1297 : 50745 362630 0 0 0 0 0 0 0 
_1.ptx 1298 : 50745 494098 0 0 0 0 0 0 0 
_1.ptx 1299 : 50745 358846 0 0 0 0 0 0 0 
_1.ptx 1300 : 50745 489712 0 0 0 0 0 0 0 
_1.ptx 1301 : 50745 601740 0 0 0 0 0 0 0 
_1.ptx 1303 : 50745 419184 0 0 0 0 0 0 0 
_1.ptx 1304 : 50745 597480 0 0 0 0 0 0 0 
_1.ptx 1305 : 50745 591076 0 0 0 0 0 0 0 
_1.ptx 1307 : 50745 381674 0 0 0 0 0 0 0 
_1.ptx 1308 : 50745 391147 0 0 0 0 0 0 0 
_1.ptx 1309 : 50745 398051 0 0 0 0 0 0 0 
_1.ptx 1310 : 50745 348577 0 0 0 0 0 0 0 
_1.ptx 1311 : 50745 420553 0 0 0 0 0 0 0 
_1.ptx 1312 : 50745 330189 0 0 0 0 0 0 0 
_1.ptx 1321 : 50745 397386 0 0 0 0 0 0 0 
_1.ptx 1322 : 50745 355373 0 0 0 0 0 0 0 
_1.ptx 1323 : 50745 580514 0 0 0 0 0 0 0 
_1.ptx 1324 : 50745 398117 0 0 0 0 0 0 0 
_1.ptx 1325 : 50745 354261 0 0 0 0 0 0 0 
_1.ptx 1326 : 50745 355018 0 0 0 0 0 0 0 
_1.ptx 1327 : 50745 2707638 0 0 0 0 0 0 0 
_1.ptx 1328 : 50745 315815 0 0 0 0 0 0 0 
_1.ptx 1329 : 50745 328899 0 0 0 0 0 0 0 
_1.ptx 1330 : 50745 477544 0 0 0 0 0 0 0 
_1.ptx 1331 : 50745 481881 0 0 0 0 0 0 0 
_1.ptx 1332 : 50745 340789 0 0 0 0 0 0 0 
_1.ptx 1333 : 50745 622850 0 0 0 0 0 0 0 
_1.ptx 1334 : 50745 3777587 0 0 0 0 0 0 0 
_1.ptx 1335 : 50745 600771 0 0 0 0 0 0 0 
_1.ptx 1336 : 50745 328729 0 0 0 0 0 0 0 
_1.ptx 1337 : 50745 434401 0 0 0 0 0 0 0 
_1.ptx 1338 : 50745 473628 0 0 0 0 0 0 0 
_1.ptx 1339 : 50745 332137 0 0 0 0 0 0 0 
_1.ptx 1340 : 50745 428544 0 0 0 0 0 0 0 
_1.ptx 1341 : 50745 470320 0 0 0 0 0 0 0 
_1.ptx 1343 : 50745 383091 0 0 0 0 0 0 0 
_1.ptx 1344 : 50745 330004 0 0 0 0 0 0 0 
_1.ptx 1345 : 50745 433419 0 0 0 0 0 0 0 
_1.ptx 1346 : 50745 0 0 0 0 0 0 0 0 
_1.ptx 1348 : 50745 482555 0 0 0 0 0 0 0 
_1.ptx 1351 : 50745 418790 0 0 0 0 0 0 0 
_1.ptx 1352 : 50745 366867 0 0 0 0 0 0 0 
_1.ptx 1353 : 50745 416509 0 0 0 0 0 0 0 
_1.ptx 1354 : 50745 420404 0 0 0 0 0 0 0 
_1.ptx 1355 : 50745 374589 0 0 0 0 0 0 0 
_1.ptx 1356 : 50745 608852 0 0 0 0 0 0 0 
_1.ptx 1357 : 50745 601127 0 0 0 0 0 0 0 
_1.ptx 1358 : 50745 422449 0 0 0 0 0 0 0 
_1.ptx 1359 : 50745 361244 0 0 0 0 0 0 0 
_1.ptx 1360 : 50745 440236 0 0 0 0 0 0 0 
_1.ptx 1361 : 50745 398629 0 0 0 0 0 0 0 
_1.ptx 1362 : 50745 429594 0 0 0 0 0 0 0 
_1.ptx 1363 : 50745 318841 0 0 0 0 0 0 0 
_1.ptx 1364 : 50745 421265 0 0 0 0 0 0 0 
_1.ptx 1365 : 50745 333570 0 0 0 0 0 0 0 
_1.ptx 1372 : 50745 395651 0 0 0 0 0 0 0 
_1.ptx 1375 : 50745 355217 0 0 0 0 0 0 0 
_1.ptx 1376 : 50745 578748 0 0 0 0 0 0 0 
_1.ptx 1377 : 50745 581774 0 0 0 0 0 0 0 
_1.ptx 1378 : 50745 539696 0 0 0 0 0 0 0 
_1.ptx 1380 : 50745 571323 0 0 0 0 0 0 0 
_1.ptx 1381 : 50745 677608 0 0 0 0 0 0 0 
_1.ptx 1383 : 50745 582845 0 0 0 0 0 0 0 
_1.ptx 1384 : 50745 811081 0 0 0 0 0 0 0 
_1.ptx 1388 : 62282 715630 0 0 0 0 0 0 0 
_1.ptx 1389 : 62282 742092 0 0 0 0 0 0 0 
_1.ptx 1390 : 62282 729245 0 0 0 0 0 0 0 
_1.ptx 1391 : 62282 760939 0 0 0 0 0 0 0 
_1.ptx 1392 : 62282 746729 0 0 0 0 0 0 0 
_1.ptx 1393 : 62282 786114 0 0 0 0 0 0 0 
_1.ptx 1395 : 62282 747143 0 0 0 0 0 0 0 
_1.ptx 1396 : 62282 769065 0 0 0 0 0 0 0 
_1.ptx 1397 : 62282 760723 0 0 0 0 0 0 0 
_1.ptx 1398 : 62282 825683 0 0 0 0 0 0 0 
_1.ptx 1399 : 62282 639183 0 0 0 0 0 0 0 
_1.ptx 1400 : 62282 624941 0 0 0 0 0 0 0 
_1.ptx 1401 : 62282 2355401 0 0 0 0 0 0 0 
_1.ptx 1402 : 62282 756641 0 0 0 0 0 0 0 
_1.ptx 1403 : 62282 756101 0 0 0 0 0 0 0 
_1.ptx 1404 : 62282 776961 0 0 0 0 0 0 0 
_1.ptx 1405 : 62282 503769 0 0 0 0 0 0 0 
_1.ptx 1406 : 62282 500945 0 0 0 0 0 0 0 
_1.ptx 1408 : 62282 437933 0 0 0 0 0 0 0 
_1.ptx 1409 : 62282 594772 0 0 0 0 0 0 0 
_1.ptx 1410 : 62282 426909 0 0 0 0 0 0 0 
_1.ptx 1411 : 62282 602544 0 0 0 0 0 0 0 
_1.ptx 1412 : 62282 441037 0 0 0 0 0 0 0 
_1.ptx 1413 : 62282 605077 0 0 0 0 0 0 0 
_1.ptx 1416 : 127467 1412449 0 0 0 0 0 0 0 
_1.ptx 1417 : 127467 935412 0 0 0 0 0 0 0 
_1.ptx 1418 : 127467 1115741 0 0 0 0 0 0 0 
_1.ptx 1419 : 127467 6992 0 0 0 0 0 0 0 
_1.ptx 1420 : 126435 1096076 0 0 0 0 0 0 0 
_1.ptx 1421 : 126435 420621 0 0 0 0 0 0 550 
_1.ptx 1424 : 65536 713184 0 0 0 0 0 0 0 
_1.ptx 1425 : 65536 518336 0 0 0 0 0 0 0 
_1.ptx 1426 : 65536 429568 0 0 0 0 0 0 0 
_1.ptx 1427 : 65536 552896 0 0 0 0 0 0 0 
_1.ptx 604 : 65536 407392 0 0 0 0 0 0 0 
_1.ptx 1428 : 65536 361223 0 0 0 0 0 0 218 
_1.ptx 605 : 65536 418944 38400 0 0 0 0 0 0 
_1.ptx 1429 : 10434 79903 0 0 0 0 0 0 0 
_1.ptx 606 : 65536 404256 0 0 0 0 0 0 0 
_1.ptx 1430 : 10434 79477 0 0 0 0 0 0 0 
_1.ptx 607 : 65536 848704 38400 0 0 0 0 0 0 
_1.ptx 1431 : 10434 117211 0 0 0 0 0 0 0 
_1.ptx 608 : 65536 405216 0 0 0 0 0 0 0 
_1.ptx 1432 : 10434 119617 0 0 0 0 0 0 0 
_1.ptx 609 : 65536 914080 38400 0 0 0 0 0 0 
_1.ptx 1433 : 10434 80317 0 0 0 0 0 0 0 
_1.ptx 610 : 65536 410784 0 0 0 0 0 0 0 
_1.ptx 611 : 65536 1310848 38400 0 0 0 0 0 0 
_1.ptx 612 : 65536 409952 0 0 0 0 0 0 0 
_1.ptx 613 : 65536 1206048 44544 0 0 0 0 0 0 
_1.ptx 1437 : 15923 1714993 8192 0 0 0 0 0 0 
_1.ptx 614 : 65536 410848 0 0 0 0 0 0 0 
_1.ptx 1438 : 15923 1650204 2560 0 0 0 0 0 0 
_1.ptx 615 : 65536 1284064 41216 0 0 0 0 0 0 
_1.ptx 1439 : 15923 1860245 4224 0 0 0 0 0 0 
_1.ptx 616 : 65536 409664 0 0 0 0 0 0 0 
_1.ptx 1440 : 15923 1888738 0 0 0 0 0 0 0 
_1.ptx 617 : 65536 1405600 44672 0 0 0 0 0 0 
_1.ptx 1441 : 15923 1716325 0 0 0 0 0 0 0 
_1.ptx 618 : 65536 409440 0 0 0 0 0 0 0 
_1.ptx 1442 : 15923 1933181 0 0 0 0 0 0 0 
_1.ptx 619 : 65536 1398176 40960 0 0 0 0 0 0 
_1.ptx 1443 : 15923 1959551 8960 0 0 0 0 0 0 
_1.ptx 620 : 65536 409600 0 0 0 0 0 0 0 
_1.ptx 1444 : 15923 1942326 0 0 0 0 0 0 0 
_1.ptx 621 : 65536 1481504 40704 0 0 0 0 0 0 
_1.ptx 1445 : 15923 101424 0 0 0 0 0 0 0 
_1.ptx 622 : 65536 408608 0 0 0 0 0 0 0 
_1.ptx 1446 : 15923 149035 0 0 0 0 0 0 0 
_1.ptx 623 : 65536 1427296 45184 0 0 0 0 0 0 
_1.ptx 1447 : 15923 113174 0 0 0 0 0 0 0 
_1.ptx 624 : 65536 406496 0 0 0 0 0 0 0 
_1.ptx 1448 : 15923 102838 0 0 0 0 0 0 0 
_1.ptx 625 : 65536 1515456 39680 0 0 0 0 0 0 
_1.ptx 1449 : 15923 148315 0 0 0 0 0 0 0 
_1.ptx 626 : 65536 412320 0 0 0 0 0 0 0 
_1.ptx 1450 : 15923 108149 0 0 0 0 0 0 0 
_1.ptx 627 : 65536 1271072 42624 0 0 0 0 0 0 
_1.ptx 1451 : 15923 104687 0 0 0 0 0 0 0 
_1.ptx 628 : 65536 411584 0 0 0 0 0 0 0 
_1.ptx 1452 : 15923 148719 0 0 0 0 0 0 0 
_1.ptx 629 : 65536 1319520 44800 0 0 0 0 0 0 
_1.ptx 1453 : 15923 107609 0 0 0 0 0 0 0 
_1.ptx 630 : 65536 409824 0 0 0 0 0 0 0 
_1.ptx 1454 : 15923 103481 0 0 0 0 0 0 0 
_1.ptx 631 : 65536 1313120 41216 0 0 0 0 0 0 
_1.ptx 1455 : 15923 149059 0 0 0 0 0 0 0 
_1.ptx 632 : 65536 410112 0 0 0 0 0 0 0 
_1.ptx 1456 : 15923 106719 0 0 0 0 0 0 0 
_1.ptx 633 : 65536 1432448 45568 0 0 0 0 0 0 
_1.ptx 1457 : 15923 167751 0 0 0 0 0 0 0 
_1.ptx 634 : 65536 409792 0 0 0 0 0 0 0 
_1.ptx 1458 : 15923 167450 0 0 0 0 0 0 0 
_1.ptx 635 : 65536 1530848 41600 0 0 0 0 0 0 
_1.ptx 1459 : 15923 109121 0 0 0 0 0 0 0 
_1.ptx 636 : 65536 411136 0 0 0 0 0 0 0 
_1.ptx 1460 : 15923 135508 0 0 0 0 0 0 0 
_1.ptx 637 : 65536 1495328 44672 0 0 0 0 0 0 
_1.ptx 1461 : 15923 35615 0 0 0 0 0 0 386 
_1.ptx 638 : 65536 412288 0 0 0 0 0 0 0 
_1.ptx 639 : 65536 1551968 46080 0 0 0 0 0 0 
_1.ptx 640 : 65536 411648 0 0 0 0 0 0 0 
_1.ptx 1464 : 65536 13692672 8960 0 0 4096 2048 0 0 
_1.ptx 641 : 65536 1487584 46720 0 0 0 0 0 0 
_1.ptx 1465 : 65536 1970368 0 0 0 0 0 0 0 
_1.ptx 642 : 65536 414144 0 0 0 0 0 0 0 
_1.ptx 1466 : 65536 502272 0 0 0 0 0 0 0 
_1.ptx 643 : 65536 1257856 49536 0 0 0 0 0 0 
_1.ptx 1467 : 65536 435840 0 0 0 0 0 0 0 
_1.ptx 644 : 65536 418688 0 0 0 0 0 0 0 
_1.ptx 1468 : 65536 745056 0 0 0 0 0 0 0 
_1.ptx 645 : 65536 420288 0 0 0 0 0 0 0 
_1.ptx 1469 : 65536 503680 0 0 0 0 0 0 0 
_1.ptx 646 : 65536 549440 0 0 0 0 0 0 0 
_1.ptx 1470 : 65536 1686048 0 0 0 0 0 0 0 
_1.ptx 647 : 65536 415104 0 0 0 0 0 0 0 
_1.ptx 1471 : 65536 503136 0 0 0 0 0 0 0 
_1.ptx 648 : 65536 423552 0 0 0 0 0 0 0 
_1.ptx 1472 : 65536 442720 0 0 0 0 0 0 0 
_1.ptx 649 : 65536 548896 0 0 0 0 0 0 0 
_1.ptx 1473 : 65536 748736 0 0 0 0 0 0 0 
_1.ptx 650 : 65536 425280 0 0 0 0 0 0 0 
_1.ptx 1474 : 65536 501952 0 0 0 0 0 0 0 
_1.ptx 651 : 65536 740288 0 0 0 0 0 0 0 
_1.ptx 1475 : 65536 500800 0 0 0 0 0 0 0 
_1.ptx 652 : 65536 421696 0 0 0 0 0 0 0 
_1.ptx 1476 : 65536 546432 0 0 0 0 0 0 0 
_1.ptx 653 : 65536 735520 0 0 0 0 0 0 0 
_1.ptx 1477 : 65536 1244608 0 0 0 0 0 0 0 
_1.ptx 654 : 65536 1914272 128 0 0 0 0 0 0 
_1.ptx 1478 : 65536 497568 0 0 0 0 0 0 0 
_1.ptx 655 : 65536 1718496 0 0 0 0 0 0 0 
_1.ptx 1479 : 65536 435712 0 0 0 0 0 0 0 
_1.ptx 656 : 65536 544256 0 0 0 0 0 0 0 
_1.ptx 1480 : 65536 744128 0 0 0 0 0 0 0 
_1.ptx 657 : 65536 485120 0 0 0 0 0 0 0 
_1.ptx 1481 : 65536 510208 0 0 0 0 0 0 0 
_1.ptx 658 : 65536 544640 0 0 0 0 0 0 0 
_1.ptx 1482 : 65536 505376 0 0 0 0 0 0 0 
_1.ptx 659 : 65536 490816 0 0 0 0 0 0 0 
_1.ptx 1483 : 65536 1399072 0 0 0 0 0 0 0 
_1.ptx 660 : 65536 552736 0 0 0 0 0 0 0 
_1.ptx 1484 : 65536 518560 0 0 0 0 0 0 0 
_1.ptx 661 : 65536 421024 0 0 0 0 0 0 0 
_1.ptx 1485 : 65536 453472 0 0 0 0 0 0 0 
_1.ptx 662 : 65536 547776 0 0 0 0 0 0 0 
_1.ptx 1486 : 65536 756416 0 0 0 0 0 0 0 
_1.ptx 663 : 65536 0 0 0 0 0 0 0 0 
_1.ptx 1487 : 65536 522208 0 0 0 0 0 0 0 
_1.ptx 1488 : 65536 518432 0 0 0 0 0 0 0 
_1.ptx 665 : 65536 807648 0 0 0 0 0 0 0 
_1.ptx 1489 : 65536 562368 0 0 0 0 0 0 0 
_1.ptx 666 : 65536 609248 0 0 0 0 0 0 0 
_1.ptx 1490 : 65536 560032 0 0 0 0 0 0 0 
_1.ptx 667 : 65536 739008 0 0 0 0 0 0 0 
_1.ptx 1491 : 65536 749408 0 0 0 0 0 0 0 
_1.ptx 668 : 65536 496736 0 0 0 0 0 0 0 
_1.ptx 1492 : 65536 665504 0 0 0 4096 2048 0 0 
_1.ptx 669 : 65536 750560 0 0 0 0 0 0 0 
_1.ptx 670 : 65536 745568 0 0 0 0 0 0 0 
_1.ptx 671 : 65536 431616 0 0 0 0 0 0 0 
_1.ptx 1495 : 65536 427136 0 0 0 0 0 0 0 
_1.ptx 672 : 65536 1385536 182208 0 0 4096 2048 0 0 
_1.ptx 674 : 65536 2323872 128 0 0 0 0 0 0 
_1.ptx 675 : 65536 2203552 0 0 0 0 0 0 0 
_1.ptx 676 : 65536 610560 0 0 0 0 0 0 0 
_1.ptx 678 : 65536 386496 0 0 0 0 0 0 0 
_1.ptx 679 : 65536 439488 0 0 0 0 0 0 0 
_1.ptx 680 : 65536 748384 0 0 0 0 0 0 0 
_1.ptx 681 : 65536 1350080 0 0 0 0 0 0 0 
_1.ptx 682 : 65536 545056 0 0 0 0 0 0 0 
_1.ptx 683 : 65536 535456 0 0 0 0 0 0 0 
_1.ptx 684 : 65536 595936 0 0 0 0 0 0 0 
_1.ptx 685 : 65536 754016 0 0 0 0 0 0 0 
_1.ptx 686 : 65536 488736 0 0 0 0 0 0 0 
_1.ptx 687 : 65536 763232 0 0 0 0 0 0 0 
_1.ptx 688 : 65536 524512 0 0 0 0 0 0 0 
_1.ptx 689 : 65536 525632 0 0 0 0 0 0 0 
_1.ptx 690 : 65536 524800 0 0 0 0 0 0 0 
_1.ptx 691 : 65536 456160 0 0 0 0 0 0 0 
_1.ptx 692 : 65536 3143680 0 0 0 0 0 0 0 
_1.ptx 693 : 65536 427840 0 0 0 0 0 0 0 
_1.ptx 694 : 65536 750656 0 0 0 0 0 0 0 
_1.ptx 695 : 65536 766272 0 0 0 0 0 0 0 
_1.ptx 696 : 65536 451584 0 0 0 0 0 0 0 
_1.ptx 697 : 65536 760864 0 0 0 0 0 0 0 
_1.ptx 698 : 65536 747808 0 0 0 0 0 0 0 
_1.ptx 699 : 65536 523808 0 0 0 0 0 0 0 
_1.ptx 700 : 65536 743488 0 0 0 0 0 0 0 
_1.ptx 701 : 65536 459584 0 0 0 0 0 0 0 
_1.ptx 702 : 65536 747712 0 0 0 0 0 0 0 
_1.ptx 703 : 65536 388832 0 0 0 0 0 0 0 
_1.ptx 704 : 65536 744192 0 0 0 0 0 0 0 
_1.ptx 705 : 65536 341728 0 0 0 0 0 0 0 
_1.ptx 706 : 65536 742976 0 0 0 0 0 0 0 
_1.ptx 707 : 65536 339456 0 0 0 0 0 0 0 
_1.ptx 708 : 65536 743808 0 0 0 0 0 0 0 
_1.ptx 709 : 65536 332096 0 0 0 0 0 0 0 
_1.ptx 710 : 65536 764480 0 0 0 0 0 0 0 
_1.ptx 711 : 65536 782880 0 0 0 0 0 0 0 
_1.ptx 712 : 65536 788704 0 0 0 0 0 0 0 
_1.ptx 713 : 65536 801536 0 0 0 0 0 0 0 
_1.ptx 714 : 65536 806528 0 0 0 0 0 0 0 
_1.ptx 715 : 65536 815680 0 0 0 0 0 0 0 
_1.ptx 716 : 65536 826112 0 0 0 0 0 0 0 
_1.ptx 717 : 65536 800736 0 0 0 0 0 0 0 
_1.ptx 718 : 65536 795104 0 0 0 0 0 0 0 
_1.ptx 719 : 65536 793600 0 0 0 0 0 0 0 
_1.ptx 720 : 65536 786176 0 0 0 0 0 0 0 
_1.ptx 721 : 65536 788032 0 0 0 0 0 0 0 
_1.ptx 722 : 65536 784576 0 0 0 0 0 0 0 
_1.ptx 723 : 65536 802720 0 0 0 0 0 0 0 
_1.ptx 724 : 65536 653984 0 0 0 0 0 0 0 
_1.ptx 725 : 65536 623424 0 0 0 0 0 0 0 
_1.ptx 726 : 65536 2161088 0 0 0 0 0 0 0 
_1.ptx 727 : 65536 787936 0 0 0 0 0 0 0 
_1.ptx 728 : 65536 781056 0 0 0 0 0 0 0 
_1.ptx 729 : 65536 796768 0 0 0 0 0 0 0 
_1.ptx 731 : 65536 452448 0 0 0 0 0 0 0 
_1.ptx 733 : 65536 497024 0 0 0 0 0 0 0 
_1.ptx 734 : 65536 508320 0 0 0 0 0 0 0 
_1.ptx 735 : 65536 494400 0 0 0 0 0 0 0 
_1.ptx 736 : 65536 491424 0 0 0 0 0 0 0 
_1.ptx 738 : 127467 1007668 0 0 0 0 0 0 0 
_1.ptx 739 : 127467 881869 0 0 0 0 0 0 0 
_1.ptx 740 : 127467 852801 0 0 0 0 0 0 0 
_1.ptx 744 : 509868 3315850 128 0 0 17236 17236 0 0 
_1.ptx 745 : 509868 3203833 0 0 0 17236 17236 0 0 
_1.ptx 746 : 509868 3552076 128 0 0 17236 17236 0 0 
_1.ptx 747 : 509868 2742775 0 0 0 17236 17236 0 0 
_1.ptx 748 : 509868 2528695 0 0 0 17236 17236 0 0 
_1.ptx 749 : 509868 3436632 0 0 0 0 0 0 0 
_1.ptx 750 : 509868 4426373 0 0 0 0 0 0 0 
_1.ptx 751 : 509868 2731384 0 0 0 0 0 0 0 
_1.ptx 753 : 127467 983922 0 0 0 0 0 0 0 
_1.ptx 754 : 127467 867571 0 0 0 0 0 0 0 
_1.ptx 755 : 127467 1087400 0 0 0 0 0 0 0 
_1.ptx 756 : 127467 858492 0 0 0 0 0 0 0 
_1.ptx 761 : 127467 1452598 0 0 0 0 0 0 0 
_1.ptx 762 : 127467 6186297 0 0 0 0 0 0 0 
_1.ptx 763 : 127467 838972 0 0 0 0 0 0 0 
_1.ptx 764 : 127467 852043 0 0 0 0 0 0 0 
_1.ptx 765 : 127467 1084247 0 0 0 0 0 0 0 
_1.ptx 766 : 127467 1207609 0 0 0 0 0 0 0 
_1.ptx 769 : 127467 1002082 0 0 0 0 0 0 0 
_1.ptx 770 : 127467 884618 0 0 0 0 0 0 0 
_1.ptx 773 : 382401 4489977 0 0 0 0 0 0 0 
_1.ptx 774 : 382401 1243999 0 0 0 0 0 0 0 
_1.ptx 775 : 382401 4532070 0 0 0 0 0 0 0 
_1.ptx 776 : 382401 4546340 0 0 0 0 0 0 0 
_1.ptx 777 : 382401 4570997 0 0 0 0 0 0 0 
_1.ptx 778 : 382401 4585712 0 0 0 0 0 0 0 
_1.ptx 779 : 382401 4578251 0 0 0 0 0 0 0 
_1.ptx 780 : 382401 4601906 0 0 0 0 0 0 0 
_1.ptx 781 : 382401 3761753 0 0 0 0 0 0 0 
_1.ptx 782 : 382401 3845987 0 0 0 0 0 0 0 
_1.ptx 783 : 382401 3742452 0 0 0 0 0 0 0 
_1.ptx 784 : 382401 3837929 0 0 0 0 0 0 0 
_1.ptx 785 : 382401 3400622 0 0 0 0 0 0 0 
_1.ptx 786 : 382401 3191166 0 0 0 0 0 0 0 
_1.ptx 787 : 382401 2781735 0 0 0 0 0 0 0 
_1.ptx 788 : 382401 3405261 0 0 0 0 0 0 0 
_1.ptx 789 : 382401 3173445 0 0 0 0 0 0 0 
_1.ptx 790 : 382401 3409961 0 0 0 0 0 0 0 
_1.ptx 791 : 382401 2794868 0 0 0 0 0 0 0 
_1.ptx 792 : 382401 3399060 0 0 0 0 0 0 0 
_1.ptx 793 : 382401 2003273 0 0 0 0 0 0 1523 
_1.ptx 794 : 105477 778835 0 0 0 0 0 0 0 
_1.ptx 795 : 105477 774459 0 0 0 0 0 0 0 
_1.ptx 797 : 276924 3285810 0 0 0 0 0 0 0 
_1.ptx 798 : 276924 3277084 0 0 0 0 0 0 0 
_1.ptx 799 : 276924 2445173 0 0 0 0 0 0 0 
_1.ptx 800 : 276924 140700 0 0 0 0 0 0 715 
_1.ptx 801 : 257599 1879467 0 0 0 0 0 0 0 
_1.ptx 802 : 257599 1900510 0 0 0 0 0 0 0 
_1.ptx 805 : 19325 228011 0 0 0 0 0 0 0 
_1.ptx 806 : 19325 338978 0 0 0 0 0 0 0 
_1.ptx 807 : 19325 227906 0 0 0 0 0 0 0 
_1.ptx 808 : 19325 232915 0 0 0 0 0 0 0 
_1.ptx 809 : 19325 185916 0 0 0 0 0 0 0 
_1.ptx 813 : 382401 3198915 0 0 0 0 0 0 0 
_1.ptx 815 : 509868 3657684 0 0 0 0 0 0 0 
_1.ptx 816 : 509868 4421475 0 0 0 0 0 0 0 
_1.ptx 817 : 509868 4117427 0 0 0 0 0 0 0 
_1.ptx 818 : 509868 4423281 0 0 0 0 0 0 0 
_1.ptx 819 : 509868 4118357 0 0 0 0 0 0 0 
_1.ptx 820 : 509868 4487907 0 0 0 0 0 0 0 
_1.ptx 821 : 509868 3587170 0 0 0 0 0 0 0 
_1.ptx 822 : 509868 4447741 0 0 0 0 0 0 0 
