kernel line : count latency dram_traffic smem_bk_conflicts smem_warp gmem_access_generated gmem_warp exposed_latency warp_divergence
_1.ptx 64 : 6291456 49082688 0 0 0 0 0 0 0 
_1.ptx 65 : 6291456 52616896 0 0 0 0 0 0 0 
_1.ptx 66 : 6291456 20103200 0 0 0 0 0 0 0 
_1.ptx 67 : 6291456 51622016 0 0 0 0 0 0 0 
_1.ptx 68 : 6291456 57004128 0 0 0 0 0 0 0 
_1.ptx 69 : 6291456 0 0 0 0 0 0 0 0 
_1.ptx 70 : 6291456 49184032 0 0 0 0 0 0 0 
_1.ptx 71 : 6291456 50014944 0 0 0 0 0 0 0 
_1.ptx 72 : 6291456 57880448 0 0 0 0 0 0 0 
_1.ptx 73 : 6291456 55060352 0 0 0 0 0 0 0 
_1.ptx 74 : 6291456 48524512 0 0 0 0 0 0 0 
_1.ptx 75 : 6291456 52835456 0 0 0 0 0 0 0 
_1.ptx 76 : 6291456 52629792 0 0 0 0 0 0 0 
_1.ptx 77 : 6291456 74136928 0 0 0 0 0 0 0 
_1.ptx 78 : 6291456 78493312 0 0 0 0 0 0 0 
_1.ptx 79 : 6291456 81977728 0 0 0 0 0 0 0 
_1.ptx 80 : 6291456 73656384 0 0 0 0 0 0 0 
_1.ptx 81 : 6291456 25099488 0 0 0 0 0 0 0 
_1.ptx 82 : 6291456 73851968 0 0 0 0 0 0 0 
_1.ptx 83 : 6291456 74031104 0 0 0 0 0 0 0 
_1.ptx 87 : 25165824 7615719520 100663296 0 0 786432 786432 0 0 
_1.ptx 88 : 25165824 179900768 0 786432 786432 0 0 0 0 
_1.ptx 89 : 25165824 292347456 0 0 0 0 0 0 0 
_1.ptx 90 : 25165824 292171648 0 0 0 0 0 0 0 
_1.ptx 91 : 25165824 293116544 0 0 0 0 0 0 0 
_1.ptx 92 : 25165824 222556352 0 0 0 0 0 0 0 
_1.ptx 93 : 25165824 135847712 0 0 0 0 0 0 0 
_1.ptx 95 : 6291456 47967488 0 0 0 0 0 0 0 
_1.ptx 97 : 6291456 51733856 0 0 0 0 0 0 0 
_1.ptx 98 : 6291456 51859648 0 0 0 0 0 0 0 
_1.ptx 99 : 6291456 45667872 0 0 0 0 0 0 0 
_1.ptx 100 : 6291456 55319744 0 0 0 0 0 0 0 
_1.ptx 101 : 6291456 0 0 0 0 0 0 0 0 
_1.ptx 104 : 31457280 227149088 0 0 0 0 0 0 0 
_1.ptx 106 : 31457280 340237120 0 0 0 0 0 0 0 
_1.ptx 107 : 31457280 294199872 0 0 0 0 0 0 0 
_1.ptx 108 : 31457280 377436896 0 0 0 0 0 0 0 
_1.ptx 109 : 31457280 293811712 0 0 0 0 0 0 0 
_1.ptx 110 : 31457280 376726816 0 0 0 0 0 0 0 
_1.ptx 111 : 31457280 285129248 0 0 0 0 0 0 0 
_1.ptx 112 : 31457280 446598752 0 0 0 0 0 0 0 
_1.ptx 113 : 31457280 373267584 0 0 0 0 0 0 0 
_1.ptx 114 : 31457280 421275968 0 2162688 983040 0 0 0 0 
_1.ptx 116 : 31457280 369354848 0 0 0 0 0 0 0 
_1.ptx 117 : 31457280 273934528 0 0 0 0 0 0 0 
_1.ptx 118 : 31457280 372338432 0 0 0 0 0 0 0 
_1.ptx 119 : 31457280 371500576 0 0 0 0 0 0 0 
_1.ptx 120 : 31457280 446268352 0 2162688 983040 0 0 0 0 
_1.ptx 122 : 31457280 366997600 0 0 0 0 0 0 0 
_1.ptx 123 : 31457280 266707232 0 0 0 0 0 0 0 
_1.ptx 124 : 31457280 364415712 0 0 0 0 0 0 0 
_1.ptx 125 : 31457280 369214496 0 0 0 0 0 0 0 
_1.ptx 126 : 31457280 442481248 0 2162688 983040 0 0 0 0 
_1.ptx 128 : 31457280 364976192 0 0 0 0 0 0 0 
_1.ptx 129 : 31457280 264590368 0 0 0 0 0 0 0 
_1.ptx 130 : 31457280 352526336 0 0 0 0 0 0 0 
_1.ptx 131 : 31457280 368172128 0 0 0 0 0 0 0 
_1.ptx 132 : 31457280 435598528 0 2162688 983040 0 0 0 0 
_1.ptx 134 : 31457280 364465024 0 0 0 0 0 0 0 
_1.ptx 135 : 31457280 367295488 0 0 0 0 0 0 0 
_1.ptx 137 : 31457280 364456544 0 0 0 0 0 0 0 
_1.ptx 138 : 31457280 366251808 0 0 0 0 0 0 0 
_1.ptx 140 : 31457280 365205952 0 0 0 0 0 0 0 
_1.ptx 141 : 31457280 310118848 0 2162688 983040 0 0 0 0 
_1.ptx 142 : 31457280 360257408 0 0 0 0 0 0 0 
_1.ptx 143 : 31457280 307033152 0 2162688 983040 0 0 0 0 
_1.ptx 145 : 31457280 359202944 0 0 0 0 0 0 0 
_1.ptx 146 : 31457280 302141536 0 2162688 983040 0 0 0 0 
_1.ptx 147 : 31457280 358511712 0 0 0 0 0 0 0 
_1.ptx 148 : 31457280 295729120 0 2162688 983040 0 0 0 0 
_1.ptx 150 : 31457280 243954528 0 0 0 0 0 0 0 
_1.ptx 151 : 31457280 221276128 0 0 0 0 0 0 0 
_1.ptx 152 : 31457280 268076224 0 0 0 0 0 0 0 
_1.ptx 153 : 31457280 179858720 0 0 0 0 0 0 0 
_1.ptx 155 : 6291456 46668896 0 0 0 0 0 0 0 
_1.ptx 156 : 6291456 40680128 0 0 0 0 0 0 0 
_1.ptx 157 : 6291456 52271072 0 0 0 0 0 0 0 
_1.ptx 158 : 6291456 0 0 0 0 0 0 0 0 
_1.ptx 160 : 6291456 41945952 0 0 0 0 0 0 0 
_1.ptx 162 : 6291456 53901024 0 0 0 0 0 0 0 
_1.ptx 163 : 6291456 53869184 0 0 0 0 0 0 0 
_1.ptx 164 : 6291456 47127648 0 0 0 0 0 0 0 
_1.ptx 165 : 6291456 57166272 0 0 0 0 0 0 0 
_1.ptx 166 : 6291456 75467648 0 0 0 0 0 0 0 
_1.ptx 167 : 6291456 54408928 0 0 0 0 0 0 0 
_1.ptx 168 : 6291456 56620544 0 0 0 0 0 0 0 
_1.ptx 169 : 6291456 0 0 0 0 0 0 0 0 
_1.ptx 170 : 6291456 47293568 0 0 0 0 0 0 0 
_1.ptx 174 : 12582912 105443936 0 0 0 0 0 0 0 
_1.ptx 175 : 12582912 101749728 0 0 0 0 0 0 0 
_1.ptx 176 : 12582912 135473856 0 0 0 0 0 0 0 
_1.ptx 177 : 12582912 147186400 0 0 0 0 0 0 0 
_1.ptx 178 : 12582912 146732960 0 786432 393216 0 0 0 0 
_1.ptx 180 : 12582912 151872096 0 786432 393216 0 0 0 0 
_1.ptx 182 : 12582912 146884000 0 0 0 0 0 0 0 
_1.ptx 183 : 12582912 101153312 0 786432 393216 0 0 0 0 
_1.ptx 185 : 12582912 145569504 0 0 0 0 0 0 0 
_1.ptx 186 : 12582912 99214144 0 786432 393216 0 0 0 0 
_1.ptx 187 : 12582912 145902208 0 0 0 0 0 0 0 
_1.ptx 188 : 12582912 110327360 0 0 0 0 0 0 0 
_1.ptx 189 : 12582912 45195168 0 0 0 0 0 0 0 
_1.ptx 193 : 6291456 47002400 0 0 0 0 0 0 0 
_1.ptx 195 : 6291456 52654016 0 0 0 0 0 0 0 
_1.ptx 196 : 6291456 0 0 0 0 0 0 0 0 
_1.ptx 197 : 6291456 52639808 0 0 0 0 0 0 0 
_1.ptx 198 : 6291456 47602656 0 0 0 0 0 0 0 
_1.ptx 199 : 6291456 52508160 0 0 0 0 0 0 0 
_1.ptx 200 : 6291456 47737248 0 0 0 0 0 0 0 
_1.ptx 201 : 6291456 54925312 0 0 0 0 0 0 0 
_1.ptx 202 : 6291456 87556288 0 0 0 0 0 0 0 
_1.ptx 203 : 6291456 100407872 0 0 0 0 0 0 0 
_1.ptx 204 : 6291456 51431104 0 0 0 0 0 0 0 
_1.ptx 205 : 6291456 73096320 0 0 0 0 0 0 0 
_1.ptx 206 : 6291456 20375552 0 0 0 0 0 0 0 
_1.ptx 207 : 6291456 99993408 0 0 0 0 0 0 0 
_1.ptx 208 : 6291456 76360288 0 0 0 0 0 0 0 
_1.ptx 209 : 6291456 75077120 0 0 0 0 0 0 0 
_1.ptx 213 : 25165824 235349728 0 786432 786432 0 0 0 0 
_1.ptx 214 : 25165824 170064672 0 0 0 786432 786432 0 0 
_1.ptx 215 : 25165824 298137824 0 0 0 0 0 0 0 
_1.ptx 216 : 25165824 299690848 0 0 0 0 0 0 0 
_1.ptx 217 : 25165824 300311296 0 0 0 0 0 0 0 
_1.ptx 218 : 25165824 232073920 0 0 0 0 0 0 0 
_1.ptx 219 : 25165824 147535776 0 0 0 0 0 0 0 
_1.ptx 222 : 6291456 49526400 0 0 0 0 0 0 0 
_1.ptx 237 : 37748736 251387680 0 0 0 0 0 0 0 
_1.ptx 238 : 37748736 255054944 0 0 0 0 0 0 0 
_1.ptx 239 : 37748736 523703360 0 0 0 0 0 0 0 
_1.ptx 240 : 37748736 860759296 128 0 0 0 0 0 0 
_1.ptx 241 : 37748736 403001824 0 0 0 0 0 0 0 
_1.ptx 242 : 37748736 261552384 0 0 0 0 0 0 0 
_1.ptx 243 : 37748736 452275552 0 0 0 0 0 0 0 
_1.ptx 244 : 37748736 254289408 0 0 0 0 0 0 0 
_1.ptx 245 : 37748736 466379552 0 0 0 0 0 0 0 
_1.ptx 246 : 37748736 251170080 0 0 0 0 0 0 0 
_1.ptx 247 : 37748736 427591424 0 0 0 0 0 0 0 
_1.ptx 248 : 37748736 320457056 0 0 0 0 0 0 0 
_1.ptx 249 : 37748736 424283168 0 0 0 0 0 0 0 
_1.ptx 250 : 37748736 417450848 0 0 0 0 0 0 0 
_1.ptx 251 : 37748736 285191168 0 0 0 0 0 0 0 
_1.ptx 252 : 37748736 416894880 0 0 0 0 0 0 0 
_1.ptx 253 : 37748736 285308384 0 0 0 0 0 0 0 
_1.ptx 254 : 37748736 930692832 0 0 0 0 0 0 0 
_1.ptx 255 : 37748736 424115872 0 0 0 0 0 0 0 
_1.ptx 256 : 37748736 424081664 0 0 0 0 0 0 0 
_1.ptx 257 : 37748736 290078208 0 0 0 0 0 0 0 
_1.ptx 258 : 37748736 417156864 0 0 0 0 0 0 0 
_1.ptx 259 : 37748736 424666496 0 0 0 0 0 0 0 
_1.ptx 260 : 37748736 22417443520 150994944 0 0 1179648 1179648 0 0 
_1.ptx 262 : 37748736 423527808 0 0 0 0 0 0 0 
_1.ptx 263 : 37748736 283722496 0 0 0 0 0 0 0 
_1.ptx 264 : 37748736 418359424 0 0 0 0 0 0 0 
_1.ptx 265 : 37748736 422296896 0 0 0 0 0 0 0 
_1.ptx 266 : 37748736 21711003584 150994944 0 0 1179648 1179648 0 0 
_1.ptx 268 : 37748736 421586304 0 0 0 0 0 0 0 
_1.ptx 269 : 37748736 281114656 0 0 0 0 0 0 0 
_1.ptx 270 : 37748736 410253728 0 0 0 0 0 0 0 
_1.ptx 271 : 37748736 421615744 0 0 0 0 0 0 0 
_1.ptx 272 : 37748736 21409948768 150994944 0 0 1179648 1179648 0 0 
_1.ptx 274 : 37748736 421280992 0 0 0 0 0 0 0 
_1.ptx 275 : 37748736 279864128 0 0 0 0 0 0 0 
_1.ptx 276 : 37748736 409369696 0 0 0 0 0 0 0 
_1.ptx 277 : 37748736 420903072 0 0 0 0 0 0 0 
_1.ptx 278 : 37748736 22568752256 150994944 0 0 1179648 1179648 0 0 
_1.ptx 280 : 37748736 420234336 0 0 0 0 0 0 0 
_1.ptx 281 : 37748736 421858624 0 0 0 0 0 0 0 
_1.ptx 283 : 37748736 420372640 0 0 0 0 0 0 0 
_1.ptx 284 : 37748736 421440288 0 0 0 0 0 0 0 
_1.ptx 286 : 37748736 951900576 0 0 0 0 0 0 0 
_1.ptx 287 : 37748736 420530240 0 0 0 0 0 0 0 
_1.ptx 288 : 37748736 421638848 0 0 0 0 0 0 0 
_1.ptx 289 : 37748736 423669376 0 0 0 0 0 0 0 
_1.ptx 290 : 37748736 1049240320 0 0 0 1179648 1179648 0 0 
_1.ptx 291 : 37748736 421926304 0 0 0 0 0 0 0 
_1.ptx 292 : 37748736 421928992 0 0 0 0 0 0 0 
_1.ptx 293 : 37748736 1076738912 0 0 0 1179648 1179648 0 0 
_1.ptx 295 : 37748736 421269248 0 0 0 0 0 0 0 
_1.ptx 296 : 37748736 421910272 0 0 0 0 0 0 0 
_1.ptx 297 : 37748736 1171938880 0 0 0 1179648 1179648 0 0 
_1.ptx 298 : 37748736 421036800 0 0 0 0 0 0 0 
_1.ptx 299 : 37748736 420857152 0 0 0 0 0 0 0 
_1.ptx 300 : 37748736 1208297024 0 0 0 1179648 1179648 0 0 
_1.ptx 302 : 37748736 237609696 0 0 0 0 0 0 0 
_1.ptx 318 : 32768 200320 0 0 0 0 0 0 0 
_1.ptx 319 : 32768 201568 0 0 0 0 0 0 0 
_1.ptx 320 : 32768 623488 0 0 0 0 0 0 0 
_1.ptx 321 : 32768 209216 0 0 0 0 0 0 0 
_1.ptx 322 : 32768 388672 0 0 0 0 0 0 0 
_1.ptx 323 : 32768 276672 0 0 0 0 0 0 0 
_1.ptx 324 : 32768 442112 0 0 0 0 0 0 0 
_1.ptx 325 : 32768 270368 0 0 0 0 0 0 0 
_1.ptx 326 : 32768 0 0 0 0 0 0 0 0 
_1.ptx 327 : 32768 256736 0 0 0 0 0 0 0 
_1.ptx 328 : 32768 201184 0 0 0 0 0 0 0 
_1.ptx 329 : 32768 827648 0 0 0 0 0 0 0 
_1.ptx 330 : 32768 234240 0 0 0 0 0 0 0 
_1.ptx 331 : 32768 1076800 0 0 0 0 0 0 0 
_1.ptx 332 : 32768 232896 0 0 0 0 0 0 0 
_1.ptx 333 : 32768 1293856 0 0 0 0 0 0 0 
_1.ptx 334 : 32768 1014400 0 0 0 0 0 0 0 
_1.ptx 335 : 32768 363008 0 0 0 0 0 0 0 
_1.ptx 336 : 32768 848960 0 0 0 0 0 0 0 
_1.ptx 337 : 32768 1092736 0 0 0 0 0 0 0 
_1.ptx 338 : 32768 362336 0 0 0 0 0 0 0 
_1.ptx 342 : 8388608 5438197312 33554432 0 0 262144 262144 0 0 
_1.ptx 343 : 8388608 5518481824 33554432 0 0 262144 262144 0 0 
_1.ptx 344 : 8388608 92504160 0 0 0 0 0 0 0 
_1.ptx 345 : 8388608 92547168 0 0 0 0 0 0 0 
_1.ptx 346 : 8388608 391993088 114176 0 0 262144 262144 0 0 
_1.ptx 347 : 8388608 92551904 0 0 0 0 0 0 0 
_1.ptx 348 : 8388608 92696288 0 0 0 0 0 0 0 
_1.ptx 349 : 8388608 93236864 0 0 0 0 0 0 0 
_1.ptx 350 : 8388608 67487552 0 0 0 0 0 0 0 
_1.ptx 351 : 8388608 50449568 0 0 0 0 0 0 0 
_1.ptx 354 : 32768 197408 0 0 0 0 0 0 0 
