kernel line : count latency dram_traffic smem_bk_conflicts smem_warp gmem_access_generated gmem_warp exposed_latency warp_divergence
_1.ptx 823 : 509868 3046514 0 0 0 0 0 0 1125 
_1.ptx 825 : 74702 590296 0 0 0 0 0 0 0 
_1.ptx 827 : 74702 610935 0 0 0 0 0 0 0 
_1.ptx 829 : 509868 5570712 0 0 0 0 0 0 0 
_1.ptx 830 : 509868 5606817 0 0 0 0 0 0 0 
_1.ptx 831 : 509868 3777717 0 0 0 0 0 0 0 
_1.ptx 832 : 509868 4471525 0 0 0 0 0 0 0 
_1.ptx 833 : 509868 2668477 0 0 0 0 0 0 0 
_1.ptx 834 : 127467 903713 0 0 0 0 0 0 0 
_1.ptx 835 : 127467 1101356 0 0 0 0 0 0 0 
_1.ptx 836 : 127467 1022980 0 0 0 0 0 0 0 
_1.ptx 837 : 127467 887932 0 0 0 0 0 0 0 
_1.ptx 838 : 127467 1099505 0 0 0 0 0 0 0 
_1.ptx 839 : 127467 1001083 0 0 0 0 0 0 0 
_1.ptx 840 : 127467 1102345 0 0 0 0 0 0 0 
_1.ptx 841 : 127467 891857 0 0 0 0 0 0 0 
_1.ptx 842 : 127467 1091267 0 0 0 0 0 0 0 
_1.ptx 843 : 127467 441688 0 0 0 0 0 0 631 
_1.ptx 845 : 62282 685806 0 0 0 0 0 0 0 
_1.ptx 847 : 62282 508004 0 0 0 0 0 0 0 
_1.ptx 848 : 62282 495455 0 0 0 0 0 0 0 
_1.ptx 849 : 62282 789993 0 0 0 0 0 0 0 
_1.ptx 850 : 62282 716653 0 0 0 0 0 0 0 
_1.ptx 851 : 62282 311767 0 0 0 2349 2349 0 0 
_1.ptx 852 : 62282 310692 0 0 0 2349 2349 0 0 
_1.ptx 853 : 62282 310277 0 0 0 2544 2349 0 0 
_1.ptx 854 : 62282 312016 0 0 0 2544 2349 0 0 
_1.ptx 855 : 62282 301371 0 0 0 2544 2349 0 0 
_1.ptx 856 : 62282 306303 0 0 0 2544 2349 0 0 
_1.ptx 857 : 62282 296880 0 0 0 2544 2349 0 0 
_1.ptx 859 : 62282 706500 0 0 0 0 0 0 0 
_1.ptx 860 : 62282 707157 0 0 0 0 0 0 0 
_1.ptx 861 : 62282 712196 0 0 0 0 0 0 0 
_1.ptx 862 : 62282 723920 0 0 0 0 0 0 0 
_1.ptx 863 : 62282 724375 0 0 0 0 0 0 0 
_1.ptx 864 : 62282 725128 0 0 0 0 0 0 0 
_1.ptx 865 : 62282 339719 0 0 0 2544 2349 0 0 
_1.ptx 866 : 62282 446408 0 0 0 0 0 0 0 
_1.ptx 867 : 62282 537545 0 0 0 0 0 0 0 
_1.ptx 868 : 62282 128141 0 0 0 0 0 0 305 
_1.ptx 870 : 43133 308014 0 0 0 0 0 0 0 
_1.ptx 871 : 43133 305463 0 0 0 0 0 0 0 
_1.ptx 872 : 43133 306972 0 0 0 0 0 0 0 
_1.ptx 873 : 43133 298493 0 0 0 0 0 0 0 
_1.ptx 875 : 19149 67697 0 0 0 0 0 0 0 
_1.ptx 876 : 19149 219712 0 0 0 0 0 0 0 
_1.ptx 877 : 19149 220623 0 0 0 0 0 0 0 
_1.ptx 878 : 19149 222833 0 0 0 0 0 0 0 
_1.ptx 879 : 19149 224555 0 0 0 0 0 0 0 
_1.ptx 880 : 19149 226054 0 0 0 0 0 0 0 
_1.ptx 881 : 19149 184873 0 0 0 0 0 0 0 
_1.ptx 882 : 19149 185389 0 0 0 0 0 0 0 
_1.ptx 883 : 19149 639253 0 0 0 0 0 0 0 
_1.ptx 884 : 19149 242338 0 0 0 0 0 0 0 
_1.ptx 885 : 19149 241910 0 0 0 0 0 0 0 
_1.ptx 886 : 19149 249558 0 0 0 0 0 0 0 
_1.ptx 888 : 62282 735868 0 0 0 0 0 0 0 
_1.ptx 889 : 62282 732719 0 0 0 0 0 0 0 
_1.ptx 890 : 62282 751661 0 0 0 0 0 0 0 
_1.ptx 891 : 62282 783446 0 0 0 0 0 0 0 
_1.ptx 892 : 62282 618427 0 0 0 0 0 0 0 
_1.ptx 893 : 62282 609544 0 0 0 0 0 0 0 
_1.ptx 894 : 62282 1871557 0 0 0 0 0 0 0 
_1.ptx 895 : 62282 735328 0 0 0 0 0 0 0 
_1.ptx 896 : 62282 737191 0 0 0 0 0 0 0 
_1.ptx 897 : 62282 743407 0 0 0 0 0 0 0 
_1.ptx 898 : 62282 719093 0 0 0 0 0 0 0 
_1.ptx 899 : 62282 601041 0 0 0 0 0 0 0 
_1.ptx 900 : 62282 597570 0 0 0 0 0 0 0 
_1.ptx 901 : 62282 425716 0 0 0 0 0 0 0 
_1.ptx 902 : 62282 538868 0 0 0 0 0 0 0 
_1.ptx 903 : 62282 432426 0 0 0 0 0 0 0 
_1.ptx 910 : 62282 489046 0 0 0 0 0 0 0 
_1.ptx 911 : 62282 493733 0 0 0 0 0 0 0 
_1.ptx 912 : 62282 502802 0 0 0 0 0 0 0 
_1.ptx 915 : 62282 445209 0 0 0 0 0 0 0 
_1.ptx 916 : 62282 724597 0 0 0 0 0 0 0 
_1.ptx 917 : 62282 490078 0 0 0 0 0 0 0 
_1.ptx 918 : 62282 910019 0 0 0 0 0 0 0 
_1.ptx 919 : 62282 707240 0 0 0 0 0 0 0 
_1.ptx 920 : 62282 608168 25376 0 0 0 0 0 0 
_1.ptx 921 : 62282 415324 0 0 0 0 0 0 0 
_1.ptx 922 : 62282 713581 0 0 0 0 0 0 0 
_1.ptx 923 : 62282 825776 50144 0 0 0 0 0 0 
_1.ptx 924 : 62282 409732 0 0 0 0 0 0 0 
_1.ptx 925 : 62282 711006 0 0 0 0 0 0 0 
_1.ptx 926 : 62282 1054740 25632 0 0 0 0 0 0 
_1.ptx 927 : 62282 407128 0 0 0 0 0 0 0 
_1.ptx 928 : 62282 712947 0 0 0 0 0 0 0 
_1.ptx 929 : 62282 1157428 19040 0 0 0 0 0 0 
_1.ptx 931 : 62282 408972 0 0 0 0 0 0 0 
_1.ptx 932 : 62282 714389 0 0 0 0 0 0 0 
_1.ptx 933 : 62282 419450 0 0 0 0 0 0 0 
_1.ptx 934 : 62282 710951 0 0 0 0 0 0 0 
_1.ptx 935 : 62282 419419 0 0 0 0 0 0 0 
_1.ptx 936 : 62282 728219 0 0 0 0 0 0 0 
_1.ptx 937 : 62282 755085 0 0 0 0 0 0 0 
_1.ptx 938 : 62282 605904 0 0 0 0 0 0 0 
_1.ptx 939 : 62282 597635 0 0 0 0 0 0 0 
_1.ptx 940 : 62282 2268678 0 0 0 0 0 0 0 
_1.ptx 941 : 62282 775056 0 0 0 0 0 0 0 
_1.ptx 942 : 62282 777014 0 0 0 0 0 0 0 
_1.ptx 943 : 62282 819835 0 0 0 0 0 0 0 
_1.ptx 944 : 62282 790155 0 0 0 0 0 0 0 
_1.ptx 945 : 62282 603885 0 0 0 0 0 0 0 
_1.ptx 946 : 62282 600813 0 0 0 0 0 0 0 
_1.ptx 947 : 62282 443296 0 0 0 0 0 0 0 
_1.ptx 948 : 62282 542409 0 0 0 0 0 0 0 
_1.ptx 949 : 62282 37233 0 0 0 0 0 0 318 
_1.ptx 951 : 56815 448336 0 0 0 0 0 0 0 
_1.ptx 952 : 56815 356816 0 0 0 0 0 0 0 
_1.ptx 955 : 220903 1038445 0 0 0 8579 8579 0 0 
_1.ptx 956 : 220903 1045631 0 0 0 8579 8579 0 0 
_1.ptx 957 : 220903 1022541 0 0 0 8579 8579 0 0 
_1.ptx 958 : 220903 1024348 0 0 0 8579 8579 0 0 
_1.ptx 959 : 220903 1468935 0 0 0 0 0 0 0 
_1.ptx 960 : 220903 1892636 0 0 0 0 0 0 0 
_1.ptx 961 : 220903 1145642 0 0 0 0 0 0 0 
_1.ptx 963 : 56815 434212 0 0 0 0 0 0 0 
_1.ptx 964 : 56815 378225 0 0 0 0 0 0 0 
_1.ptx 965 : 56815 479159 0 0 0 0 0 0 0 
_1.ptx 966 : 56815 371953 0 0 0 0 0 0 0 
_1.ptx 971 : 56815 362667 0 0 0 0 0 0 0 
_1.ptx 972 : 56815 527510 0 0 0 0 0 0 0 
_1.ptx 973 : 56815 641853 0 0 0 0 0 0 0 
_1.ptx 974 : 56815 3304614 0 0 0 0 0 0 0 
_1.ptx 976 : 56815 371141 0 0 0 0 0 0 0 
_1.ptx 977 : 56815 376171 0 0 0 0 0 0 0 
_1.ptx 978 : 56815 486905 0 0 0 0 0 0 0 
_1.ptx 979 : 56815 528953 0 0 0 0 0 0 0 
_1.ptx 982 : 56815 435557 0 0 0 0 0 0 0 
_1.ptx 983 : 56815 382451 0 0 0 0 0 0 0 
_1.ptx 986 : 164088 757290 0 0 0 6402 6402 0 0 
_1.ptx 987 : 164088 630120 0 0 0 0 0 0 0 
_1.ptx 988 : 164088 1942620 0 0 0 0 0 0 0 
_1.ptx 989 : 164088 1156963 0 0 0 0 0 0 0 
_1.ptx 990 : 164088 1960890 0 0 0 0 0 0 0 
_1.ptx 991 : 164088 1184157 0 0 0 0 0 0 0 
_1.ptx 992 : 164088 1953549 0 0 0 0 0 0 0 
_1.ptx 993 : 164088 1202530 0 0 0 0 0 0 0 
_1.ptx 994 : 164088 1973248 0 0 0 0 0 0 0 
_1.ptx 995 : 164088 1956086 0 0 0 0 0 0 0 
_1.ptx 996 : 164088 1987426 0 0 0 0 0 0 0 
_1.ptx 997 : 164088 1989062 0 0 0 0 0 0 0 
_1.ptx 998 : 164088 1996605 0 0 0 0 0 0 0 
_1.ptx 999 : 164088 1990215 0 0 0 0 0 0 0 
_1.ptx 1000 : 164088 2020121 0 0 0 0 0 0 0 
_1.ptx 1001 : 164088 2038798 0 0 0 0 0 0 0 
_1.ptx 1002 : 164088 1680431 0 0 0 0 0 0 0 
_1.ptx 1003 : 164088 1669538 0 0 0 0 0 0 0 
_1.ptx 1004 : 164088 1993504 0 0 0 0 0 0 0 
_1.ptx 1005 : 164088 1637524 0 0 0 0 0 0 0 
_1.ptx 1006 : 164088 1637551 0 0 0 0 0 0 0 
_1.ptx 1007 : 164088 1995568 0 0 0 0 0 0 0 
_1.ptx 1008 : 164088 1496586 0 0 0 0 0 0 0 
_1.ptx 1009 : 164088 1386329 0 0 0 0 0 0 0 
_1.ptx 1010 : 164088 1180398 0 0 0 0 0 0 0 
_1.ptx 1011 : 164088 1457744 0 0 0 0 0 0 0 
_1.ptx 1012 : 164088 1362023 0 0 0 0 0 0 0 
_1.ptx 1013 : 164088 1471169 0 0 0 0 0 0 0 
_1.ptx 1014 : 164088 1201712 0 0 0 0 0 0 0 
_1.ptx 1015 : 164088 1460113 0 0 0 0 0 0 0 
_1.ptx 1016 : 164088 828303 0 0 0 0 0 0 965 
_1.ptx 1017 : 50431 368104 0 0 0 0 0 0 0 
_1.ptx 1018 : 50431 367392 0 0 0 0 0 0 0 
_1.ptx 1020 : 113657 1350723 0 0 0 0 0 0 0 
_1.ptx 1021 : 113657 1351028 0 0 0 0 0 0 0 
_1.ptx 1022 : 113657 1018233 0 0 0 0 0 0 0 
_1.ptx 1023 : 113657 45871 0 0 0 0 0 0 344 
_1.ptx 1024 : 107587 797152 0 0 0 0 0 0 0 
_1.ptx 1025 : 107587 806855 0 0 0 0 0 0 0 
_1.ptx 1028 : 6070 72145 0 0 0 0 0 0 0 
_1.ptx 1029 : 6070 110804 0 0 0 0 0 0 0 
_1.ptx 1030 : 6070 73527 0 0 0 0 0 0 0 
_1.ptx 1031 : 6070 74884 0 0 0 0 0 0 0 
_1.ptx 1032 : 6070 59979 0 0 0 0 0 0 0 
_1.ptx 1036 : 164088 1370291 0 0 0 0 0 0 0 
_1.ptx 1039 : 220903 1588364 0 0 0 0 0 0 0 
_1.ptx 1040 : 220903 1926027 0 0 0 0 0 0 0 
_1.ptx 1041 : 220903 1507866 0 0 0 0 0 0 370 
_1.ptx 1042 : 6068 74580 0 0 0 0 0 0 0 
_1.ptx 1043 : 6068 74584 0 0 0 0 0 0 0 
_1.ptx 1044 : 6068 75344 0 0 0 0 0 0 0 
_1.ptx 1045 : 6068 73874 0 0 0 0 0 0 0 
_1.ptx 1046 : 6068 73883 0 0 0 0 0 0 0 
_1.ptx 1047 : 6068 73850 0 0 0 0 0 0 0 
_1.ptx 1048 : 6068 74375 0 0 0 0 0 0 0 
_1.ptx 1049 : 6068 60350 0 0 0 0 0 0 0 
_1.ptx 1050 : 6068 61444 0 0 0 0 0 0 0 
_1.ptx 1051 : 6068 55689 0 0 0 0 0 0 0 
_1.ptx 1052 : 6068 46928 0 0 0 0 0 0 0 
_1.ptx 1057 : 220903 2428846 0 0 0 0 0 0 0 
_1.ptx 1058 : 220903 2439523 0 0 0 0 0 0 0 
_1.ptx 1059 : 220903 1680446 0 0 0 0 0 0 0 
_1.ptx 1060 : 220903 1959225 0 0 0 0 0 0 0 
_1.ptx 1061 : 220903 374734 0 0 0 0 0 0 0 
_1.ptx 1062 : 169119 1230842 0 0 0 0 0 0 0 
_1.ptx 1063 : 169119 1457640 0 0 0 0 0 0 0 
_1.ptx 1064 : 169119 1137284 0 0 0 0 0 0 295 
_1.ptx 1065 : 5031 36418 0 0 0 0 0 0 0 
_1.ptx 1067 : 51784 371886 0 0 0 0 0 0 0 
_1.ptx 1068 : 51784 460537 0 0 0 0 0 0 0 
_1.ptx 1071 : 56815 45180 0 0 0 0 0 0 318 
_1.ptx 1073 : 50745 601433 0 0 0 0 0 0 0 
_1.ptx 1074 : 50745 605361 0 0 0 0 0 0 0 
_1.ptx 1075 : 50745 606928 0 0 0 0 0 0 0 
_1.ptx 1076 : 50745 637896 0 0 0 0 0 0 0 
_1.ptx 1077 : 50745 503872 0 0 0 0 0 0 0 
_1.ptx 1078 : 50745 499603 0 0 0 0 0 0 0 
_1.ptx 1079 : 50745 1244776 0 0 0 0 0 0 0 
_1.ptx 1081 : 50745 373550 0 0 0 0 0 0 0 
_1.ptx 1082 : 50745 1076417 0 0 0 0 0 0 0 
_1.ptx 1083 : 50745 405373 0 0 0 0 0 0 0 
_1.ptx 1084 : 50745 738348 0 0 0 0 0 0 0 
_1.ptx 1085 : 50745 658871 0 0 0 0 0 0 0 
_1.ptx 1086 : 50745 604348 0 0 0 0 0 0 0 
_1.ptx 1087 : 50745 356527 0 0 0 0 0 0 0 
_1.ptx 1088 : 50745 361856 0 0 0 0 0 0 0 
_1.ptx 1089 : 50745 591647 0 0 0 0 0 0 0 
_1.ptx 1090 : 50745 599649 0 0 0 0 0 0 0 
_1.ptx 1091 : 50745 599893 0 0 0 0 0 0 0 
_1.ptx 1092 : 50745 357444 0 0 0 0 0 0 0 
_1.ptx 1093 : 50745 363067 0 0 0 0 0 0 0 
_1.ptx 1094 : 50745 595141 0 0 0 0 0 0 0 
_1.ptx 1095 : 50745 599507 0 0 0 0 0 0 0 
_1.ptx 1096 : 50745 604534 0 0 0 0 0 0 0 
_1.ptx 1097 : 50745 684621 0 0 0 0 0 0 0 
_1.ptx 1098 : 50745 356300 0 0 0 0 0 0 0 
_1.ptx 1099 : 50745 590978 0 0 0 0 0 0 0 
_1.ptx 1100 : 50745 489741 0 0 0 0 0 0 0 
_1.ptx 1101 : 50745 731503 128 0 0 0 0 0 0 
_1.ptx 1103 : 50745 584015 0 0 0 0 0 0 0 
_1.ptx 1104 : 50745 590308 0 0 0 0 0 0 0 
_1.ptx 1105 : 50745 591506 0 0 0 0 0 0 0 
_1.ptx 1106 : 50745 497992 0 0 0 0 0 0 0 
_1.ptx 1107 : 50745 605853 0 0 0 0 0 0 0 
_1.ptx 1108 : 50745 511655 0 0 0 0 0 0 0 
_1.ptx 1109 : 50745 388483 0 0 0 0 0 0 0 
_1.ptx 1110 : 50745 1099212 0 0 0 0 0 0 0 
_1.ptx 1111 : 50745 421628 0 0 0 0 0 0 0 
_1.ptx 1112 : 50745 1097211 0 0 0 0 0 0 0 
_1.ptx 1113 : 50745 418128 0 0 0 0 0 0 0 
_1.ptx 1114 : 50745 467623 0 0 0 0 0 0 0 
_1.ptx 1115 : 50745 376017 0 0 0 0 0 0 0 
_1.ptx 1121 : 50745 420291 0 0 0 0 0 0 0 
_1.ptx 1122 : 50745 371053 0 0 0 0 0 0 0 
_1.ptx 1123 : 50745 437889 0 0 0 0 0 0 0 
_1.ptx 1124 : 50745 0 0 0 0 0 0 0 0 
_1.ptx 1125 : 50745 327566 0 0 0 0 0 0 0 
_1.ptx 1133 : 50745 327022 0 0 0 0 0 0 0 
_1.ptx 1134 : 50745 422185 0 0 0 0 0 0 0 
_1.ptx 1135 : 50745 331013 0 0 0 0 0 0 0 
_1.ptx 1140 : 50745 329991 0 0 0 0 0 0 0 
_1.ptx 1141 : 50745 422613 0 0 0 0 0 0 0 
_1.ptx 1142 : 50745 327881 0 0 0 0 0 0 0 
_1.ptx 1157 : 50745 332692 0 0 0 0 0 0 0 
_1.ptx 1158 : 50745 426824 0 0 0 0 0 0 0 
_1.ptx 1159 : 50745 331644 0 0 0 0 0 0 0 
_1.ptx 1181 : 50745 332609 0 0 0 0 0 0 0 
_1.ptx 1182 : 50745 426589 0 0 0 0 0 0 0 
_1.ptx 1183 : 50745 330825 0 0 0 0 0 0 0 
_1.ptx 1196 : 50745 378251 0 0 0 0 0 0 0 
_1.ptx 1197 : 50745 383616 0 0 0 0 0 0 0 
_1.ptx 1198 : 50745 388854 0 0 0 0 0 0 0 
_1.ptx 1199 : 50745 394856 0 0 0 0 0 0 0 
_1.ptx 1200 : 50745 349611 0 0 0 0 0 0 0 
_1.ptx 1201 : 50745 428952 0 0 0 0 0 0 0 
_1.ptx 1202 : 50745 334906 0 0 0 0 0 0 0 
_1.ptx 1213 : 50745 418107 0 0 0 0 0 0 0 
_1.ptx 1216 : 50745 573729 0 0 0 0 0 0 0 
_1.ptx 1218 : 50745 427061 0 0 0 0 0 0 0 
_1.ptx 1219 : 50745 410078 0 0 0 0 0 0 0 
_1.ptx 1220 : 50745 403268 0 0 0 0 0 0 0 
_1.ptx 1221 : 50745 407796 0 0 0 0 0 0 0 
_1.ptx 1222 : 50745 360773 0 0 0 0 0 0 0 
_1.ptx 1223 : 50745 442979 0 0 0 0 0 0 0 
_1.ptx 1224 : 50745 215864 0 0 0 0 0 0 727 
_1.ptx 1226 : 21083 158483 0 0 0 0 0 0 0 
_1.ptx 1227 : 21083 249967 0 0 0 0 0 0 0 
_1.ptx 1229 : 21083 241204 0 0 0 0 0 0 0 
_1.ptx 1232 : 50745 390681 0 0 0 0 0 0 0 
_1.ptx 1233 : 50745 595594 0 0 0 0 0 0 0 
_1.ptx 1234 : 50745 349053 0 0 0 0 0 0 0 
_1.ptx 1235 : 50745 594259 0 0 0 0 0 0 0 
_1.ptx 1236 : 50745 614542 0 0 0 0 0 0 0 
_1.ptx 1237 : 50745 473358 0 0 0 0 0 0 0 
_1.ptx 1238 : 50745 2382747 0 0 0 0 0 0 0 
_1.ptx 1239 : 50745 410062 0 0 0 0 0 0 0 
_1.ptx 1240 : 50745 621072 0 0 0 0 0 0 0 
_1.ptx 1241 : 50745 412143 0 0 0 0 0 0 0 
_1.ptx 1242 : 50745 413313 0 0 0 0 0 0 0 
_1.ptx 1243 : 50745 410487 0 0 0 0 0 0 0 
_1.ptx 1244 : 50745 410388 0 0 0 0 0 0 0 
_1.ptx 1245 : 50745 413071 0 0 0 0 0 0 0 
_1.ptx 1246 : 50745 590231 0 0 0 0 0 0 0 
_1.ptx 1247 : 50745 592534 0 0 0 0 0 0 0 
_1.ptx 1248 : 50745 603059 0 0 0 0 0 0 0 
_1.ptx 1249 : 50745 480760 0 0 0 0 0 0 0 
_1.ptx 1250 : 50745 492691 0 0 0 0 0 0 0 
_1.ptx 1252 : 50745 613913 0 0 0 0 0 0 0 
_1.ptx 1253 : 50745 640997 0 0 0 0 0 0 0 
_1.ptx 1254 : 50745 435578 0 0 0 0 0 0 0 
_1.ptx 1255 : 50745 441585 0 0 0 0 0 0 0 
_1.ptx 1256 : 50745 528714 0 0 0 0 0 0 0 
_1.ptx 1257 : 50745 403607 0 0 0 0 0 0 0 
_1.ptx 1258 : 50745 516508 0 0 0 0 0 0 0 
_1.ptx 1259 : 50745 625687 0 0 0 0 0 0 0 
_1.ptx 1260 : 50745 625225 0 0 0 0 0 0 0 
_1.ptx 1261 : 50745 616071 0 0 0 0 0 0 0 
_1.ptx 1262 : 50745 610438 0 0 0 0 0 0 0 
_1.ptx 1263 : 50745 605678 0 0 0 0 0 0 0 
_1.ptx 1264 : 50745 599584 0 0 0 0 0 0 0 
_1.ptx 1265 : 50745 598320 0 0 0 0 0 0 0 
_1.ptx 1266 : 50745 596537 0 0 0 0 0 0 0 
_1.ptx 1267 : 50745 571215 0 0 0 0 0 0 0 
_1.ptx 1269 : 50745 581783 0 0 0 0 0 0 0 
_1.ptx 1271 : 50745 596895 0 0 0 0 0 0 0 
_1.ptx 1272 : 50745 623293 0 0 0 0 0 0 0 
_1.ptx 1274 : 50745 483480 0 0 0 0 0 0 0 
_1.ptx 1275 : 50745 435261 0 0 0 0 0 0 0 
_1.ptx 1276 : 50745 623063 0 0 0 0 0 0 0 
_1.ptx 1277 : 50745 627757 0 0 0 0 0 0 0 
_1.ptx 1279 : 50745 417296 0 0 0 0 0 0 0 
_1.ptx 1280 : 50745 616431 0 0 0 0 0 0 0 
_1.ptx 1281 : 50745 619537 0 0 0 0 0 0 0 
_1.ptx 1282 : 50745 609465 0 0 0 0 0 0 0 
_1.ptx 1283 : 50745 602551 0 0 0 0 0 0 0 
_1.ptx 1284 : 50745 601129 0 0 0 0 0 0 0 
_1.ptx 1286 : 50745 604614 0 0 0 0 0 0 0 
_1.ptx 1288 : 50745 365783 0 0 0 0 0 0 0 
_1.ptx 1289 : 50745 595558 0 0 0 0 0 0 0 
_1.ptx 1290 : 50745 614632 0 0 0 0 0 0 0 
_1.ptx 1291 : 50745 468834 0 0 0 0 0 0 0 
_1.ptx 1292 : 50745 638463 0 0 0 0 0 0 0 
_1.ptx 1293 : 50745 415442 0 0 0 0 0 0 0 
_1.ptx 1294 : 50745 502782 0 0 0 0 0 0 0 
_1.ptx 1295 : 50745 372046 0 0 0 0 0 0 0 
_1.ptx 1296 : 50745 496938 0 0 0 0 0 0 0 
_1.ptx 1297 : 50745 360686 0 0 0 0 0 0 0 
_1.ptx 1298 : 50745 493256 0 0 0 0 0 0 0 
_1.ptx 1299 : 50745 359335 0 0 0 0 0 0 0 
_1.ptx 1300 : 50745 492172 0 0 0 0 0 0 0 
_1.ptx 1301 : 50745 602453 0 0 0 0 0 0 0 
_1.ptx 1303 : 50745 420639 0 0 0 0 0 0 0 
_1.ptx 1304 : 50745 595675 0 0 0 0 0 0 0 
_1.ptx 1305 : 50745 587685 0 0 0 0 0 0 0 
_1.ptx 1307 : 50745 381579 0 0 0 0 0 0 0 
_1.ptx 1308 : 50745 394799 0 0 0 0 0 0 0 
_1.ptx 1309 : 50745 399532 0 0 0 0 0 0 0 
_1.ptx 1310 : 50745 349265 0 0 0 0 0 0 0 
_1.ptx 1311 : 50745 425011 0 0 0 0 0 0 0 
_1.ptx 1312 : 50745 331337 0 0 0 0 0 0 0 
_1.ptx 1321 : 50745 398736 0 0 0 0 0 0 0 
_1.ptx 1322 : 50745 353153 0 0 0 0 0 0 0 
_1.ptx 1323 : 50745 579785 0 0 0 0 0 0 0 
_1.ptx 1324 : 50745 398143 0 0 0 0 0 0 0 
_1.ptx 1325 : 50745 354488 0 0 0 0 0 0 0 
_1.ptx 1326 : 50745 354516 0 0 0 0 0 0 0 
_1.ptx 1327 : 50745 2641840 0 0 0 0 0 0 0 
_1.ptx 1328 : 50745 317073 0 0 0 0 0 0 0 
_1.ptx 1329 : 50745 330396 0 0 0 0 0 0 0 
_1.ptx 1330 : 50745 476167 0 0 0 0 0 0 0 
_1.ptx 1331 : 50745 482848 0 0 0 0 0 0 0 
_1.ptx 1332 : 50745 344424 0 0 0 0 0 0 0 
_1.ptx 1333 : 50745 615802 0 0 0 0 0 0 0 
_1.ptx 1334 : 50745 3600701 0 0 0 0 0 0 0 
_1.ptx 1335 : 50745 599081 0 0 0 0 0 0 0 
_1.ptx 1336 : 50745 328131 0 0 0 0 0 0 0 
_1.ptx 1337 : 50745 433103 0 0 0 0 0 0 0 
_1.ptx 1338 : 50745 475086 0 0 0 0 0 0 0 
_1.ptx 1339 : 50745 331696 0 0 0 0 0 0 0 
_1.ptx 1340 : 50745 429736 0 0 0 0 0 0 0 
_1.ptx 1341 : 50745 469928 0 0 0 0 0 0 0 
_1.ptx 1343 : 50745 384700 0 0 0 0 0 0 0 
_1.ptx 1344 : 50745 325527 0 0 0 0 0 0 0 
_1.ptx 1345 : 50745 431684 0 0 0 0 0 0 0 
_1.ptx 1346 : 50745 0 0 0 0 0 0 0 0 
_1.ptx 1348 : 50745 483820 0 0 0 0 0 0 0 
_1.ptx 1351 : 50745 416318 0 0 0 0 0 0 0 
_1.ptx 1352 : 50745 366983 0 0 0 0 0 0 0 
_1.ptx 1353 : 50745 415166 0 0 0 0 0 0 0 
_1.ptx 1354 : 50745 418866 0 0 0 0 0 0 0 
_1.ptx 1355 : 50745 373033 0 0 0 0 0 0 0 
_1.ptx 1356 : 50745 609854 0 0 0 0 0 0 0 
_1.ptx 1357 : 50745 604936 0 0 0 0 0 0 0 
_1.ptx 1358 : 50745 419154 0 0 0 0 0 0 0 
_1.ptx 1359 : 50745 361007 0 0 0 0 0 0 0 
_1.ptx 1360 : 50745 439690 0 0 0 0 0 0 0 
_1.ptx 1361 : 50745 397460 0 0 0 0 0 0 0 
_1.ptx 1362 : 50745 429571 0 0 0 0 0 0 0 
_1.ptx 1363 : 50745 319305 0 0 0 0 0 0 0 
_1.ptx 1364 : 50745 420121 0 0 0 0 0 0 0 
_1.ptx 1365 : 50745 329355 0 0 0 0 0 0 0 
_1.ptx 1372 : 50745 396094 0 0 0 0 0 0 0 
_1.ptx 1375 : 50745 352716 0 0 0 0 0 0 0 
_1.ptx 1376 : 50745 576595 0 0 0 0 0 0 0 
_1.ptx 1377 : 50745 581265 0 0 0 0 0 0 0 
_1.ptx 1378 : 50745 556344 0 0 0 0 0 0 0 
_1.ptx 1380 : 50745 570564 0 0 0 0 0 0 0 
_1.ptx 1381 : 50745 710732 128 0 0 0 0 0 0 
_1.ptx 1383 : 50745 581192 0 0 0 0 0 0 0 
_1.ptx 1384 : 50745 878729 384 0 0 0 0 0 0 
_1.ptx 1388 : 62282 715831 0 0 0 0 0 0 0 
_1.ptx 1389 : 62282 734973 0 0 0 0 0 0 0 
_1.ptx 1390 : 62282 727467 0 0 0 0 0 0 0 
_1.ptx 1391 : 62282 771474 0 0 0 0 0 0 0 
_1.ptx 1392 : 62282 741081 0 0 0 0 0 0 0 
_1.ptx 1393 : 62282 792110 0 0 0 0 0 0 0 
_1.ptx 1395 : 62282 745214 0 0 0 0 0 0 0 
_1.ptx 1396 : 62282 765802 0 0 0 0 0 0 0 
_1.ptx 1397 : 62282 761181 0 0 0 0 0 0 0 
_1.ptx 1398 : 62282 822286 0 0 0 0 0 0 0 
_1.ptx 1399 : 62282 639225 0 0 0 0 0 0 0 
_1.ptx 1400 : 62282 625393 0 0 0 0 0 0 0 
_1.ptx 1401 : 62282 2377443 0 0 0 0 0 0 0 
_1.ptx 1402 : 62282 757889 0 0 0 0 0 0 0 
_1.ptx 1403 : 62282 755651 0 0 0 0 0 0 0 
_1.ptx 1404 : 62282 763198 0 0 0 0 0 0 0 
_1.ptx 1405 : 62282 502981 0 0 0 0 0 0 0 
_1.ptx 1406 : 62282 501173 0 0 0 0 0 0 0 
_1.ptx 1408 : 62282 436790 0 0 0 0 0 0 0 
_1.ptx 1409 : 62282 595288 0 0 0 0 0 0 0 
_1.ptx 1410 : 62282 426052 0 0 0 0 0 0 0 
_1.ptx 1411 : 62282 602309 0 0 0 0 0 0 0 
_1.ptx 1412 : 62282 440455 0 0 0 0 0 0 0 
_1.ptx 1413 : 62282 604842 0 0 0 0 0 0 0 
_1.ptx 1416 : 127467 1413160 0 0 0 0 0 0 0 
_1.ptx 1417 : 127467 932056 0 0 0 0 0 0 0 
_1.ptx 1418 : 127467 1116678 0 0 0 0 0 0 0 
_1.ptx 1419 : 127467 6884 0 0 0 0 0 0 0 
_1.ptx 1420 : 126435 1097822 0 0 0 0 0 0 0 
_1.ptx 1421 : 126435 423324 0 0 0 0 0 0 550 
_1.ptx 1424 : 65536 710048 0 0 0 0 0 0 0 
_1.ptx 1425 : 65536 518656 0 0 0 0 0 0 0 
_1.ptx 1426 : 65536 428000 0 0 0 0 0 0 0 
_1.ptx 1427 : 65536 550272 0 0 0 0 0 0 0 
_1.ptx 604 : 65536 407232 0 0 0 0 0 0 0 
_1.ptx 1428 : 65536 363482 0 0 0 0 0 0 218 
_1.ptx 605 : 65536 586048 39808 0 0 0 0 0 0 
_1.ptx 1429 : 10434 80983 0 0 0 0 0 0 0 
_1.ptx 606 : 65536 407808 0 0 0 0 0 0 0 
_1.ptx 1430 : 10434 78853 0 0 0 0 0 0 0 
_1.ptx 607 : 65536 2119168 39296 0 0 0 0 0 0 
_1.ptx 1431 : 10434 121998 0 0 0 0 0 0 0 
_1.ptx 608 : 65536 408480 0 0 0 0 0 0 0 
_1.ptx 1432 : 10434 118888 0 0 0 0 0 0 0 
_1.ptx 609 : 65536 2443104 38656 0 0 0 0 0 0 
_1.ptx 1433 : 10434 79847 0 0 0 0 0 0 0 
_1.ptx 610 : 65536 408896 0 0 0 0 0 0 0 
_1.ptx 611 : 65536 3697664 38656 0 0 0 0 0 0 
_1.ptx 612 : 65536 410048 0 0 0 0 0 0 0 
_1.ptx 613 : 65536 3183552 53248 0 0 0 0 0 0 
_1.ptx 1437 : 15923 2865600 17152 0 0 0 0 0 0 
_1.ptx 614 : 65536 409408 0 0 0 0 0 0 0 
_1.ptx 1438 : 15923 2757158 9472 0 0 0 0 0 0 
_1.ptx 615 : 65536 3396960 49792 0 0 0 0 0 0 
_1.ptx 1439 : 15923 3137720 12800 0 0 0 0 0 0 
_1.ptx 616 : 65536 410080 0 0 0 0 0 0 0 
_1.ptx 1440 : 15923 2715217 0 0 0 0 0 0 0 
_1.ptx 617 : 65536 3632544 55296 0 0 0 0 0 0 
_1.ptx 1441 : 15923 2601143 0 0 0 0 0 0 0 
_1.ptx 618 : 65536 410400 0 0 0 0 0 0 0 
_1.ptx 1442 : 15923 2934629 128 0 0 0 0 0 0 
_1.ptx 619 : 65536 3478336 47744 0 0 0 0 0 0 
_1.ptx 1443 : 15923 3172691 16000 0 0 0 0 0 0 
_1.ptx 620 : 65536 411744 0 0 0 0 0 0 0 
_1.ptx 1444 : 15923 2863756 128 0 0 0 0 0 0 
_1.ptx 621 : 65536 3841312 52864 0 0 0 0 0 0 
_1.ptx 1445 : 15923 99823 0 0 0 0 0 0 0 
_1.ptx 622 : 65536 410304 0 0 0 0 0 0 0 
_1.ptx 1446 : 15923 147619 0 0 0 0 0 0 0 
_1.ptx 623 : 65536 3796256 59008 0 0 0 0 0 0 
_1.ptx 1447 : 15923 151443 128 0 0 0 0 0 0 
_1.ptx 624 : 65536 411168 0 0 0 0 0 0 0 
_1.ptx 1448 : 15923 100718 0 0 0 0 0 0 0 
_1.ptx 625 : 65536 3864448 55040 0 0 0 0 0 0 
_1.ptx 1449 : 15923 147544 0 0 0 0 0 0 0 
_1.ptx 626 : 65536 414208 0 0 0 0 0 0 0 
_1.ptx 1450 : 15923 150369 640 0 0 0 0 0 0 
_1.ptx 627 : 65536 3255968 56704 0 0 0 0 0 0 
_1.ptx 1451 : 15923 101999 0 0 0 0 0 0 0 
_1.ptx 628 : 65536 412864 0 0 0 0 0 0 0 
_1.ptx 1452 : 15923 147957 0 0 0 0 0 0 0 
_1.ptx 629 : 65536 3499072 59904 0 0 0 0 0 0 
_1.ptx 1453 : 15923 133957 640 0 0 0 0 0 0 
_1.ptx 630 : 65536 411936 0 0 0 0 0 0 0 
_1.ptx 1454 : 15923 101780 0 0 0 0 0 0 0 
_1.ptx 631 : 65536 3516832 56832 0 0 0 0 0 0 
_1.ptx 1455 : 15923 147899 0 0 0 0 0 0 0 
_1.ptx 632 : 65536 412768 0 0 0 0 0 0 0 
_1.ptx 1456 : 15923 141837 512 0 0 0 0 0 0 
_1.ptx 633 : 65536 3386336 65024 0 0 0 0 0 0 
_1.ptx 1457 : 15923 165559 0 0 0 0 0 0 0 
_1.ptx 634 : 65536 411616 0 0 0 0 0 0 0 
_1.ptx 1458 : 15923 165661 0 0 0 0 0 0 0 
_1.ptx 635 : 65536 3350400 56448 0 0 0 0 0 0 
_1.ptx 1459 : 15923 108412 0 0 0 0 0 0 0 
_1.ptx 636 : 65536 414560 0 0 0 0 0 0 0 
_1.ptx 1460 : 15923 133630 0 0 0 0 0 0 0 
_1.ptx 637 : 65536 3370848 65408 0 0 0 0 0 0 
_1.ptx 1461 : 15923 34806 0 0 0 0 0 0 386 
_1.ptx 638 : 65536 412640 0 0 0 0 0 0 0 
_1.ptx 639 : 65536 3328320 57344 0 0 0 0 0 0 
_1.ptx 640 : 65536 415392 0 0 0 0 0 0 0 
_1.ptx 1464 : 65536 17086912 22272 0 0 4096 2048 0 0 
_1.ptx 641 : 65536 3535104 68224 0 0 0 0 0 0 
_1.ptx 1465 : 65536 6251904 0 0 0 0 0 0 0 
_1.ptx 642 : 65536 418048 0 0 0 0 0 0 0 
_1.ptx 1466 : 65536 487872 0 0 0 0 0 0 0 
_1.ptx 643 : 65536 3144704 71936 0 0 0 0 0 0 
_1.ptx 1467 : 65536 426240 0 0 0 0 0 0 0 
_1.ptx 644 : 65536 418752 0 0 0 0 0 0 0 
_1.ptx 1468 : 65536 740352 0 0 0 0 0 0 0 
_1.ptx 645 : 65536 423904 0 0 0 0 0 0 0 
_1.ptx 1469 : 65536 486496 0 0 0 0 0 0 0 
_1.ptx 646 : 65536 549568 0 0 0 0 0 0 0 
_1.ptx 1470 : 65536 5510784 128 0 0 0 0 0 0 
_1.ptx 647 : 65536 420800 0 0 0 0 0 0 0 
_1.ptx 1471 : 65536 488864 0 0 0 0 0 0 0 
_1.ptx 648 : 65536 423488 0 0 0 0 0 0 0 
_1.ptx 1472 : 65536 426464 0 0 0 0 0 0 0 
_1.ptx 649 : 65536 547520 0 0 0 0 0 0 0 
_1.ptx 1473 : 65536 739072 0 0 0 0 0 0 0 
_1.ptx 650 : 65536 422976 0 0 0 0 0 0 0 
_1.ptx 1474 : 65536 490048 0 0 0 0 0 0 0 
_1.ptx 651 : 65536 737952 0 0 0 0 0 0 0 
_1.ptx 1475 : 65536 488992 0 0 0 0 0 0 0 
_1.ptx 652 : 65536 418944 0 0 0 0 0 0 0 
_1.ptx 1476 : 65536 543296 0 0 0 0 0 0 0 
_1.ptx 653 : 65536 734752 0 0 0 0 0 0 0 
_1.ptx 1477 : 65536 4462112 0 0 0 0 0 0 0 
_1.ptx 654 : 65536 4504192 128 0 0 0 0 0 0 
_1.ptx 1478 : 65536 492832 0 0 0 0 0 0 0 
_1.ptx 655 : 65536 3848256 0 0 0 0 0 0 0 
_1.ptx 1479 : 65536 427072 0 0 0 0 0 0 0 
_1.ptx 656 : 65536 545664 0 0 0 0 0 0 0 
_1.ptx 1480 : 65536 738112 0 0 0 0 0 0 0 
_1.ptx 657 : 65536 488128 0 0 0 0 0 0 0 
_1.ptx 1481 : 65536 491744 0 0 0 0 0 0 0 
_1.ptx 658 : 65536 546272 0 0 0 0 0 0 0 
_1.ptx 1482 : 65536 484384 0 0 0 0 0 0 0 
_1.ptx 659 : 65536 488256 0 0 0 0 0 0 0 
_1.ptx 1483 : 65536 4975584 0 0 0 0 0 0 0 
_1.ptx 660 : 65536 551168 0 0 0 0 0 0 0 
_1.ptx 1484 : 65536 492448 0 0 0 0 0 0 0 
_1.ptx 661 : 65536 421216 0 0 0 0 0 0 0 
_1.ptx 1485 : 65536 428800 0 0 0 0 0 0 0 
_1.ptx 662 : 65536 544960 0 0 0 0 0 0 0 
_1.ptx 1486 : 65536 741056 0 0 0 0 0 0 0 
_1.ptx 663 : 65536 0 0 0 0 0 0 0 0 
_1.ptx 1487 : 65536 491232 0 0 0 0 0 0 0 
_1.ptx 1488 : 65536 491648 0 0 0 0 0 0 0 
_1.ptx 665 : 65536 798944 0 0 0 0 0 0 0 
_1.ptx 1489 : 65536 544704 0 0 0 0 0 0 0 
_1.ptx 666 : 65536 1768160 0 0 0 0 0 0 0 
_1.ptx 1490 : 65536 542688 0 0 0 0 0 0 0 
_1.ptx 667 : 65536 739904 0 0 0 0 0 0 0 
_1.ptx 1491 : 65536 735872 0 0 0 0 0 0 0 
_1.ptx 668 : 65536 492384 0 0 0 0 0 0 0 
_1.ptx 1492 : 65536 643840 0 0 0 4096 2048 0 0 
_1.ptx 669 : 65536 709472 0 0 0 0 0 0 0 
_1.ptx 670 : 65536 743136 0 0 0 0 0 0 0 
_1.ptx 671 : 65536 430528 0 0 0 0 0 0 0 
_1.ptx 1495 : 65536 410528 0 0 0 0 0 0 0 
_1.ptx 672 : 65536 3730368 191552 0 0 4096 2048 0 0 
_1.ptx 674 : 65536 6060224 128 0 0 0 0 0 0 
_1.ptx 675 : 65536 5415968 0 0 0 0 0 0 0 
_1.ptx 676 : 65536 1438048 0 0 0 0 0 0 0 
_1.ptx 678 : 65536 986848 0 0 0 0 0 0 0 
_1.ptx 679 : 65536 817568 0 0 0 0 0 0 0 
_1.ptx 680 : 65536 749920 0 0 0 0 0 0 0 
_1.ptx 681 : 65536 1350144 0 0 0 0 0 0 0 
_1.ptx 682 : 65536 545120 0 0 0 0 0 0 0 
_1.ptx 683 : 65536 534080 0 0 0 0 0 0 0 
_1.ptx 684 : 65536 1463840 0 0 0 0 0 0 0 
_1.ptx 685 : 65536 753120 0 0 0 0 0 0 0 
_1.ptx 686 : 65536 1184736 0 0 0 0 0 0 0 
_1.ptx 687 : 65536 769376 0 0 0 0 0 0 0 
_1.ptx 688 : 65536 519616 0 0 0 0 0 0 0 
_1.ptx 689 : 65536 518432 0 0 0 0 0 0 0 
_1.ptx 690 : 65536 518976 0 0 0 0 0 0 0 
_1.ptx 691 : 65536 449408 0 0 0 0 0 0 0 
_1.ptx 692 : 65536 3109824 0 0 0 0 0 0 0 
_1.ptx 693 : 65536 421600 0 0 0 0 0 0 0 
_1.ptx 694 : 65536 744224 0 0 0 0 0 0 0 
_1.ptx 695 : 65536 755744 0 0 0 0 0 0 0 
_1.ptx 696 : 65536 436192 0 0 0 0 0 0 0 
_1.ptx 697 : 65536 748864 0 0 0 0 0 0 0 
_1.ptx 698 : 65536 743200 0 0 0 0 0 0 0 
_1.ptx 699 : 65536 1491872 0 0 0 0 0 0 0 
_1.ptx 700 : 65536 740768 0 0 0 0 0 0 0 
_1.ptx 701 : 65536 928096 0 0 0 0 0 0 0 
_1.ptx 702 : 65536 740032 0 0 0 0 0 0 0 
_1.ptx 703 : 65536 827552 0 0 0 0 0 0 0 
_1.ptx 704 : 65536 740544 0 0 0 0 0 0 0 
_1.ptx 705 : 65536 1043456 0 0 0 0 0 0 0 
_1.ptx 706 : 65536 741152 0 0 0 0 0 0 0 
_1.ptx 707 : 65536 1125824 0 0 0 0 0 0 0 
_1.ptx 708 : 65536 742144 0 0 0 0 0 0 0 
_1.ptx 709 : 65536 973824 0 0 0 0 0 0 0 
_1.ptx 710 : 65536 761408 0 0 0 0 0 0 0 
_1.ptx 711 : 65536 773984 0 0 0 0 0 0 0 
_1.ptx 712 : 65536 782496 0 0 0 0 0 0 0 
_1.ptx 713 : 65536 789984 0 0 0 0 0 0 0 
_1.ptx 714 : 65536 792832 0 0 0 0 0 0 0 
_1.ptx 715 : 65536 801536 0 0 0 0 0 0 0 
_1.ptx 716 : 65536 812864 0 0 0 0 0 0 0 
_1.ptx 717 : 65536 800000 0 0 0 0 0 0 0 
_1.ptx 718 : 65536 790080 0 0 0 0 0 0 0 
_1.ptx 719 : 65536 793216 0 0 0 0 0 0 0 
_1.ptx 720 : 65536 785824 0 0 0 0 0 0 0 
_1.ptx 721 : 65536 784736 0 0 0 0 0 0 0 
_1.ptx 722 : 65536 779648 0 0 0 0 0 0 0 
_1.ptx 723 : 65536 794240 0 0 0 0 0 0 0 
_1.ptx 724 : 65536 645824 0 0 0 0 0 0 0 
_1.ptx 725 : 65536 619200 0 0 0 0 0 0 0 
_1.ptx 726 : 65536 1788800 0 0 0 0 0 0 0 
_1.ptx 727 : 65536 770912 0 0 0 0 0 0 0 
_1.ptx 728 : 65536 764640 0 0 0 0 0 0 0 
_1.ptx 729 : 65536 774240 0 0 0 0 0 0 0 
_1.ptx 731 : 65536 454336 0 0 0 0 0 0 0 
_1.ptx 733 : 65536 500736 0 0 0 0 0 0 0 
_1.ptx 734 : 65536 508928 0 0 0 0 0 0 0 
_1.ptx 735 : 65536 497344 0 0 0 0 0 0 0 
_1.ptx 736 : 65536 495808 0 0 0 0 0 0 0 
_1.ptx 738 : 127467 1002447 0 0 0 0 0 0 0 
_1.ptx 739 : 127467 881630 0 0 0 0 0 0 0 
_1.ptx 740 : 127467 851882 0 0 0 0 0 0 0 
_1.ptx 744 : 509868 6162482 256 0 0 17236 17236 0 0 
_1.ptx 745 : 509868 5321678 0 0 0 17236 17236 0 0 
_1.ptx 746 : 509868 8497319 128 0 0 17236 17236 0 0 
_1.ptx 747 : 509868 6302431 0 0 0 17236 17236 0 0 
_1.ptx 748 : 509868 5181597 0 0 0 17236 17236 0 0 
_1.ptx 749 : 509868 3425197 0 0 0 0 0 0 0 
_1.ptx 750 : 509868 4419465 0 0 0 0 0 0 0 
_1.ptx 751 : 509868 2718993 0 0 0 0 0 0 0 
_1.ptx 753 : 127467 982310 0 0 0 0 0 0 0 
_1.ptx 754 : 127467 861816 0 0 0 0 0 0 0 
_1.ptx 755 : 127467 1086049 0 0 0 0 0 0 0 
_1.ptx 756 : 127467 859218 0 0 0 0 0 0 0 
_1.ptx 761 : 127467 1450968 0 0 0 0 0 0 0 
_1.ptx 762 : 127467 6188443 0 0 0 0 0 0 0 
_1.ptx 763 : 127467 838657 0 0 0 0 0 0 0 
_1.ptx 764 : 127467 851425 0 0 0 0 0 0 0 
_1.ptx 765 : 127467 1084520 0 0 0 0 0 0 0 
_1.ptx 766 : 127467 1204564 0 0 0 0 0 0 0 
_1.ptx 769 : 127467 1001517 0 0 0 0 0 0 0 
_1.ptx 770 : 127467 882662 0 0 0 0 0 0 0 
_1.ptx 773 : 382401 4485013 0 0 0 0 0 0 0 
_1.ptx 774 : 382401 1558419 0 0 0 0 0 0 0 
_1.ptx 775 : 382401 4526463 0 0 0 0 0 0 0 
_1.ptx 776 : 382401 4531596 0 0 0 0 0 0 0 
_1.ptx 777 : 382401 4566618 0 0 0 0 0 0 0 
_1.ptx 778 : 382401 4594723 0 0 0 0 0 0 0 
_1.ptx 779 : 382401 4588365 0 0 0 0 0 0 0 
_1.ptx 780 : 382401 4594069 0 0 0 0 0 0 0 
_1.ptx 781 : 382401 3752884 0 0 0 0 0 0 0 
_1.ptx 782 : 382401 3839001 0 0 0 0 0 0 0 
_1.ptx 783 : 382401 3737802 0 0 0 0 0 0 0 
_1.ptx 784 : 382401 3832869 0 0 0 0 0 0 0 
_1.ptx 785 : 382401 3390151 0 0 0 0 0 0 0 
_1.ptx 786 : 382401 3156360 0 0 0 0 0 0 0 
_1.ptx 787 : 382401 2760475 0 0 0 0 0 0 0 
_1.ptx 788 : 382401 3384495 0 0 0 0 0 0 0 
_1.ptx 789 : 382401 3144026 0 0 0 0 0 0 0 
_1.ptx 790 : 382401 3389603 0 0 0 0 0 0 0 
_1.ptx 791 : 382401 2771491 0 0 0 0 0 0 0 
_1.ptx 792 : 382401 3378350 0 0 0 0 0 0 0 
_1.ptx 793 : 382401 1994788 0 0 0 0 0 0 1523 
_1.ptx 794 : 105477 780294 0 0 0 0 0 0 0 
_1.ptx 795 : 105477 768514 0 0 0 0 0 0 0 
_1.ptx 797 : 276924 3267164 0 0 0 0 0 0 0 
_1.ptx 798 : 276924 3261637 0 0 0 0 0 0 0 
_1.ptx 799 : 276924 2437476 0 0 0 0 0 0 0 
_1.ptx 800 : 276924 141352 0 0 0 0 0 0 715 
_1.ptx 801 : 257599 1863124 0 0 0 0 0 0 0 
_1.ptx 802 : 257599 1878290 0 0 0 0 0 0 0 
_1.ptx 805 : 19325 226270 0 0 0 0 0 0 0 
_1.ptx 806 : 19325 329272 0 0 0 0 0 0 0 
_1.ptx 807 : 19325 228265 0 0 0 0 0 0 0 
_1.ptx 808 : 19325 232556 0 0 0 0 0 0 0 
_1.ptx 809 : 19325 185333 0 0 0 0 0 0 0 
_1.ptx 813 : 382401 3156593 0 0 0 0 0 0 0 
_1.ptx 815 : 509868 3624424 0 0 0 0 0 0 0 
_1.ptx 816 : 509868 4408353 0 0 0 0 0 0 0 
_1.ptx 817 : 509868 4082050 0 0 0 0 0 0 0 
_1.ptx 818 : 509868 4406485 0 0 0 0 0 0 0 
_1.ptx 819 : 509868 4096264 0 0 0 0 0 0 0 
_1.ptx 820 : 509868 4471457 0 0 0 0 0 0 0 
_1.ptx 821 : 509868 3566438 0 0 0 0 0 0 0 
_1.ptx 822 : 509868 4423643 0 0 0 0 0 0 0 
