kernel line : count latency dram_traffic smem_bk_conflicts smem_warp gmem_access_generated gmem_warp exposed_latency warp_divergence
_1.ptx 411 : 680306 6945651 0 0 0 0 0 0 0 
_1.ptx 412 : 680306 6950375 0 0 0 0 0 0 0 
_1.ptx 414 : 680306 6909621 0 0 0 0 0 0 0 
_1.ptx 417 : 944772 10535343 0 0 0 0 0 0 0 
_1.ptx 418 : 944772 1061003550 16076160 0 0 814531 54873 0 0 
_1.ptx 420 : 944772 5745956 0 0 0 0 0 0 0 
_1.ptx 421 : 944772 7703932 0 0 0 0 0 0 0 
_1.ptx 422 : 944772 7738314 0 0 0 0 0 0 0 
_1.ptx 423 : 944772 4345492 0 0 0 0 0 0 28734 
_1.ptx 424 : 227467 412127 0 0 0 0 0 0 21519 
_1.ptx 427 : 365074 2623601 0 0 0 0 0 0 0 
_1.ptx 428 : 365074 2631764 0 0 0 0 0 0 0 
_1.ptx 429 : 365074 2620115 0 0 0 0 0 0 0 
_1.ptx 430 : 365074 2616815 0 0 0 0 0 0 0 
_1.ptx 431 : 365074 2621472 0 0 0 0 0 0 0 
_1.ptx 432 : 365074 2644735 0 0 0 0 0 0 0 
_1.ptx 433 : 365074 2625709 0 0 0 0 0 0 0 
_1.ptx 434 : 365074 4082404 0 0 0 0 0 0 0 
_1.ptx 435 : 365074 2619062 0 0 0 0 0 0 0 
_1.ptx 436 : 365074 2620097 0 0 0 0 0 0 0 
_1.ptx 437 : 365074 2224176 0 0 0 0 0 0 0 
_1.ptx 438 : 365074 2618940 0 0 0 0 0 0 0 
_1.ptx 439 : 365074 2221645 0 0 0 0 0 0 0 
_1.ptx 440 : 365074 2614761 0 0 0 0 0 0 0 
_1.ptx 441 : 365074 312420293 22002304 0 0 0 0 0 0 
_1.ptx 442 : 365074 2811531 0 0 0 0 0 0 0 
_1.ptx 444 : 365074 2749433 0 0 0 0 0 0 0 
_1.ptx 445 : 365074 3063014 0 0 0 0 0 0 0 
_1.ptx 446 : 365074 1409845 0 0 0 0 0 0 25273 
_1.ptx 447 : 139434 21513138 816352 0 0 0 0 0 0 
_1.ptx 448 : 139434 849085 0 0 0 0 0 0 0 
_1.ptx 451 : 225640 2309726 0 0 0 0 0 0 0 
_1.ptx 452 : 225640 2313505 0 0 0 0 0 0 0 
_1.ptx 454 : 225640 2348336 0 0 0 0 0 0 0 
_1.ptx 456 : 225640 2531791 0 0 0 0 0 0 0 
_1.ptx 457 : 225640 143792084 6837376 0 0 224018 131156 0 0 
_1.ptx 459 : 225640 1875564 0 0 0 0 0 0 0 
_1.ptx 460 : 225640 44972 0 0 0 0 0 0 4414 
_1.ptx 461 : 218341 1360640 0 0 0 0 0 0 0 
_1.ptx 462 : 218341 1794985 0 0 0 0 0 0 0 
_1.ptx 463 : 218341 1574479 0 0 0 0 0 0 0 
_1.ptx 464 : 218341 1591271 0 0 0 0 0 0 0 
_1.ptx 465 : 218341 1274142 0 0 0 0 0 0 0 
_1.ptx 466 : 13455 82834 0 0 0 0 0 0 0 
_1.ptx 468 : 7299 44830 0 0 0 0 0 0 0 
_1.ptx 469 : 7299 59564 0 0 0 0 0 0 0 
_1.ptx 473 : 805338 4384798 0 0 0 0 0 0 29 
_1.ptx 474 : 80771 12478854 880384 0 0 0 0 0 0 
_1.ptx 475 : 80771 491904 0 0 0 0 0 0 0 
_1.ptx 483 : 220205 2481174 0 0 0 0 0 0 0 
_1.ptx 484 : 220205 1820852 0 0 0 0 0 0 0 
_1.ptx 485 : 220205 860952 0 0 0 0 0 0 5 
_1.ptx 487 : 80784 583654 0 0 0 0 0 0 0 
_1.ptx 488 : 80784 584052 0 0 0 0 0 0 0 
_1.ptx 489 : 80784 821665 0 0 0 0 0 0 0 
_1.ptx 490 : 80784 914016 0 0 0 0 0 0 0 
_1.ptx 491 : 80784 587146 0 0 0 0 0 0 0 
_1.ptx 492 : 80784 589587 0 0 0 0 0 0 0 
_1.ptx 493 : 80784 581130 0 0 0 0 0 0 0 
_1.ptx 494 : 80784 580154 0 0 0 0 0 0 0 
_1.ptx 495 : 80784 904459 0 0 0 0 0 0 0 
_1.ptx 496 : 80784 580576 0 0 0 0 0 0 0 
_1.ptx 497 : 80784 578099 0 0 0 0 0 0 0 
_1.ptx 498 : 80784 904802 0 0 0 0 0 0 0 
_1.ptx 499 : 80784 16735463 2623808 0 0 74800 31928 0 0 
_1.ptx 501 : 80784 17567649 1784704 0 0 78993 31928 0 0 
_1.ptx 504 : 220205 1602710 0 0 0 0 0 0 0 
_1.ptx 506 : 220205 2482476 0 0 0 0 0 0 0 
_1.ptx 507 : 220205 2251474 0 0 0 0 0 0 0 
_1.ptx 508 : 220205 1589936 0 0 0 0 0 0 0 
_1.ptx 509 : 220205 1589209 0 0 0 0 0 0 0 
_1.ptx 510 : 220205 1586451 0 0 0 0 0 0 0 
_1.ptx 511 : 220205 1585330 0 0 0 0 0 0 0 
_1.ptx 514 : 300000 2164288 0 0 0 0 0 0 0 
_1.ptx 515 : 300000 2157536 0 0 0 0 0 0 0 
_1.ptx 516 : 300000 2152992 0 0 0 0 0 0 0 
_1.ptx 517 : 300000 2161984 0 0 0 0 0 0 0 
_1.ptx 518 : 300000 1844928 0 0 0 0 0 0 0 
_1.ptx 519 : 300000 2166480 0 0 0 0 0 0 0 
_1.ptx 520 : 300000 1838880 0 0 0 0 0 0 0 
_1.ptx 521 : 300000 2161824 0 0 0 0 0 0 0 
_1.ptx 522 : 300000 362692944 36752896 0 0 0 0 0 0 
_1.ptx 523 : 300000 2454304 0 0 0 0 0 0 0 
_1.ptx 524 : 300000 2410608 0 0 0 0 0 0 0 
_1.ptx 525 : 300000 2384160 0 0 0 0 0 0 0 
_1.ptx 526 : 300000 45243792 982528 0 0 0 0 0 0 
_1.ptx 527 : 300000 41256016 1000192 0 0 0 0 0 0 
_1.ptx 529 : 300000 2182080 0 0 0 0 0 0 0 
_1.ptx 530 : 300000 3094336 0 0 0 0 0 0 0 
_1.ptx 531 : 300000 3083584 0 0 0 0 0 0 0 
_1.ptx 532 : 300000 2474624 0 0 0 0 0 0 0 
_1.ptx 533 : 300000 1538336 0 0 0 0 0 0 0 
_1.ptx 536 : 50176 308608 0 0 0 0 0 0 0 
_1.ptx 204 : 50176 312224 0 0 0 0 0 0 0 
_1.ptx 205 : 50176 313888 0 0 0 0 0 0 0 
_1.ptx 206 : 50176 413088 0 0 0 0 0 0 0 
_1.ptx 207 : 50176 308768 0 0 0 0 0 0 0 
_1.ptx 208 : 50176 560768 0 0 0 0 0 0 0 
_1.ptx 209 : 50176 7163232 128 0 0 0 0 0 0 
_1.ptx 210 : 50176 419392 0 0 0 0 0 0 0 
_1.ptx 211 : 50176 321856 0 0 0 0 0 0 1 
_1.ptx 212 : 176 1088 0 0 0 0 0 0 0 
_1.ptx 215 : 50000 363920 0 0 0 0 0 0 0 
_1.ptx 216 : 50000 570272 0 0 0 0 0 0 0 
_1.ptx 217 : 50000 3351280 0 0 0 0 0 0 0 
_1.ptx 218 : 50000 568528 0 0 0 0 0 0 0 
_1.ptx 219 : 50000 36187008 200064 0 0 1563 1563 0 0 
_1.ptx 221 : 50000 308064 0 0 0 0 0 0 0 
_1.ptx 223 : 50000 3992448 0 0 0 0 0 0 0 
_1.ptx 224 : 50000 562128 0 0 0 0 0 0 0 
_1.ptx 225 : 50000 37004864 200064 0 0 1563 1563 0 0 
_1.ptx 227 : 50000 365872 0 0 0 0 0 0 0 
_1.ptx 228 : 50000 4498000 0 0 0 0 0 0 0 
_1.ptx 229 : 50000 4003856 0 0 0 0 0 0 0 
_1.ptx 230 : 50000 530880 0 0 0 0 0 0 0 
_1.ptx 231 : 50000 578448 0 0 0 0 0 0 0 
_1.ptx 232 : 50000 537440 0 0 0 0 0 0 0 
_1.ptx 233 : 50000 432320 0 0 0 0 0 0 0 
_1.ptx 234 : 50000 390768 0 0 0 0 0 0 0 
_1.ptx 235 : 50000 531296 0 0 0 0 0 0 0 
_1.ptx 236 : 50000 578800 0 0 0 0 0 0 0 
_1.ptx 237 : 50000 587248 0 0 0 0 0 0 0 
_1.ptx 238 : 50000 350976 0 0 0 0 0 0 0 
_1.ptx 239 : 50000 430080 0 0 0 0 0 0 0 
_1.ptx 240 : 50000 0 0 0 0 0 0 0 0 
_1.ptx 241 : 50000 533024 0 0 0 0 0 0 0 
_1.ptx 242 : 50000 387040 0 0 0 0 0 0 0 
_1.ptx 243 : 50000 339392 0 0 0 0 0 0 0 
_1.ptx 244 : 50000 5373696 0 0 0 0 0 0 0 
_1.ptx 245 : 50000 569616 0 0 0 0 0 0 0 
_1.ptx 246 : 50000 339328 0 0 0 0 0 0 0 
_1.ptx 247 : 50000 341600 0 0 0 0 0 0 0 
_1.ptx 248 : 50000 335216 0 0 0 0 0 0 0 
_1.ptx 249 : 50000 394224 0 0 0 0 0 0 0 
_1.ptx 252 : 300000 1870352 0 0 0 0 0 0 0 
_1.ptx 253 : 300000 2488048 0 0 0 0 0 0 0 
_1.ptx 254 : 300000 2213360 0 0 0 0 0 0 0 
_1.ptx 255 : 300000 1900416 0 0 0 0 0 0 0 
_1.ptx 256 : 300000 2488256 0 0 0 0 0 0 0 
_1.ptx 257 : 300000 2175808 0 0 0 0 0 0 0 
_1.ptx 258 : 300000 2468864 0 0 0 0 0 0 0 
_1.ptx 259 : 300000 1837504 0 0 0 0 0 0 0 
_1.ptx 260 : 300000 2467296 0 0 0 0 0 0 0 
_1.ptx 261 : 300000 1521728 0 0 0 0 0 0 0 
_1.ptx 263 : 50000 311840 0 0 0 0 0 0 0 
_1.ptx 264 : 50000 367216 0 0 0 0 0 0 0 
_1.ptx 265 : 50000 375792 0 0 0 0 0 0 0 
_1.ptx 266 : 50000 324192 0 0 0 0 0 0 0 
_1.ptx 267 : 50000 363888 0 0 0 0 0 0 0 
_1.ptx 268 : 50000 371664 0 0 0 0 0 0 0 
_1.ptx 269 : 50000 331232 0 0 0 0 0 0 0 
_1.ptx 270 : 50000 336256 0 0 0 0 0 0 0 
_1.ptx 273 : 300000 2167344 0 0 0 0 0 0 0 
_1.ptx 274 : 300000 3376768 0 0 0 0 0 0 0 
_1.ptx 275 : 300000 3364544 0 0 0 0 0 0 0 
_1.ptx 276 : 300000 336653328 7403520 0 0 253075 9378 0 0 
_1.ptx 277 : 300000 1830288 0 0 0 0 0 0 0 
_1.ptx 278 : 300000 2445344 0 0 0 0 0 0 0 
_1.ptx 279 : 300000 0 0 0 0 0 0 0 0 
_1.ptx 282 : 1024567 7315325 0 0 0 0 0 0 0 
_1.ptx 283 : 1024567 7335940 0 0 0 0 0 0 0 
_1.ptx 284 : 1024567 7295916 0 0 0 0 0 0 0 
_1.ptx 285 : 1024567 7350387 0 0 0 0 0 0 0 
_1.ptx 286 : 1024567 7315650 0 0 0 0 0 0 0 
_1.ptx 287 : 1024567 7320316 0 0 0 0 0 0 0 
_1.ptx 288 : 1024567 7303021 0 0 0 0 0 0 0 
_1.ptx 289 : 1024567 7322600 0 0 0 0 0 0 0 
_1.ptx 290 : 1024567 6230226 0 0 0 0 0 0 0 
_1.ptx 291 : 1024567 7339580 0 0 0 0 0 0 0 
_1.ptx 292 : 1024567 6227229 0 0 0 0 0 0 0 
_1.ptx 293 : 1024567 7323870 0 0 0 0 0 0 0 
_1.ptx 294 : 1024567 1153901533 89581184 0 0 0 0 0 0 
_1.ptx 295 : 1024567 8078631 0 0 0 0 0 0 0 
_1.ptx 296 : 1024567 7887486 0 0 0 0 0 0 0 
_1.ptx 297 : 1024567 8123471 0 0 0 0 0 0 0 
_1.ptx 298 : 1024567 8074469 0 0 0 0 0 0 0 
_1.ptx 300 : 1024567 7793550 0 0 0 0 0 0 0 
_1.ptx 302 : 1024567 6323812 0 0 0 0 0 0 0 
_1.ptx 303 : 1024567 8644435 0 0 0 0 0 0 0 
_1.ptx 304 : 1024567 1920372 0 0 0 0 0 0 43918 
_1.ptx 305 : 709345 4351509 0 0 0 0 0 0 0 
_1.ptx 306 : 709345 5826006 0 0 0 0 0 0 0 
_1.ptx 307 : 709345 1222662 0 0 0 0 0 0 40686 
_1.ptx 308 : 509031 3087671 0 0 0 0 0 0 0 
_1.ptx 309 : 509031 4145598 0 0 0 0 0 0 0 
_1.ptx 310 : 509031 1141476 0 0 0 0 0 0 39804 
_1.ptx 311 : 320487 1937295 0 0 0 0 0 0 0 
_1.ptx 312 : 320487 2610727 0 0 0 0 0 0 0 
_1.ptx 313 : 320487 1937966 0 0 0 0 0 0 0 
_1.ptx 317 : 315222 2308778 0 0 0 0 0 0 0 
_1.ptx 318 : 315222 1950072 0 0 0 0 0 0 0 
_1.ptx 321 : 200314 1444158 0 0 0 0 0 0 0 
_1.ptx 322 : 200314 1236815 0 0 0 0 0 0 0 
_1.ptx 325 : 188544 1351229 0 0 0 0 0 0 0 
_1.ptx 326 : 188544 1151790 0 0 0 0 0 0 0 
_1.ptx 329 : 320487 2294835 0 0 0 0 0 0 0 
_1.ptx 330 : 320487 1955146 0 0 0 0 0 0 0 
_1.ptx 336 : 1024567 6189664 0 0 0 0 0 0 0 
_1.ptx 337 : 1024567 8361598 0 0 0 0 0 0 0 
_1.ptx 338 : 1024567 5711168 0 0 0 0 0 0 28514 
_1.ptx 340 : 79795 12489416 294880 0 0 0 0 0 0 
_1.ptx 341 : 79795 581475 0 0 0 0 0 0 0 
_1.ptx 342 : 79795 576960 0 0 0 0 0 0 0 
_1.ptx 343 : 79795 655773 0 0 0 0 0 0 0 
_1.ptx 344 : 79795 489233 0 0 0 0 0 0 2 
_1.ptx 346 : 2 20 0 0 0 0 0 0 0 
_1.ptx 347 : 2 22 0 0 0 0 0 0 0 
_1.ptx 348 : 2 14 0 0 0 0 0 0 0 
_1.ptx 349 : 2 14 0 0 0 0 0 0 0 
_1.ptx 350 : 2 22 0 0 0 0 0 0 0 
_1.ptx 351 : 2 16 0 0 0 0 0 0 0 
_1.ptx 352 : 2 14 0 0 0 0 0 0 0 
_1.ptx 353 : 2 23 0 0 0 0 0 0 0 
_1.ptx 354 : 2 87 64 0 0 2 2 0 0 
_1.ptx 356 : 2 12 0 0 0 0 0 0 0 
_1.ptx 357 : 2 227 64 0 0 2 2 0 0 
_1.ptx 360 : 79795 818434 0 0 0 0 0 0 0 
_1.ptx 362 : 79795 492939 0 0 0 0 0 0 0 
_1.ptx 363 : 79795 497145 0 0 0 0 0 0 0 
_1.ptx 366 : 944772 6715244 0 0 0 0 0 0 0 
_1.ptx 367 : 944772 6742698 0 0 0 0 0 0 0 
_1.ptx 368 : 944772 6731550 0 0 0 0 0 0 0 
_1.ptx 369 : 944772 6732966 0 0 0 0 0 0 0 
_1.ptx 370 : 944772 6740955 0 0 0 0 0 0 0 
_1.ptx 371 : 944772 6747366 0 0 0 0 0 0 0 
_1.ptx 372 : 944772 5725666 0 0 0 0 0 0 0 
_1.ptx 373 : 944772 6761090 0 0 0 0 0 0 0 
_1.ptx 374 : 944772 5723731 0 0 0 0 0 0 0 
_1.ptx 375 : 944772 6749024 0 0 0 0 0 0 0 
_1.ptx 376 : 944772 1066344177 87307264 0 0 0 0 0 0 
_1.ptx 377 : 944772 7413702 0 0 0 0 0 0 0 
_1.ptx 378 : 944772 7272309 0 0 0 0 0 0 0 
_1.ptx 379 : 944772 182353784 2309504 0 0 0 0 0 0 
_1.ptx 380 : 944772 171344618 2629568 0 0 0 0 0 0 
_1.ptx 381 : 944772 787036745 283520 0 0 0 0 0 0 
_1.ptx 382 : 944772 736404243 118144 0 0 0 0 0 0 
_1.ptx 383 : 944772 5746153 0 0 0 0 0 0 0 
_1.ptx 384 : 944772 7865829 0 0 0 0 0 0 0 
_1.ptx 385 : 944772 4188584 0 0 0 0 0 0 23523 
_1.ptx 386 : 264466 2958026 0 0 0 0 0 0 0 
_1.ptx 387 : 264466 2689197 0 0 0 0 0 0 0 
_1.ptx 388 : 264466 2170523 0 0 0 0 0 0 0 
_1.ptx 389 : 264466 636960 0 0 0 0 0 0 18301 
_1.ptx 391 : 159532 1619131 0 0 0 0 0 0 0 
_1.ptx 393 : 159532 1784882 0 0 0 0 0 0 0 
_1.ptx 394 : 159532 1626091 0 0 0 0 0 0 0 
_1.ptx 396 : 159532 1780985 0 0 0 0 0 0 0 
_1.ptx 397 : 159532 1630284 0 0 0 0 0 0 0 
_1.ptx 398 : 159532 975020 0 0 0 0 0 0 0 
_1.ptx 401 : 104934 1170304 0 0 0 0 0 0 0 
_1.ptx 403 : 104934 1178803 0 0 0 0 0 0 0 
_1.ptx 405 : 104934 657025 0 0 0 0 0 0 0 
_1.ptx 407 : 264466 1900210 0 0 0 0 0 0 0 
_1.ptx 408 : 264466 1624926 0 0 0 0 0 0 0 
