kernel line : count latency dram_traffic smem_bk_conflicts smem_warp gmem_access_generated gmem_warp exposed_latency warp_divergence
_1.ptx 823 : 509868 3042416 0 0 0 0 0 0 1125 
_1.ptx 825 : 74702 592622 0 0 0 0 0 0 0 
_1.ptx 827 : 74702 612418 0 0 0 0 0 0 0 
_1.ptx 829 : 509868 5560784 0 0 0 0 0 0 0 
_1.ptx 830 : 509868 5593046 0 0 0 0 0 0 0 
_1.ptx 831 : 509868 3747081 0 0 0 0 0 0 0 
_1.ptx 832 : 509868 4466529 0 0 0 0 0 0 0 
_1.ptx 833 : 509868 2644462 0 0 0 0 0 0 0 
_1.ptx 834 : 127467 906462 0 0 0 0 0 0 0 
_1.ptx 835 : 127467 1107239 0 0 0 0 0 0 0 
_1.ptx 836 : 127467 1025340 0 0 0 0 0 0 0 
_1.ptx 837 : 127467 895082 0 0 0 0 0 0 0 
_1.ptx 838 : 127467 1098189 0 0 0 0 0 0 0 
_1.ptx 839 : 127467 1008191 0 0 0 0 0 0 0 
_1.ptx 840 : 127467 1104501 0 0 0 0 0 0 0 
_1.ptx 841 : 127467 893304 0 0 0 0 0 0 0 
_1.ptx 842 : 127467 1098460 0 0 0 0 0 0 0 
_1.ptx 843 : 127467 442552 0 0 0 0 0 0 631 
_1.ptx 845 : 62282 687167 0 0 0 0 0 0 0 
_1.ptx 847 : 62282 512918 0 0 0 0 0 0 0 
_1.ptx 848 : 62282 499022 0 0 0 0 0 0 0 
_1.ptx 849 : 62282 794302 0 0 0 0 0 0 0 
_1.ptx 850 : 62282 718309 0 0 0 0 0 0 0 
_1.ptx 851 : 62282 403118 0 0 0 2349 2349 0 0 
_1.ptx 852 : 62282 396002 0 0 0 2349 2349 0 0 
_1.ptx 853 : 62282 387223 0 0 0 2544 2349 0 0 
_1.ptx 854 : 62282 382186 0 0 0 2544 2349 0 0 
_1.ptx 855 : 62282 388676 0 0 0 2544 2349 0 0 
_1.ptx 856 : 62282 384140 0 0 0 2544 2349 0 0 
_1.ptx 857 : 62282 364066 0 0 0 2544 2349 0 0 
_1.ptx 859 : 62282 704776 0 0 0 0 0 0 0 
_1.ptx 860 : 62282 709317 0 0 0 0 0 0 0 
_1.ptx 861 : 62282 711312 0 0 0 0 0 0 0 
_1.ptx 862 : 62282 724541 0 0 0 0 0 0 0 
_1.ptx 863 : 62282 736144 0 0 0 0 0 0 0 
_1.ptx 864 : 62282 728971 0 0 0 0 0 0 0 
_1.ptx 865 : 62282 463879 0 0 0 2544 2349 0 0 
_1.ptx 866 : 62282 454700 0 0 0 0 0 0 0 
_1.ptx 867 : 62282 542255 0 0 0 0 0 0 0 
_1.ptx 868 : 62282 133004 0 0 0 0 0 0 305 
_1.ptx 870 : 43133 310547 0 0 0 0 0 0 0 
_1.ptx 871 : 43133 303100 0 0 0 0 0 0 0 
_1.ptx 872 : 43133 307028 0 0 0 0 0 0 0 
_1.ptx 873 : 43133 295954 0 0 0 0 0 0 0 
_1.ptx 875 : 19149 85420 0 0 0 0 0 0 0 
_1.ptx 876 : 19149 221989 0 0 0 0 0 0 0 
_1.ptx 877 : 19149 222173 0 0 0 0 0 0 0 
_1.ptx 878 : 19149 224819 0 0 0 0 0 0 0 
_1.ptx 879 : 19149 225802 0 0 0 0 0 0 0 
_1.ptx 880 : 19149 227126 0 0 0 0 0 0 0 
_1.ptx 881 : 19149 184745 0 0 0 0 0 0 0 
_1.ptx 882 : 19149 184515 0 0 0 0 0 0 0 
_1.ptx 883 : 19149 627775 0 0 0 0 0 0 0 
_1.ptx 884 : 19149 246990 0 0 0 0 0 0 0 
_1.ptx 885 : 19149 253051 0 0 0 0 0 0 0 
_1.ptx 886 : 19149 242855 0 0 0 0 0 0 0 
_1.ptx 888 : 62282 735345 0 0 0 0 0 0 0 
_1.ptx 889 : 62282 735307 0 0 0 0 0 0 0 
_1.ptx 890 : 62282 754050 0 0 0 0 0 0 0 
_1.ptx 891 : 62282 784248 0 0 0 0 0 0 0 
_1.ptx 892 : 62282 619818 0 0 0 0 0 0 0 
_1.ptx 893 : 62282 611236 0 0 0 0 0 0 0 
_1.ptx 894 : 62282 1978786 0 0 0 0 0 0 0 
_1.ptx 895 : 62282 729738 0 0 0 0 0 0 0 
_1.ptx 896 : 62282 733493 0 0 0 0 0 0 0 
_1.ptx 897 : 62282 737052 0 0 0 0 0 0 0 
_1.ptx 898 : 62282 719677 0 0 0 0 0 0 0 
_1.ptx 899 : 62282 600324 0 0 0 0 0 0 0 
_1.ptx 900 : 62282 597820 0 0 0 0 0 0 0 
_1.ptx 901 : 62282 430432 0 0 0 0 0 0 0 
_1.ptx 902 : 62282 537640 0 0 0 0 0 0 0 
_1.ptx 903 : 62282 434306 0 0 0 0 0 0 0 
_1.ptx 910 : 62282 487529 0 0 0 0 0 0 0 
_1.ptx 911 : 62282 489972 0 0 0 0 0 0 0 
_1.ptx 912 : 62282 499841 0 0 0 0 0 0 0 
_1.ptx 915 : 62282 445516 0 0 0 0 0 0 0 
_1.ptx 916 : 62282 723031 0 0 0 0 0 0 0 
_1.ptx 917 : 62282 490488 0 0 0 0 0 0 0 
_1.ptx 918 : 62282 908462 0 0 0 0 0 0 0 
_1.ptx 919 : 62282 711095 0 0 0 0 0 0 0 
_1.ptx 920 : 62282 732362 29056 0 0 0 0 0 0 
_1.ptx 921 : 62282 413858 0 0 0 0 0 0 0 
_1.ptx 922 : 62282 715708 0 0 0 0 0 0 0 
_1.ptx 923 : 62282 949810 51392 0 0 0 0 0 0 
_1.ptx 924 : 62282 414285 0 0 0 0 0 0 0 
_1.ptx 925 : 62282 714813 0 0 0 0 0 0 0 
_1.ptx 926 : 62282 1093003 31904 0 0 0 0 0 0 
_1.ptx 927 : 62282 410548 0 0 0 0 0 0 0 
_1.ptx 928 : 62282 722377 0 0 0 0 0 0 0 
_1.ptx 929 : 62282 1160079 22176 0 0 0 0 0 0 
_1.ptx 931 : 62282 414306 0 0 0 0 0 0 0 
_1.ptx 932 : 62282 716845 0 0 0 0 0 0 0 
_1.ptx 933 : 62282 422394 0 0 0 0 0 0 0 
_1.ptx 934 : 62282 713739 0 0 0 0 0 0 0 
_1.ptx 935 : 62282 421069 0 0 0 0 0 0 0 
_1.ptx 936 : 62282 723824 0 0 0 0 0 0 0 
_1.ptx 937 : 62282 749586 0 0 0 0 0 0 0 
_1.ptx 938 : 62282 608110 0 0 0 0 0 0 0 
_1.ptx 939 : 62282 600097 0 0 0 0 0 0 0 
_1.ptx 940 : 62282 2220990 0 0 0 0 0 0 0 
_1.ptx 941 : 62282 762284 0 0 0 0 0 0 0 
_1.ptx 942 : 62282 762480 0 0 0 0 0 0 0 
_1.ptx 943 : 62282 789664 0 0 0 0 0 0 0 
_1.ptx 944 : 62282 789956 0 0 0 0 0 0 0 
_1.ptx 945 : 62282 604329 0 0 0 0 0 0 0 
_1.ptx 946 : 62282 606721 0 0 0 0 0 0 0 
_1.ptx 947 : 62282 442134 0 0 0 0 0 0 0 
_1.ptx 948 : 62282 546399 0 0 0 0 0 0 0 
_1.ptx 949 : 62282 37649 0 0 0 0 0 0 318 
_1.ptx 951 : 56815 452645 0 0 0 0 0 0 0 
_1.ptx 952 : 56815 359075 0 0 0 0 0 0 0 
_1.ptx 955 : 220903 1373967 0 0 0 8579 8579 0 0 
_1.ptx 956 : 220903 1473325 0 0 0 8579 8579 0 0 
_1.ptx 957 : 220903 1397654 0 0 0 8579 8579 0 0 
_1.ptx 958 : 220903 1318158 0 0 0 8579 8579 0 0 
_1.ptx 959 : 220903 1476658 0 0 0 0 0 0 0 
_1.ptx 960 : 220903 1892441 0 0 0 0 0 0 0 
_1.ptx 961 : 220903 1145944 0 0 0 0 0 0 0 
_1.ptx 963 : 56815 433622 0 0 0 0 0 0 0 
_1.ptx 964 : 56815 382979 0 0 0 0 0 0 0 
_1.ptx 965 : 56815 479192 0 0 0 0 0 0 0 
_1.ptx 966 : 56815 374056 0 0 0 0 0 0 0 
_1.ptx 971 : 56815 366129 0 0 0 0 0 0 0 
_1.ptx 972 : 56815 526316 0 0 0 0 0 0 0 
_1.ptx 973 : 56815 641755 0 0 0 0 0 0 0 
_1.ptx 974 : 56815 3277189 0 0 0 0 0 0 0 
_1.ptx 976 : 56815 373259 0 0 0 0 0 0 0 
_1.ptx 977 : 56815 377106 0 0 0 0 0 0 0 
_1.ptx 978 : 56815 489343 0 0 0 0 0 0 0 
_1.ptx 979 : 56815 533357 0 0 0 0 0 0 0 
_1.ptx 982 : 56815 439385 0 0 0 0 0 0 0 
_1.ptx 983 : 56815 384682 0 0 0 0 0 0 0 
_1.ptx 986 : 164088 761059 0 0 0 6402 6402 0 0 
_1.ptx 987 : 164088 625820 0 0 0 0 0 0 0 
_1.ptx 988 : 164088 1940327 0 0 0 0 0 0 0 
_1.ptx 989 : 164088 1151233 0 0 0 0 0 0 0 
_1.ptx 990 : 164088 1947677 0 0 0 0 0 0 0 
_1.ptx 991 : 164088 1187435 0 0 0 0 0 0 0 
_1.ptx 992 : 164088 1954643 0 0 0 0 0 0 0 
_1.ptx 993 : 164088 1199057 0 0 0 0 0 0 0 
_1.ptx 994 : 164088 1972674 0 0 0 0 0 0 0 
_1.ptx 995 : 164088 1960574 0 0 0 0 0 0 0 
_1.ptx 996 : 164088 1999007 0 0 0 0 0 0 0 
_1.ptx 997 : 164088 1996142 0 0 0 0 0 0 0 
_1.ptx 998 : 164088 1993118 0 0 0 0 0 0 0 
_1.ptx 999 : 164088 1991887 0 0 0 0 0 0 0 
_1.ptx 1000 : 164088 2026526 0 0 0 0 0 0 0 
_1.ptx 1001 : 164088 2028129 0 0 0 0 0 0 0 
_1.ptx 1002 : 164088 1682731 0 0 0 0 0 0 0 
_1.ptx 1003 : 164088 1673740 0 0 0 0 0 0 0 
_1.ptx 1004 : 164088 1996742 0 0 0 0 0 0 0 
_1.ptx 1005 : 164088 1641839 0 0 0 0 0 0 0 
_1.ptx 1006 : 164088 1643186 0 0 0 0 0 0 0 
_1.ptx 1007 : 164088 2009886 0 0 0 0 0 0 0 
_1.ptx 1008 : 164088 1505326 0 0 0 0 0 0 0 
_1.ptx 1009 : 164088 1396011 0 0 0 0 0 0 0 
_1.ptx 1010 : 164088 1188180 0 0 0 0 0 0 0 
_1.ptx 1011 : 164088 1466758 0 0 0 0 0 0 0 
_1.ptx 1012 : 164088 1369797 0 0 0 0 0 0 0 
_1.ptx 1013 : 164088 1473261 0 0 0 0 0 0 0 
_1.ptx 1014 : 164088 1215309 0 0 0 0 0 0 0 
_1.ptx 1015 : 164088 1471689 0 0 0 0 0 0 0 
_1.ptx 1016 : 164088 836747 0 0 0 0 0 0 965 
_1.ptx 1017 : 50431 375696 0 0 0 0 0 0 0 
_1.ptx 1018 : 50431 371682 0 0 0 0 0 0 0 
_1.ptx 1020 : 113657 1354098 0 0 0 0 0 0 0 
_1.ptx 1021 : 113657 1357207 0 0 0 0 0 0 0 
_1.ptx 1022 : 113657 1023424 0 0 0 0 0 0 0 
_1.ptx 1023 : 113657 45475 0 0 0 0 0 0 344 
_1.ptx 1024 : 107587 803870 0 0 0 0 0 0 0 
_1.ptx 1025 : 107587 809556 0 0 0 0 0 0 0 
_1.ptx 1028 : 6070 72180 0 0 0 0 0 0 0 
_1.ptx 1029 : 6070 112204 0 0 0 0 0 0 0 
_1.ptx 1030 : 6070 72676 0 0 0 0 0 0 0 
_1.ptx 1031 : 6070 74041 0 0 0 0 0 0 0 
_1.ptx 1032 : 6070 60590 0 0 0 0 0 0 0 
_1.ptx 1036 : 164088 1376551 0 0 0 0 0 0 0 
_1.ptx 1039 : 220903 1593672 0 0 0 0 0 0 0 
_1.ptx 1040 : 220903 1933936 0 0 0 0 0 0 0 
_1.ptx 1041 : 220903 1518178 0 0 0 0 0 0 370 
_1.ptx 1042 : 6068 73999 0 0 0 0 0 0 0 
_1.ptx 1043 : 6068 73194 0 0 0 0 0 0 0 
_1.ptx 1044 : 6068 75761 0 0 0 0 0 0 0 
_1.ptx 1045 : 6068 73131 0 0 0 0 0 0 0 
_1.ptx 1046 : 6068 74570 0 0 0 0 0 0 0 
_1.ptx 1047 : 6068 73399 0 0 0 0 0 0 0 
_1.ptx 1048 : 6068 76513 0 0 0 0 0 0 0 
_1.ptx 1049 : 6068 60589 0 0 0 0 0 0 0 
_1.ptx 1050 : 6068 60332 0 0 0 0 0 0 0 
_1.ptx 1051 : 6068 54809 0 0 0 0 0 0 0 
_1.ptx 1052 : 6068 45783 0 0 0 0 0 0 0 
_1.ptx 1057 : 220903 2442841 0 0 0 0 0 0 0 
_1.ptx 1058 : 220903 2451368 0 0 0 0 0 0 0 
_1.ptx 1059 : 220903 1696049 0 0 0 0 0 0 0 
_1.ptx 1060 : 220903 1966102 0 0 0 0 0 0 0 
_1.ptx 1061 : 220903 380588 0 0 0 0 0 0 0 
_1.ptx 1062 : 169119 1245787 0 0 0 0 0 0 0 
_1.ptx 1063 : 169119 1463871 0 0 0 0 0 0 0 
_1.ptx 1064 : 169119 1142709 0 0 0 0 0 0 295 
_1.ptx 1065 : 5031 36138 0 0 0 0 0 0 0 
_1.ptx 1067 : 51784 378171 0 0 0 0 0 0 0 
_1.ptx 1068 : 51784 463789 0 0 0 0 0 0 0 
_1.ptx 1071 : 56815 45478 0 0 0 0 0 0 318 
_1.ptx 1073 : 50745 606118 0 0 0 0 0 0 0 
_1.ptx 1074 : 50745 608772 0 0 0 0 0 0 0 
_1.ptx 1075 : 50745 612044 0 0 0 0 0 0 0 
_1.ptx 1076 : 50745 644888 0 0 0 0 0 0 0 
_1.ptx 1077 : 50745 503460 0 0 0 0 0 0 0 
_1.ptx 1078 : 50745 499027 0 0 0 0 0 0 0 
_1.ptx 1079 : 50745 1193929 0 0 0 0 0 0 0 
_1.ptx 1081 : 50745 375381 0 0 0 0 0 0 0 
_1.ptx 1082 : 50745 1079889 0 0 0 0 0 0 0 
_1.ptx 1083 : 50745 405257 0 0 0 0 0 0 0 
_1.ptx 1084 : 50745 717700 0 0 0 0 0 0 0 
_1.ptx 1085 : 50745 662571 0 0 0 0 0 0 0 
_1.ptx 1086 : 50745 605631 0 0 0 0 0 0 0 
_1.ptx 1087 : 50745 411799 256 0 0 0 0 0 0 
_1.ptx 1088 : 50745 365876 0 0 0 0 0 0 0 
_1.ptx 1089 : 50745 590661 0 0 0 0 0 0 0 
_1.ptx 1090 : 50745 604494 0 0 0 0 0 0 0 
_1.ptx 1091 : 50745 604656 0 0 0 0 0 0 0 
_1.ptx 1092 : 50745 390437 128 0 0 0 0 0 0 
_1.ptx 1093 : 50745 368174 0 0 0 0 0 0 0 
_1.ptx 1094 : 50745 596233 0 0 0 0 0 0 0 
_1.ptx 1095 : 50745 600411 0 0 0 0 0 0 0 
_1.ptx 1096 : 50745 606602 0 0 0 0 0 0 0 
_1.ptx 1097 : 50745 669664 0 0 0 0 0 0 0 
_1.ptx 1098 : 50745 361891 0 0 0 0 0 0 0 
_1.ptx 1099 : 50745 594213 0 0 0 0 0 0 0 
_1.ptx 1100 : 50745 492208 0 0 0 0 0 0 0 
_1.ptx 1101 : 50745 762187 0 0 0 0 0 0 0 
_1.ptx 1103 : 50745 586379 0 0 0 0 0 0 0 
_1.ptx 1104 : 50745 591331 0 0 0 0 0 0 0 
_1.ptx 1105 : 50745 592581 0 0 0 0 0 0 0 
_1.ptx 1106 : 50745 497485 0 0 0 0 0 0 0 
_1.ptx 1107 : 50745 604887 0 0 0 0 0 0 0 
_1.ptx 1108 : 50745 514063 0 0 0 0 0 0 0 
_1.ptx 1109 : 50745 394882 0 0 0 0 0 0 0 
_1.ptx 1110 : 50745 1098469 0 0 0 0 0 0 0 
_1.ptx 1111 : 50745 412872 0 0 0 0 0 0 0 
_1.ptx 1112 : 50745 1100544 0 0 0 0 0 0 0 
_1.ptx 1113 : 50745 420201 0 0 0 0 0 0 0 
_1.ptx 1114 : 50745 471268 0 0 0 0 0 0 0 
_1.ptx 1115 : 50745 380343 0 0 0 0 0 0 0 
_1.ptx 1121 : 50745 420681 0 0 0 0 0 0 0 
_1.ptx 1122 : 50745 370981 0 0 0 0 0 0 0 
_1.ptx 1123 : 50745 439442 0 0 0 0 0 0 0 
_1.ptx 1124 : 50745 0 0 0 0 0 0 0 0 
_1.ptx 1125 : 50745 328555 0 0 0 0 0 0 0 
_1.ptx 1133 : 50745 328536 0 0 0 0 0 0 0 
_1.ptx 1134 : 50745 422973 0 0 0 0 0 0 0 
_1.ptx 1135 : 50745 333284 0 0 0 0 0 0 0 
_1.ptx 1140 : 50745 330876 0 0 0 0 0 0 0 
_1.ptx 1141 : 50745 420390 0 0 0 0 0 0 0 
_1.ptx 1142 : 50745 323922 0 0 0 0 0 0 0 
_1.ptx 1157 : 50745 327937 0 0 0 0 0 0 0 
_1.ptx 1158 : 50745 426961 0 0 0 0 0 0 0 
_1.ptx 1159 : 50745 328039 0 0 0 0 0 0 0 
_1.ptx 1181 : 50745 325894 0 0 0 0 0 0 0 
_1.ptx 1182 : 50745 424072 0 0 0 0 0 0 0 
_1.ptx 1183 : 50745 328023 0 0 0 0 0 0 0 
_1.ptx 1196 : 50745 372388 0 0 0 0 0 0 0 
_1.ptx 1197 : 50745 380138 0 0 0 0 0 0 0 
_1.ptx 1198 : 50745 384860 0 0 0 0 0 0 0 
_1.ptx 1199 : 50745 387041 0 0 0 0 0 0 0 
_1.ptx 1200 : 50745 345142 0 0 0 0 0 0 0 
_1.ptx 1201 : 50745 428193 0 0 0 0 0 0 0 
_1.ptx 1202 : 50745 332470 0 0 0 0 0 0 0 
_1.ptx 1213 : 50745 418118 0 0 0 0 0 0 0 
_1.ptx 1216 : 50745 572498 0 0 0 0 0 0 0 
_1.ptx 1218 : 50745 428418 0 0 0 0 0 0 0 
_1.ptx 1219 : 50745 407827 0 0 0 0 0 0 0 
_1.ptx 1220 : 50745 400960 0 0 0 0 0 0 0 
_1.ptx 1221 : 50745 407226 0 0 0 0 0 0 0 
_1.ptx 1222 : 50745 360089 0 0 0 0 0 0 0 
_1.ptx 1223 : 50745 441290 0 0 0 0 0 0 0 
_1.ptx 1224 : 50745 210434 0 0 0 0 0 0 727 
_1.ptx 1226 : 21083 158685 0 0 0 0 0 0 0 
_1.ptx 1227 : 21083 248700 0 0 0 0 0 0 0 
_1.ptx 1229 : 21083 239279 0 0 0 0 0 0 0 
_1.ptx 1232 : 50745 389801 0 0 0 0 0 0 0 
_1.ptx 1233 : 50745 593576 0 0 0 0 0 0 0 
_1.ptx 1234 : 50745 345451 0 0 0 0 0 0 0 
_1.ptx 1235 : 50745 596762 0 0 0 0 0 0 0 
_1.ptx 1236 : 50745 615545 0 0 0 0 0 0 0 
_1.ptx 1237 : 50745 475545 0 0 0 0 0 0 0 
_1.ptx 1238 : 50745 2457895 0 0 0 0 0 0 0 
_1.ptx 1239 : 50745 411043 0 0 0 0 0 0 0 
_1.ptx 1240 : 50745 620942 0 0 0 0 0 0 0 
_1.ptx 1241 : 50745 411768 0 0 0 0 0 0 0 
_1.ptx 1242 : 50745 411972 0 0 0 0 0 0 0 
_1.ptx 1243 : 50745 411620 0 0 0 0 0 0 0 
_1.ptx 1244 : 50745 406656 0 0 0 0 0 0 0 
_1.ptx 1245 : 50745 410641 0 0 0 0 0 0 0 
_1.ptx 1246 : 50745 587789 0 0 0 0 0 0 0 
_1.ptx 1247 : 50745 591031 0 0 0 0 0 0 0 
_1.ptx 1248 : 50745 599577 0 0 0 0 0 0 0 
_1.ptx 1249 : 50745 481391 0 0 0 0 0 0 0 
_1.ptx 1250 : 50745 493064 0 0 0 0 0 0 0 
_1.ptx 1252 : 50745 622538 0 0 0 0 0 0 0 
_1.ptx 1253 : 50745 644549 0 0 0 0 0 0 0 
_1.ptx 1254 : 50745 433377 0 0 0 0 0 0 0 
_1.ptx 1255 : 50745 440531 0 0 0 0 0 0 0 
_1.ptx 1256 : 50745 526859 0 0 0 0 0 0 0 
_1.ptx 1257 : 50745 403738 0 0 0 0 0 0 0 
_1.ptx 1258 : 50745 517391 0 0 0 0 0 0 0 
_1.ptx 1259 : 50745 628037 0 0 0 0 0 0 0 
_1.ptx 1260 : 50745 626408 0 0 0 0 0 0 0 
_1.ptx 1261 : 50745 621017 0 0 0 0 0 0 0 
_1.ptx 1262 : 50745 616410 0 0 0 0 0 0 0 
_1.ptx 1263 : 50745 608402 0 0 0 0 0 0 0 
_1.ptx 1264 : 50745 601096 0 0 0 0 0 0 0 
_1.ptx 1265 : 50745 601445 0 0 0 0 0 0 0 
_1.ptx 1266 : 50745 597140 0 0 0 0 0 0 0 
_1.ptx 1267 : 50745 571654 0 0 0 0 0 0 0 
_1.ptx 1269 : 50745 586338 0 0 0 0 0 0 0 
_1.ptx 1271 : 50745 601240 0 0 0 0 0 0 0 
_1.ptx 1272 : 50745 630144 0 0 0 0 0 0 0 
_1.ptx 1274 : 50745 482721 0 0 0 0 0 0 0 
_1.ptx 1275 : 50745 440517 0 0 0 0 0 0 0 
_1.ptx 1276 : 50745 627723 0 0 0 0 0 0 0 
_1.ptx 1277 : 50745 633577 0 0 0 0 0 0 0 
_1.ptx 1279 : 50745 425505 0 0 0 0 0 0 0 
_1.ptx 1280 : 50745 622927 0 0 0 0 0 0 0 
_1.ptx 1281 : 50745 624577 0 0 0 0 0 0 0 
_1.ptx 1282 : 50745 614367 0 0 0 0 0 0 0 
_1.ptx 1283 : 50745 605841 0 0 0 0 0 0 0 
_1.ptx 1284 : 50745 602928 0 0 0 0 0 0 0 
_1.ptx 1286 : 50745 603291 0 0 0 0 0 0 0 
_1.ptx 1288 : 50745 366916 0 0 0 0 0 0 0 
_1.ptx 1289 : 50745 603043 0 0 0 0 0 0 0 
_1.ptx 1290 : 50745 623356 0 0 0 0 0 0 0 
_1.ptx 1291 : 50745 465973 0 0 0 0 0 0 0 
_1.ptx 1292 : 50745 635814 0 0 0 0 0 0 0 
_1.ptx 1293 : 50745 419894 0 0 0 0 0 0 0 
_1.ptx 1294 : 50745 505001 0 0 0 0 0 0 0 
_1.ptx 1295 : 50745 374947 0 0 0 0 0 0 0 
_1.ptx 1296 : 50745 497618 0 0 0 0 0 0 0 
_1.ptx 1297 : 50745 365154 0 0 0 0 0 0 0 
_1.ptx 1298 : 50745 495842 0 0 0 0 0 0 0 
_1.ptx 1299 : 50745 364117 0 0 0 0 0 0 0 
_1.ptx 1300 : 50745 492632 0 0 0 0 0 0 0 
_1.ptx 1301 : 50745 605536 0 0 0 0 0 0 0 
_1.ptx 1303 : 50745 423958 0 0 0 0 0 0 0 
_1.ptx 1304 : 50745 601408 0 0 0 0 0 0 0 
_1.ptx 1305 : 50745 592045 0 0 0 0 0 0 0 
_1.ptx 1307 : 50745 385114 0 0 0 0 0 0 0 
_1.ptx 1308 : 50745 398259 0 0 0 0 0 0 0 
_1.ptx 1309 : 50745 404285 0 0 0 0 0 0 0 
_1.ptx 1310 : 50745 356881 0 0 0 0 0 0 0 
_1.ptx 1311 : 50745 424357 0 0 0 0 0 0 0 
_1.ptx 1312 : 50745 335026 0 0 0 0 0 0 0 
_1.ptx 1321 : 50745 402169 0 0 0 0 0 0 0 
_1.ptx 1322 : 50745 356927 0 0 0 0 0 0 0 
_1.ptx 1323 : 50745 580787 0 0 0 0 0 0 0 
_1.ptx 1324 : 50745 403523 0 0 0 0 0 0 0 
_1.ptx 1325 : 50745 357251 0 0 0 0 0 0 0 
_1.ptx 1326 : 50745 358964 0 0 0 0 0 0 0 
_1.ptx 1327 : 50745 2697182 0 0 0 0 0 0 0 
_1.ptx 1328 : 50745 317714 0 0 0 0 0 0 0 
_1.ptx 1329 : 50745 330988 0 0 0 0 0 0 0 
_1.ptx 1330 : 50745 477853 0 0 0 0 0 0 0 
_1.ptx 1331 : 50745 483779 0 0 0 0 0 0 0 
_1.ptx 1332 : 50745 345495 0 0 0 0 0 0 0 
_1.ptx 1333 : 50745 622952 0 0 0 0 0 0 0 
_1.ptx 1334 : 50745 3706459 0 0 0 0 0 0 0 
_1.ptx 1335 : 50745 597595 0 0 0 0 0 0 0 
_1.ptx 1336 : 50745 330857 0 0 0 0 0 0 0 
_1.ptx 1337 : 50745 434196 0 0 0 0 0 0 0 
_1.ptx 1338 : 50745 475370 0 0 0 0 0 0 0 
_1.ptx 1339 : 50745 332288 0 0 0 0 0 0 0 
_1.ptx 1340 : 50745 427286 0 0 0 0 0 0 0 
_1.ptx 1341 : 50745 471241 0 0 0 0 0 0 0 
_1.ptx 1343 : 50745 383285 0 0 0 0 0 0 0 
_1.ptx 1344 : 50745 326525 0 0 0 0 0 0 0 
_1.ptx 1345 : 50745 429262 0 0 0 0 0 0 0 
_1.ptx 1346 : 50745 0 0 0 0 0 0 0 0 
_1.ptx 1348 : 50745 483643 0 0 0 0 0 0 0 
_1.ptx 1351 : 50745 419976 0 0 0 0 0 0 0 
_1.ptx 1352 : 50745 368646 0 0 0 0 0 0 0 
_1.ptx 1353 : 50745 417536 0 0 0 0 0 0 0 
_1.ptx 1354 : 50745 419366 0 0 0 0 0 0 0 
_1.ptx 1355 : 50745 376145 0 0 0 0 0 0 0 
_1.ptx 1356 : 50745 610920 0 0 0 0 0 0 0 
_1.ptx 1357 : 50745 603215 0 0 0 0 0 0 0 
_1.ptx 1358 : 50745 420821 0 0 0 0 0 0 0 
_1.ptx 1359 : 50745 362907 0 0 0 0 0 0 0 
_1.ptx 1360 : 50745 439399 0 0 0 0 0 0 0 
_1.ptx 1361 : 50745 398789 0 0 0 0 0 0 0 
_1.ptx 1362 : 50745 428639 0 0 0 0 0 0 0 
_1.ptx 1363 : 50745 318992 0 0 0 0 0 0 0 
_1.ptx 1364 : 50745 421083 0 0 0 0 0 0 0 
_1.ptx 1365 : 50745 332744 0 0 0 0 0 0 0 
_1.ptx 1372 : 50745 396047 0 0 0 0 0 0 0 
_1.ptx 1375 : 50745 355784 0 0 0 0 0 0 0 
_1.ptx 1376 : 50745 579073 0 0 0 0 0 0 0 
_1.ptx 1377 : 50745 581198 0 0 0 0 0 0 0 
_1.ptx 1378 : 50745 662379 0 0 0 0 0 0 0 
_1.ptx 1380 : 50745 571722 0 0 0 0 0 0 0 
_1.ptx 1381 : 50745 848473 0 0 0 0 0 0 0 
_1.ptx 1383 : 50745 583701 0 0 0 0 0 0 0 
_1.ptx 1384 : 50745 1041182 0 0 0 0 0 0 0 
_1.ptx 1388 : 62282 715244 0 0 0 0 0 0 0 
_1.ptx 1389 : 62282 746929 0 0 0 0 0 0 0 
_1.ptx 1390 : 62282 727572 0 0 0 0 0 0 0 
_1.ptx 1391 : 62282 766839 0 0 0 0 0 0 0 
_1.ptx 1392 : 62282 743770 0 0 0 0 0 0 0 
_1.ptx 1393 : 62282 785718 0 0 0 0 0 0 0 
_1.ptx 1395 : 62282 747214 0 0 0 0 0 0 0 
_1.ptx 1396 : 62282 764687 0 0 0 0 0 0 0 
_1.ptx 1397 : 62282 760776 0 0 0 0 0 0 0 
_1.ptx 1398 : 62282 840367 0 0 0 0 0 0 0 
_1.ptx 1399 : 62282 638224 0 0 0 0 0 0 0 
_1.ptx 1400 : 62282 624956 0 0 0 0 0 0 0 
_1.ptx 1401 : 62282 2369709 0 0 0 0 0 0 0 
_1.ptx 1402 : 62282 752618 0 0 0 0 0 0 0 
_1.ptx 1403 : 62282 749559 0 0 0 0 0 0 0 
_1.ptx 1404 : 62282 768526 0 0 0 0 0 0 0 
_1.ptx 1405 : 62282 502544 0 0 0 0 0 0 0 
_1.ptx 1406 : 62282 504306 0 0 0 0 0 0 0 
_1.ptx 1408 : 62282 440329 0 0 0 0 0 0 0 
_1.ptx 1409 : 62282 599103 0 0 0 0 0 0 0 
_1.ptx 1410 : 62282 432725 0 0 0 0 0 0 0 
_1.ptx 1411 : 62282 604055 0 0 0 0 0 0 0 
_1.ptx 1412 : 62282 445992 0 0 0 0 0 0 0 
_1.ptx 1413 : 62282 605702 0 0 0 0 0 0 0 
_1.ptx 1416 : 127467 1408885 0 0 0 0 0 0 0 
_1.ptx 1417 : 127467 929689 0 0 0 0 0 0 0 
_1.ptx 1418 : 127467 1112998 0 0 0 0 0 0 0 
_1.ptx 1419 : 127467 7156 0 0 0 0 0 0 0 
_1.ptx 1420 : 126435 1093789 0 0 0 0 0 0 0 
_1.ptx 1421 : 126435 427094 0 0 0 0 0 0 550 
_1.ptx 1424 : 65536 708480 0 0 0 0 0 0 0 
_1.ptx 1425 : 65536 512384 0 0 0 0 0 0 0 
_1.ptx 1426 : 65536 430624 0 0 0 0 0 0 0 
_1.ptx 1427 : 65536 551392 0 0 0 0 0 0 0 
_1.ptx 604 : 65536 408448 0 0 0 0 0 0 0 
_1.ptx 1428 : 65536 360912 0 0 0 0 0 0 218 
_1.ptx 605 : 65536 584800 41216 0 0 0 0 0 0 
_1.ptx 1429 : 10434 80302 0 0 0 0 0 0 0 
_1.ptx 606 : 65536 410112 0 0 0 0 0 0 0 
_1.ptx 1430 : 10434 79904 0 0 0 0 0 0 0 
_1.ptx 607 : 65536 1040000 40064 0 0 0 0 0 0 
_1.ptx 1431 : 10434 117215 0 0 0 0 0 0 0 
_1.ptx 608 : 65536 410752 0 0 0 0 0 0 0 
_1.ptx 1432 : 10434 119996 0 0 0 0 0 0 0 
_1.ptx 609 : 65536 1120320 40576 0 0 0 0 0 0 
_1.ptx 1433 : 10434 81912 0 0 0 0 0 0 0 
_1.ptx 610 : 65536 411168 0 0 0 0 0 0 0 
_1.ptx 611 : 65536 1477888 41344 0 0 0 0 0 0 
_1.ptx 612 : 65536 410720 0 0 0 0 0 0 0 
_1.ptx 613 : 65536 1468704 61696 0 0 0 0 0 0 
_1.ptx 1437 : 15923 3235326 25984 0 0 0 0 0 0 
_1.ptx 614 : 65536 412320 0 0 0 0 0 0 0 
_1.ptx 1438 : 15923 3159778 18560 0 0 0 0 0 0 
_1.ptx 615 : 65536 1647936 72320 0 0 0 0 0 0 
_1.ptx 1439 : 15923 3534661 20608 0 0 0 0 0 0 
_1.ptx 616 : 65536 412960 0 0 0 0 0 0 0 
_1.ptx 1440 : 15923 3090493 128 0 0 0 0 0 0 
_1.ptx 617 : 65536 1865504 75264 0 0 0 0 0 0 
_1.ptx 1441 : 15923 3098678 256 0 0 0 0 0 0 
_1.ptx 618 : 65536 417056 0 0 0 0 0 0 0 
_1.ptx 1442 : 15923 3127552 640 0 0 0 0 0 0 
_1.ptx 619 : 65536 1919104 63488 0 0 0 0 0 0 
_1.ptx 1443 : 15923 3683835 26752 0 0 0 0 0 0 
_1.ptx 620 : 65536 415008 0 0 0 0 0 0 0 
_1.ptx 1444 : 15923 3122444 128 0 0 0 0 0 0 
_1.ptx 621 : 65536 2043488 82688 0 0 0 0 0 0 
_1.ptx 1445 : 15923 99254 0 0 0 0 0 0 0 
_1.ptx 622 : 65536 415264 0 0 0 0 0 0 0 
_1.ptx 1446 : 15923 146137 0 0 0 0 0 0 0 
_1.ptx 623 : 65536 1991456 75776 0 0 0 0 0 0 
_1.ptx 1447 : 15923 395030 128 0 0 0 0 0 0 
_1.ptx 624 : 65536 413504 0 0 0 0 0 0 0 
_1.ptx 1448 : 15923 99007 0 0 0 0 0 0 0 
_1.ptx 625 : 65536 2066272 75776 0 0 0 0 0 0 
_1.ptx 1449 : 15923 146708 0 0 0 0 0 0 0 
_1.ptx 626 : 65536 415840 0 0 0 0 0 0 0 
_1.ptx 1450 : 15923 341193 256 0 0 0 0 0 0 
_1.ptx 627 : 65536 1662688 84608 0 0 0 0 0 0 
_1.ptx 1451 : 15923 100786 0 0 0 0 0 0 0 
_1.ptx 628 : 65536 416800 0 0 0 0 0 0 0 
_1.ptx 1452 : 15923 146813 0 0 0 0 0 0 0 
_1.ptx 629 : 65536 1699936 71424 0 0 0 0 0 0 
_1.ptx 1453 : 15923 374702 384 0 0 0 0 0 0 
_1.ptx 630 : 65536 418688 0 0 0 0 0 0 0 
_1.ptx 1454 : 15923 101244 0 0 0 0 0 0 0 
_1.ptx 631 : 65536 1619584 89472 0 0 0 0 0 0 
_1.ptx 1455 : 15923 146827 0 0 0 0 0 0 0 
_1.ptx 632 : 65536 415936 0 0 0 0 0 0 0 
_1.ptx 1456 : 15923 369714 256 0 0 0 0 0 0 
_1.ptx 633 : 65536 1640864 84224 0 0 0 0 0 0 
_1.ptx 1457 : 15923 164675 0 0 0 0 0 0 0 
_1.ptx 634 : 65536 416736 0 0 0 0 0 0 0 
_1.ptx 1458 : 15923 164852 0 0 0 0 0 0 0 
_1.ptx 635 : 65536 1749472 76800 0 0 0 0 0 0 
_1.ptx 1459 : 15923 106701 0 0 0 0 0 0 0 
_1.ptx 636 : 65536 416640 0 0 0 0 0 0 0 
_1.ptx 1460 : 15923 132569 0 0 0 0 0 0 0 
_1.ptx 637 : 65536 1681504 96128 0 0 0 0 0 0 
_1.ptx 1461 : 15923 34494 0 0 0 0 0 0 386 
_1.ptx 638 : 65536 417920 0 0 0 0 0 0 0 
_1.ptx 639 : 65536 1721120 72576 0 0 0 0 0 0 
_1.ptx 640 : 65536 415872 0 0 0 0 0 0 0 
_1.ptx 1464 : 65536 15837536 34048 0 0 4096 2048 0 0 
_1.ptx 641 : 65536 1667712 97920 0 0 0 0 0 0 
_1.ptx 1465 : 65536 10827456 896 0 0 0 0 0 0 
_1.ptx 642 : 65536 417696 0 0 0 0 0 0 0 
_1.ptx 1466 : 65536 479680 0 0 0 0 0 0 0 
_1.ptx 643 : 65536 1479488 100864 0 0 0 0 0 0 
_1.ptx 1467 : 65536 416608 0 0 0 0 0 0 0 
_1.ptx 644 : 65536 421280 0 0 0 0 0 0 0 
_1.ptx 1468 : 65536 731616 0 0 0 0 0 0 0 
_1.ptx 645 : 65536 424640 0 0 0 0 0 0 0 
_1.ptx 1469 : 65536 476832 0 0 0 0 0 0 0 
_1.ptx 646 : 65536 550816 0 0 0 0 0 0 0 
_1.ptx 1470 : 65536 9434528 1792 0 0 0 0 0 0 
_1.ptx 647 : 65536 419968 0 0 0 0 0 0 0 
_1.ptx 1471 : 65536 485056 0 0 0 0 0 0 0 
_1.ptx 648 : 65536 423616 0 0 0 0 0 0 0 
_1.ptx 1472 : 65536 418848 0 0 0 0 0 0 0 
_1.ptx 649 : 65536 547200 0 0 0 0 0 0 0 
_1.ptx 1473 : 65536 737248 0 0 0 0 0 0 0 
_1.ptx 650 : 65536 424096 0 0 0 0 0 0 0 
_1.ptx 1474 : 65536 483584 0 0 0 0 0 0 0 
_1.ptx 651 : 65536 736864 0 0 0 0 0 0 0 
_1.ptx 1475 : 65536 482976 0 0 0 0 0 0 0 
_1.ptx 652 : 65536 419744 0 0 0 0 0 0 0 
_1.ptx 1476 : 65536 540608 0 0 0 0 0 0 0 
_1.ptx 653 : 65536 735424 0 0 0 0 0 0 0 
_1.ptx 1477 : 65536 8160352 256 0 0 0 0 0 0 
_1.ptx 654 : 65536 2133888 128 0 0 0 0 0 0 
_1.ptx 1478 : 65536 488864 0 0 0 0 0 0 0 
_1.ptx 655 : 65536 1895872 0 0 0 0 0 0 0 
_1.ptx 1479 : 65536 427072 0 0 0 0 0 0 0 
_1.ptx 656 : 65536 544224 0 0 0 0 0 0 0 
_1.ptx 1480 : 65536 736384 0 0 0 0 0 0 0 
_1.ptx 657 : 65536 490272 0 0 0 0 0 0 0 
_1.ptx 1481 : 65536 483776 0 0 0 0 0 0 0 
_1.ptx 658 : 65536 545856 0 0 0 0 0 0 0 
_1.ptx 1482 : 65536 482496 0 0 0 0 0 0 0 
_1.ptx 659 : 65536 491136 0 0 0 0 0 0 0 
_1.ptx 1483 : 65536 8575232 640 0 0 0 0 0 0 
_1.ptx 660 : 65536 553344 0 0 0 0 0 0 0 
_1.ptx 1484 : 65536 488736 0 0 0 0 0 0 0 
_1.ptx 661 : 65536 422464 0 0 0 0 0 0 0 
_1.ptx 1485 : 65536 427552 0 0 0 0 0 0 0 
_1.ptx 662 : 65536 545088 0 0 0 0 0 0 0 
_1.ptx 1486 : 65536 739264 0 0 0 0 0 0 0 
_1.ptx 663 : 65536 0 0 0 0 0 0 0 0 
_1.ptx 1487 : 65536 487776 0 0 0 0 0 0 0 
_1.ptx 1488 : 65536 486016 0 0 0 0 0 0 0 
_1.ptx 665 : 65536 816192 0 0 0 0 0 0 0 
_1.ptx 1489 : 65536 543424 0 0 0 0 0 0 0 
_1.ptx 666 : 65536 789728 0 0 0 0 0 0 0 
_1.ptx 1490 : 65536 543744 0 0 0 0 0 0 0 
_1.ptx 667 : 65536 738240 0 0 0 0 0 0 0 
_1.ptx 1491 : 65536 735040 0 0 0 0 0 0 0 
_1.ptx 668 : 65536 491872 0 0 0 0 0 0 0 
_1.ptx 1492 : 65536 782176 0 0 0 4096 2048 0 0 
_1.ptx 669 : 65536 713024 0 0 0 0 0 0 0 
_1.ptx 670 : 65536 742560 0 0 0 0 0 0 0 
_1.ptx 671 : 65536 428096 0 0 0 0 0 0 0 
_1.ptx 1495 : 65536 409536 0 0 0 0 0 0 0 
_1.ptx 672 : 65536 1628160 164864 0 0 4096 2048 0 0 
_1.ptx 674 : 65536 2526528 128 0 0 0 0 0 0 
_1.ptx 675 : 65536 2369984 0 0 0 0 0 0 0 
_1.ptx 676 : 65536 737856 0 0 0 0 0 0 0 
_1.ptx 678 : 65536 476256 0 0 0 0 0 0 0 
_1.ptx 679 : 65536 505440 0 0 0 0 0 0 0 
_1.ptx 680 : 65536 749024 0 0 0 0 0 0 0 
_1.ptx 681 : 65536 1347136 0 0 0 0 0 0 0 
_1.ptx 682 : 65536 535392 0 0 0 0 0 0 0 
_1.ptx 683 : 65536 527040 0 0 0 0 0 0 0 
_1.ptx 684 : 65536 694240 0 0 0 0 0 0 0 
_1.ptx 685 : 65536 750592 0 0 0 0 0 0 0 
_1.ptx 686 : 65536 597056 0 0 0 0 0 0 0 
_1.ptx 687 : 65536 756672 0 0 0 0 0 0 0 
_1.ptx 688 : 65536 513568 0 0 0 0 0 0 0 
_1.ptx 689 : 65536 512512 0 0 0 0 0 0 0 
_1.ptx 690 : 65536 515840 0 0 0 0 0 0 0 
_1.ptx 691 : 65536 450400 0 0 0 0 0 0 0 
_1.ptx 692 : 65536 3129376 0 0 0 0 0 0 0 
_1.ptx 693 : 65536 424096 0 0 0 0 0 0 0 
_1.ptx 694 : 65536 742848 0 0 0 0 0 0 0 
_1.ptx 695 : 65536 754560 0 0 0 0 0 0 0 
_1.ptx 696 : 65536 433600 0 0 0 0 0 0 0 
_1.ptx 697 : 65536 750688 0 0 0 0 0 0 0 
_1.ptx 698 : 65536 743392 0 0 0 0 0 0 0 
_1.ptx 699 : 65536 689184 0 0 0 0 0 0 0 
_1.ptx 700 : 65536 740832 0 0 0 0 0 0 0 
_1.ptx 701 : 65536 546656 0 0 0 0 0 0 0 
_1.ptx 702 : 65536 742336 0 0 0 0 0 0 0 
_1.ptx 703 : 65536 472928 0 0 0 0 0 0 0 
_1.ptx 704 : 65536 744288 0 0 0 0 0 0 0 
_1.ptx 705 : 65536 425696 0 0 0 0 0 0 0 
_1.ptx 706 : 65536 743648 0 0 0 0 0 0 0 
_1.ptx 707 : 65536 418688 0 0 0 0 0 0 0 
_1.ptx 708 : 65536 743392 0 0 0 0 0 0 0 
_1.ptx 709 : 65536 393600 0 0 0 0 0 0 0 
_1.ptx 710 : 65536 759840 0 0 0 0 0 0 0 
_1.ptx 711 : 65536 773440 0 0 0 0 0 0 0 
_1.ptx 712 : 65536 782208 0 0 0 0 0 0 0 
_1.ptx 713 : 65536 789856 0 0 0 0 0 0 0 
_1.ptx 714 : 65536 795008 0 0 0 0 0 0 0 
_1.ptx 715 : 65536 800480 0 0 0 0 0 0 0 
_1.ptx 716 : 65536 809984 0 0 0 0 0 0 0 
_1.ptx 717 : 65536 799808 0 0 0 0 0 0 0 
_1.ptx 718 : 65536 793536 0 0 0 0 0 0 0 
_1.ptx 719 : 65536 790816 0 0 0 0 0 0 0 
_1.ptx 720 : 65536 781792 0 0 0 0 0 0 0 
_1.ptx 721 : 65536 781856 0 0 0 0 0 0 0 
_1.ptx 722 : 65536 779616 0 0 0 0 0 0 0 
_1.ptx 723 : 65536 793472 0 0 0 0 0 0 0 
_1.ptx 724 : 65536 639456 0 0 0 0 0 0 0 
_1.ptx 725 : 65536 618432 0 0 0 0 0 0 0 
_1.ptx 726 : 65536 1752640 0 0 0 0 0 0 0 
_1.ptx 727 : 65536 762048 0 0 0 0 0 0 0 
_1.ptx 728 : 65536 767040 0 0 0 0 0 0 0 
_1.ptx 729 : 65536 776032 0 0 0 0 0 0 0 
_1.ptx 731 : 65536 447968 0 0 0 0 0 0 0 
_1.ptx 733 : 65536 500576 0 0 0 0 0 0 0 
_1.ptx 734 : 65536 515072 0 0 0 0 0 0 0 
_1.ptx 735 : 65536 497024 0 0 0 0 0 0 0 
_1.ptx 736 : 65536 493984 0 0 0 0 0 0 0 
_1.ptx 738 : 127467 1012175 0 0 0 0 0 0 0 
_1.ptx 739 : 127467 883663 0 0 0 0 0 0 0 
_1.ptx 740 : 127467 858947 0 0 0 0 0 0 0 
_1.ptx 744 : 509868 4858841 128 0 0 17236 17236 0 0 
_1.ptx 745 : 509868 4519011 0 0 0 17236 17236 0 0 
_1.ptx 746 : 509868 5367159 128 0 0 17236 17236 0 0 
_1.ptx 747 : 509868 4277446 0 0 0 17236 17236 0 0 
_1.ptx 748 : 509868 3791848 0 0 0 17236 17236 0 0 
_1.ptx 749 : 509868 3427751 0 0 0 0 0 0 0 
_1.ptx 750 : 509868 4421468 0 0 0 0 0 0 0 
_1.ptx 751 : 509868 2720196 0 0 0 0 0 0 0 
_1.ptx 753 : 127467 977623 0 0 0 0 0 0 0 
_1.ptx 754 : 127467 856436 0 0 0 0 0 0 0 
_1.ptx 755 : 127467 1081485 0 0 0 0 0 0 0 
_1.ptx 756 : 127467 855923 0 0 0 0 0 0 0 
_1.ptx 761 : 127467 1448947 0 0 0 0 0 0 0 
_1.ptx 762 : 127467 6203843 0 0 0 0 0 0 0 
_1.ptx 763 : 127467 838413 0 0 0 0 0 0 0 
_1.ptx 764 : 127467 854029 0 0 0 0 0 0 0 
_1.ptx 765 : 127467 1080559 0 0 0 0 0 0 0 
_1.ptx 766 : 127467 1207139 0 0 0 0 0 0 0 
_1.ptx 769 : 127467 1008723 0 0 0 0 0 0 0 
_1.ptx 770 : 127467 889143 0 0 0 0 0 0 0 
_1.ptx 773 : 382401 4489435 0 0 0 0 0 0 0 
_1.ptx 774 : 382401 1424554 0 0 0 0 0 0 0 
_1.ptx 775 : 382401 4522195 0 0 0 0 0 0 0 
_1.ptx 776 : 382401 4526235 0 0 0 0 0 0 0 
_1.ptx 777 : 382401 4565261 0 0 0 0 0 0 0 
_1.ptx 778 : 382401 4577042 0 0 0 0 0 0 0 
_1.ptx 779 : 382401 4576449 0 0 0 0 0 0 0 
_1.ptx 780 : 382401 4587035 0 0 0 0 0 0 0 
_1.ptx 781 : 382401 3743962 0 0 0 0 0 0 0 
_1.ptx 782 : 382401 3835554 0 0 0 0 0 0 0 
_1.ptx 783 : 382401 3733895 0 0 0 0 0 0 0 
_1.ptx 784 : 382401 3825785 0 0 0 0 0 0 0 
_1.ptx 785 : 382401 3399557 0 0 0 0 0 0 0 
_1.ptx 786 : 382401 3181420 0 0 0 0 0 0 0 
_1.ptx 787 : 382401 2775627 0 0 0 0 0 0 0 
_1.ptx 788 : 382401 3391506 0 0 0 0 0 0 0 
_1.ptx 789 : 382401 3144773 0 0 0 0 0 0 0 
_1.ptx 790 : 382401 3405921 0 0 0 0 0 0 0 
_1.ptx 791 : 382401 2778399 0 0 0 0 0 0 0 
_1.ptx 792 : 382401 3388106 0 0 0 0 0 0 0 
_1.ptx 793 : 382401 1994612 0 0 0 0 0 0 1523 
_1.ptx 794 : 105477 773552 0 0 0 0 0 0 0 
_1.ptx 795 : 105477 763387 0 0 0 0 0 0 0 
_1.ptx 797 : 276924 3266063 0 0 0 0 0 0 0 
_1.ptx 798 : 276924 3266966 0 0 0 0 0 0 0 
_1.ptx 799 : 276924 2434710 0 0 0 0 0 0 0 
_1.ptx 800 : 276924 141002 0 0 0 0 0 0 715 
_1.ptx 801 : 257599 1864277 0 0 0 0 0 0 0 
_1.ptx 802 : 257599 1878497 0 0 0 0 0 0 0 
_1.ptx 805 : 19325 227875 0 0 0 0 0 0 0 
_1.ptx 806 : 19325 337671 0 0 0 0 0 0 0 
_1.ptx 807 : 19325 228251 0 0 0 0 0 0 0 
_1.ptx 808 : 19325 233003 0 0 0 0 0 0 0 
_1.ptx 809 : 19325 185733 0 0 0 0 0 0 0 
_1.ptx 813 : 382401 3169485 0 0 0 0 0 0 0 
_1.ptx 815 : 509868 3635016 0 0 0 0 0 0 0 
_1.ptx 816 : 509868 4406656 0 0 0 0 0 0 0 
_1.ptx 817 : 509868 4092998 0 0 0 0 0 0 0 
_1.ptx 818 : 509868 4405492 0 0 0 0 0 0 0 
_1.ptx 819 : 509868 4094780 0 0 0 0 0 0 0 
_1.ptx 820 : 509868 4466876 0 0 0 0 0 0 0 
_1.ptx 821 : 509868 3561935 0 0 0 0 0 0 0 
_1.ptx 822 : 509868 4427464 0 0 0 0 0 0 0 
