kernel line : count latency dram_traffic smem_bk_conflicts smem_warp gmem_access_generated gmem_warp exposed_latency warp_divergence
_1.ptx 200 : 61440 418720 0 0 0 0 0 0 0 
_1.ptx 68 : 61440 399488 0 0 0 0 0 0 0 
_1.ptx 69 : 61440 406880 0 0 0 0 0 0 0 
_1.ptx 70 : 61440 1236256 0 0 0 0 0 0 0 
_1.ptx 71 : 61440 389504 0 0 0 0 0 0 0 
_1.ptx 72 : 61440 704448 0 0 0 0 0 0 0 
_1.ptx 73 : 61440 486240 0 0 0 0 0 0 0 
_1.ptx 74 : 61440 7801536 128 0 0 0 0 0 0 
_1.ptx 75 : 61440 533792 0 0 0 0 0 0 0 
_1.ptx 76 : 61440 0 0 0 0 0 0 0 0 
_1.ptx 77 : 61440 4334624 0 0 0 0 0 0 0 
_1.ptx 78 : 61440 427584 0 0 0 0 0 0 0 
_1.ptx 79 : 61440 749056 0 0 0 0 0 0 0 
_1.ptx 80 : 61440 441888 0 0 0 0 0 0 0 
_1.ptx 81 : 61440 1220704 0 0 0 0 0 0 0 
_1.ptx 82 : 61440 477408 0 0 0 0 0 0 0 
_1.ptx 83 : 61440 1202368 0 0 0 0 0 0 0 
_1.ptx 84 : 61440 464480 0 0 0 0 0 0 0 
_1.ptx 85 : 61440 4255520 0 0 0 0 0 0 0 
_1.ptx 86 : 61440 582944 0 0 0 0 0 0 0 
_1.ptx 87 : 61440 3613024 0 0 0 0 0 0 0 
_1.ptx 88 : 61440 701632 0 0 0 0 0 0 0 
_1.ptx 89 : 61440 1226368 0 0 0 0 0 0 0 
_1.ptx 90 : 61440 3881344 0 0 0 0 0 0 0 
_1.ptx 91 : 61440 706592 0 0 0 0 0 0 0 
_1.ptx 92 : 61440 3649024 0 0 0 0 0 0 0 
_1.ptx 93 : 61440 707552 0 0 0 0 0 0 0 
_1.ptx 94 : 61440 3795488 0 0 0 0 0 0 0 
_1.ptx 95 : 61440 704352 0 0 0 0 0 0 0 
_1.ptx 96 : 61440 4073216 0 0 0 0 0 0 0 
_1.ptx 97 : 61440 704960 0 0 0 0 0 0 0 
_1.ptx 101 : 2000000 2489879360 8000000 0 0 62500 62500 0 0 
_1.ptx 102 : 2000000 2475815744 8000000 0 0 62500 62500 0 0 
_1.ptx 103 : 2000000 2478284576 8000000 0 0 62500 62500 0 0 
_1.ptx 104 : 2000000 22521760 0 0 0 0 0 0 0 
_1.ptx 105 : 2000000 116439936 0 0 0 0 0 0 0 
_1.ptx 106 : 2000000 41328896 0 0 0 0 0 0 0 
_1.ptx 107 : 2000000 14735712 0 0 0 0 0 0 0 
_1.ptx 108 : 2000000 42115360 0 0 0 0 0 0 0 
_1.ptx 109 : 2000000 22590240 0 0 0 0 0 0 0 
_1.ptx 110 : 2000000 12445696 0 0 0 0 0 0 0 
_1.ptx 111 : 2000000 22610976 0 0 0 0 0 0 0 
_1.ptx 112 : 2000000 12567552 0 0 0 0 0 0 0 
_1.ptx 113 : 2000000 22522112 0 0 0 0 0 0 0 
_1.ptx 114 : 2000000 42169792 0 0 0 0 0 0 0 
_1.ptx 115 : 2000000 18357088 0 0 0 0 0 0 0 
_1.ptx 116 : 2000000 22488128 0 0 0 0 0 0 0 
_1.ptx 117 : 2000000 104391936 0 0 0 0 0 0 0 
_1.ptx 118 : 2000000 22413600 0 0 0 0 0 0 0 
_1.ptx 119 : 2000000 22428544 0 0 0 0 0 0 0 
_1.ptx 120 : 2000000 12475936 0 0 0 0 0 0 0 
_1.ptx 121 : 2000000 16527520 0 0 0 0 0 0 0 
_1.ptx 122 : 2000000 12598272 0 0 0 0 0 0 0 
_1.ptx 123 : 2000000 22431424 0 0 0 0 0 0 0 
_1.ptx 124 : 2000000 16049024 0 0 0 0 0 0 0 
_1.ptx 125 : 2000000 13130144 0 0 0 0 0 0 0 
_1.ptx 126 : 2000000 16525440 0 0 0 0 0 0 0 
_1.ptx 127 : 2000000 12940448 0 0 0 0 0 0 0 
_1.ptx 128 : 2000000 22406400 0 0 0 0 0 0 0 
_1.ptx 129 : 2000000 14766496 0 0 0 0 0 0 0 
_1.ptx 130 : 2000000 22668256 0 0 0 0 0 0 0 
_1.ptx 131 : 2000000 13069952 0 0 0 0 0 0 0 
_1.ptx 132 : 2000000 13191360 0 0 0 0 0 0 0 
_1.ptx 133 : 2000000 19016000 0 0 0 0 0 0 0 
_1.ptx 134 : 2000000 23150656 0 0 0 0 0 0 0 
_1.ptx 135 : 2000000 13514976 0 0 0 0 0 0 0 
_1.ptx 136 : 2000000 13636320 0 0 0 0 0 0 0 
_1.ptx 137 : 2000000 18346048 0 0 0 0 0 0 0 
_1.ptx 138 : 2000000 12458336 0 0 0 0 0 0 0 
_1.ptx 139 : 2000000 22472416 0 0 0 0 0 0 0 
_1.ptx 140 : 2000000 42256576 0 0 0 0 0 0 0 
_1.ptx 141 : 2000000 12596224 0 0 0 0 0 0 0 
_1.ptx 142 : 2000000 22467776 0 0 0 0 0 0 0 
_1.ptx 143 : 2000000 53251744 0 0 0 0 0 0 0 
_1.ptx 144 : 2000000 56569312 0 0 0 0 0 0 0 
_1.ptx 145 : 2000000 12648256 0 0 0 0 0 0 0 
_1.ptx 146 : 2000000 12800928 0 0 0 0 0 0 0 
_1.ptx 147 : 2000000 18420544 0 0 0 0 0 0 0 
_1.ptx 148 : 2000000 62892096 0 0 0 0 0 0 0 
_1.ptx 149 : 2000000 12936480 0 0 0 0 0 0 0 
_1.ptx 150 : 2000000 12958464 0 0 0 0 0 0 0 
_1.ptx 151 : 2000000 18372256 0 0 0 0 0 0 0 
_1.ptx 152 : 2000000 12521344 0 0 0 0 0 0 0 
_1.ptx 153 : 2000000 22543680 0 0 0 0 0 0 0 
_1.ptx 154 : 2000000 12515456 0 0 0 0 0 0 0 
_1.ptx 155 : 2000000 18344224 0 0 0 0 0 0 0 
_1.ptx 156 : 2000000 12459232 0 0 0 0 0 0 0 
_1.ptx 157 : 2000000 22534592 0 0 0 0 0 0 0 
_1.ptx 158 : 2000000 12483808 0 0 0 0 0 0 0 
_1.ptx 159 : 2000000 18341216 0 0 0 0 0 0 0 
_1.ptx 160 : 2000000 12442720 0 0 0 0 0 0 0 
_1.ptx 161 : 2000000 18324608 0 0 0 0 0 0 0 
_1.ptx 162 : 2000000 12459328 0 0 0 0 0 0 0 
_1.ptx 163 : 2000000 18409280 0 0 0 0 0 0 0 
_1.ptx 164 : 2000000 12452096 0 0 0 0 0 0 0 
_1.ptx 165 : 2000000 18319968 0 0 0 0 0 0 0 
_1.ptx 166 : 2000000 12460704 0 0 0 0 0 0 0 
_1.ptx 167 : 2000000 18361728 0 0 0 0 0 0 0 
_1.ptx 168 : 2000000 22640192 0 0 0 0 0 0 0 
_1.ptx 169 : 2000000 22450784 0 0 0 0 0 0 0 
_1.ptx 170 : 2000000 22518048 0 0 0 0 0 0 0 
_1.ptx 171 : 2000000 22543264 0 0 0 0 0 0 0 
_1.ptx 172 : 2000000 12512288 0 0 0 0 0 0 0 
_1.ptx 173 : 2000000 22445952 0 0 0 0 0 0 0 
_1.ptx 174 : 2000000 12499712 0 0 0 0 0 0 0 
_1.ptx 175 : 2000000 22351360 0 0 0 0 0 0 0 
_1.ptx 176 : 2000000 18410496 0 0 0 0 0 0 0 
_1.ptx 177 : 2000000 18344352 0 0 0 0 0 0 0 
_1.ptx 178 : 2000000 22452832 0 0 0 0 0 0 0 
_1.ptx 179 : 2000000 22520192 0 0 0 0 0 0 0 
_1.ptx 180 : 2000000 22368544 0 0 0 0 0 0 0 
_1.ptx 181 : 2000000 177402656 8000000 0 0 62500 62500 0 0 
_1.ptx 182 : 2000000 12904192 0 0 0 0 0 0 0 
_1.ptx 183 : 2000000 22787200 0 0 0 0 0 0 0 
_1.ptx 184 : 2000000 23061856 0 0 0 0 0 0 0 
_1.ptx 185 : 2000000 13468864 0 0 0 0 0 0 0 
_1.ptx 186 : 2000000 22664736 0 0 0 0 0 0 0 
_1.ptx 187 : 2000000 22689760 0 0 0 0 0 0 0 
_1.ptx 188 : 2000000 22532064 0 0 0 0 0 0 0 
_1.ptx 189 : 2000000 202117248 8000000 0 0 62500 62500 0 0 
_1.ptx 190 : 2000000 22585728 0 0 0 0 0 0 0 
_1.ptx 191 : 2000000 22802816 0 0 0 0 0 0 0 
_1.ptx 192 : 2000000 23066816 0 0 0 0 0 0 0 
_1.ptx 193 : 2000000 23352320 0 0 0 0 0 0 0 
_1.ptx 194 : 2000000 23895616 0 0 0 0 0 0 0 
_1.ptx 195 : 2000000 23631488 0 0 0 0 0 0 0 
_1.ptx 196 : 2000000 17973504 0 0 0 0 0 0 0 
_1.ptx 197 : 2000000 12993280 0 0 0 0 0 0 0 
