kernel line : count latency dram_traffic smem_bk_conflicts smem_warp gmem_access_generated gmem_warp exposed_latency warp_divergence
_1.ptx 70 : 12800 77280 0 0 0 0 0 0 0 
_1.ptx 71 : 12800 245440 0 0 0 0 0 0 0 
_1.ptx 72 : 12800 94400 0 0 0 0 0 0 0 
_1.ptx 73 : 12800 157088 0 0 0 0 0 0 0 
_1.ptx 74 : 12800 107424 0 0 0 0 0 0 0 
_1.ptx 75 : 12800 111488 0 0 0 0 0 0 0 
_1.ptx 76 : 12800 93344 0 0 0 0 0 0 0 
_1.ptx 77 : 12800 1921568 128 0 0 0 0 0 0 
_1.ptx 78 : 12800 1392960 0 0 0 0 0 0 0 
_1.ptx 79 : 12800 1360512 0 0 0 0 0 0 0 
_1.ptx 80 : 12800 79328 0 0 0 0 0 0 0 
_1.ptx 81 : 12800 78848 0 0 0 0 0 0 0 
_1.ptx 82 : 12800 32424 0 0 0 0 0 0 100 
_1.ptx 83 : 7600 49584 0 0 0 0 0 0 0 
_1.ptx 84 : 7600 49464 0 0 0 0 0 0 0 
_1.ptx 85 : 7600 63124 0 0 0 0 0 0 0 
_1.ptx 86 : 7600 8256 0 0 0 0 0 0 0 
_1.ptx 88 : 6400 48224 0 0 0 0 0 0 0 
_1.ptx 90 : 6400 75264 0 0 0 0 0 0 0 
_1.ptx 91 : 6400 69120 0 0 0 0 0 0 0 
_1.ptx 92 : 6400 48384 0 0 0 0 0 0 0 
_1.ptx 95 : 1200 9996 0 0 0 0 0 0 0 
_1.ptx 96 : 1200 9312 0 0 0 0 0 0 0 
_1.ptx 97 : 1200 9768 0 0 0 0 0 0 0 
_1.ptx 98 : 1200 13344 0 0 0 0 0 0 0 
_1.ptx 99 : 1200 8592 0 0 0 0 0 0 0 
_1.ptx 100 : 1200 12588 0 0 0 0 0 0 0 
_1.ptx 101 : 1200 13236 0 0 0 0 0 0 0 
_1.ptx 102 : 1200 12432 0 0 0 0 0 0 0 
_1.ptx 103 : 1200 12012 0 0 0 0 0 0 0 
_1.ptx 105 : 1200 8496 0 0 0 0 0 0 0 
_1.ptx 106 : 1200 7644 0 0 0 0 0 0 0 
_1.ptx 107 : 1200 9600 0 0 0 0 0 0 0 
_1.ptx 108 : 1200 14736 0 0 0 0 0 0 0 
_1.ptx 109 : 1200 11280 0 0 0 0 0 0 0 
_1.ptx 110 : 1200 14484 0 0 0 0 0 0 0 
_1.ptx 113 : 7600 87768 0 0 0 0 0 0 0 
_1.ptx 114 : 7600 58860 0 0 0 0 0 0 0 
_1.ptx 115 : 7600 71428 0 0 0 0 0 0 0 
_1.ptx 116 : 7600 94652 0 0 0 0 0 0 0 
_1.ptx 117 : 7600 92412 0 0 0 0 0 0 0 
_1.ptx 118 : 7600 71344 0 0 0 0 0 0 0 
_1.ptx 120 : 7600 62644 0 0 0 0 0 0 0 
_1.ptx 121 : 7600 71104 0 0 0 0 0 0 0 
_1.ptx 122 : 7600 93796 0 0 0 0 0 0 0 
_1.ptx 124 : 7600 57572 0 0 0 0 0 0 0 
_1.ptx 125 : 7600 70164 0 0 0 0 0 0 0 
_1.ptx 126 : 7600 91608 0 0 0 0 0 0 0 
_1.ptx 128 : 7600 63364 0 0 0 0 0 0 0 
_1.ptx 129 : 7600 87144 0 0 0 0 0 0 0 
_1.ptx 130 : 7600 66360 0 0 0 0 0 0 0 
_1.ptx 132 : 7600 57812 0 0 0 0 0 0 0 
_1.ptx 133 : 7600 65336 0 0 0 0 0 0 0 
_1.ptx 134 : 7600 60952 0 0 0 0 0 0 0 
_1.ptx 135 : 7600 64744 0 0 0 0 0 0 0 
_1.ptx 136 : 7600 61372 0 0 0 0 0 0 0 
_1.ptx 137 : 7600 65184 0 0 0 0 0 0 0 
_1.ptx 138 : 7600 52008 0 0 0 0 0 0 0 
_1.ptx 139 : 7600 64768 0 0 0 0 0 0 0 
_1.ptx 140 : 7600 61320 0 0 0 0 0 0 0 
_1.ptx 141 : 7600 65348 0 0 0 0 0 0 0 
_1.ptx 142 : 7600 62516 0 0 0 0 0 0 0 
_1.ptx 143 : 7600 66092 0 0 0 0 0 0 0 
_1.ptx 144 : 7600 67168 0 0 0 0 0 0 0 
_1.ptx 145 : 7600 56628 0 0 0 0 0 0 0 
_1.ptx 147 : 5200 32408 0 0 0 0 0 0 0 
_1.ptx 148 : 5200 43412 0 0 0 0 0 0 0 
_1.ptx 149 : 5200 32372 0 0 0 0 0 0 0 
_1.ptx 150 : 5200 43180 0 0 0 0 0 0 0 
_1.ptx 151 : 5200 33464 0 0 0 0 0 0 0 
_1.ptx 154 : 12800 153056 0 0 0 0 0 0 0 
_1.ptx 155 : 12800 92480 0 0 0 0 0 0 0 
_1.ptx 156 : 12800 151712 0 0 0 0 0 0 0 
_1.ptx 157 : 12800 113440 0 0 0 0 0 0 0 
_1.ptx 158 : 12800 149408 0 0 0 0 0 0 0 
_1.ptx 159 : 12800 114016 0 0 0 0 0 0 0 
_1.ptx 160 : 12800 112704 0 0 0 0 0 0 0 
_1.ptx 161 : 12800 103072 0 0 0 0 0 0 0 
_1.ptx 162 : 12800 103936 0 0 0 0 0 0 0 
_1.ptx 163 : 12800 112032 0 0 0 0 0 0 0 
_1.ptx 164 : 12800 91008 0 0 0 0 0 0 0 
_1.ptx 165 : 12800 110880 0 0 0 0 0 0 0 
_1.ptx 166 : 12800 19740 0 0 0 0 0 0 100 
_1.ptx 168 : 10000 71160 0 0 0 0 0 0 0 
_1.ptx 169 : 10000 31792 0 0 0 0 0 0 0 
_1.ptx 170 : 10000 77184 0 0 0 0 0 0 0 
_1.ptx 171 : 10000 104852 0 0 0 0 0 0 0 
_1.ptx 172 : 10000 115556 0 0 0 0 0 0 0 
_1.ptx 173 : 10000 3223596 40064 0 0 661 400 0 0 
_1.ptx 174 : 10000 106784 0 0 0 0 0 0 0 
_1.ptx 175 : 10000 71864 0 0 0 0 0 0 0 
_1.ptx 176 : 10000 87876 0 0 0 0 0 0 0 
_1.ptx 177 : 10000 116868 0 0 0 0 0 0 0 
_1.ptx 178 : 10000 81808 0 0 0 0 0 0 0 
_1.ptx 179 : 10000 105212 0 0 0 0 0 0 0 
_1.ptx 180 : 10000 117280 0 0 0 0 0 0 0 
_1.ptx 181 : 10000 54848 0 400 400 0 0 0 0 
_1.ptx 183 : 12800 88224 0 0 0 0 0 0 0 
_1.ptx 184 : 12800 88320 0 0 0 0 0 0 0 
_1.ptx 185 : 12800 112256 0 0 0 0 0 0 0 
_1.ptx 186 : 12800 49947 0 0 0 0 0 0 148 
_1.ptx 188 : 5688 20047 0 0 0 0 0 0 0 
_1.ptx 189 : 5688 42986 0 0 0 0 0 0 0 
_1.ptx 190 : 5688 42582 0 0 0 0 0 0 0 
_1.ptx 191 : 5688 58974 0 0 0 0 0 0 0 
_1.ptx 192 : 5688 63878 0 0 0 0 0 0 0 
_1.ptx 193 : 5688 1495409 0 0 0 1188 292 0 0 
_1.ptx 194 : 5688 41406 0 0 0 0 0 0 0 
_1.ptx 195 : 5688 41667 0 0 0 0 0 0 0 
_1.ptx 196 : 5688 60617 0 0 0 0 0 0 0 
_1.ptx 197 : 5688 63946 0 0 0 0 0 0 0 
_1.ptx 198 : 5688 41136 0 292 292 0 0 0 0 
_1.ptx 200 : 12800 80224 0 0 0 0 0 0 0 
_1.ptx 201 : 12800 81664 0 0 0 0 0 0 0 
_1.ptx 202 : 12800 107968 0 0 0 0 0 0 0 
_1.ptx 203 : 12800 0 0 0 0 0 0 0 0 
_1.ptx 204 : 12800 137408 0 0 0 0 0 0 0 
_1.ptx 205 : 12800 86688 0 0 0 0 0 0 0 
_1.ptx 206 : 12800 109152 0 0 0 0 0 0 0 
_1.ptx 207 : 12800 146176 0 0 0 0 0 0 0 
_1.ptx 208 : 12800 137632 0 0 0 0 0 0 0 
_1.ptx 209 : 12800 136480 0 0 0 0 0 0 0 
_1.ptx 210 : 12800 138464 0 0 0 0 0 0 0 
_1.ptx 211 : 12800 139232 0 0 0 0 0 0 0 
_1.ptx 212 : 12800 106752 0 0 0 0 0 0 0 
_1.ptx 213 : 12800 98016 0 0 0 0 0 0 0 
_1.ptx 214 : 12800 101632 0 0 0 0 0 0 0 
_1.ptx 217 : 1280000 8347488 0 0 0 0 0 0 0 
_1.ptx 218 : 1280000 10728832 0 0 0 0 0 0 0 
_1.ptx 219 : 1280000 1868748 0 0 0 0 0 0 10000 
_1.ptx 221 : 1000000 7656896 0 0 0 0 0 0 0 
_1.ptx 223 : 1000000 8585200 0 0 0 0 0 0 0 
_1.ptx 224 : 1000000 11398084 0 0 0 0 0 0 0 
_1.ptx 226 : 1000000 8027636 0 0 0 0 0 0 0 
_1.ptx 227 : 1000000 11184912 0 0 0 0 0 0 0 
_1.ptx 228 : 1000000 11542748 0 0 0 0 0 0 0 
_1.ptx 229 : 1000000 9480744 0 40000 40000 0 0 0 0 
_1.ptx 230 : 1000000 5908988 0 40000 40000 0 0 0 0 
_1.ptx 232 : 1000000 9646200 0 40000 40000 0 0 0 0 
_1.ptx 233 : 1000000 6002144 0 40000 40000 0 0 0 0 
_1.ptx 234 : 1000000 8490468 0 0 0 0 0 0 0 
_1.ptx 235 : 1000000 63796 0 0 0 0 0 0 0 
_1.ptx 237 : 990000 3957528 0 0 0 0 0 0 0 
_1.ptx 238 : 990000 7313932 0 0 0 0 0 0 0 
_1.ptx 239 : 990000 10436884 0 0 0 0 0 0 0 
_1.ptx 240 : 990000 11212244 0 0 0 0 0 0 0 
_1.ptx 241 : 990000 315504628 3476736 0 0 65589 39600 0 0 
_1.ptx 242 : 990000 5581556 0 39600 39600 0 0 0 0 
_1.ptx 245 : 1280000 4630677 0 0 0 0 0 0 14800 
_1.ptx 247 : 568800 4280121 0 0 0 0 0 0 0 
_1.ptx 248 : 568800 4762572 0 0 0 0 0 0 0 
_1.ptx 249 : 568800 6452631 0 0 0 0 0 0 0 
_1.ptx 250 : 568800 4338411 0 0 0 0 0 0 0 
_1.ptx 252 : 568800 4300496 0 0 0 0 0 0 0 
_1.ptx 253 : 568800 4312796 0 0 0 0 0 0 0 
_1.ptx 254 : 568800 5952820 0 0 0 0 0 0 0 
_1.ptx 255 : 568800 6441348 0 0 0 0 0 0 0 
_1.ptx 256 : 568800 5082273 0 29200 29200 0 0 0 0 
_1.ptx 257 : 568800 3218612 0 29200 29200 0 0 0 0 
_1.ptx 259 : 568800 5117818 0 29200 29200 0 0 0 0 
_1.ptx 260 : 568800 3245692 0 29200 29200 0 0 0 0 
_1.ptx 261 : 568800 4729538 0 0 0 0 0 0 0 
_1.ptx 262 : 568800 35770 0 0 0 0 0 0 0 
_1.ptx 264 : 563112 2195709 0 0 0 0 0 0 0 
_1.ptx 265 : 563112 4172537 0 0 0 0 0 0 0 
_1.ptx 266 : 563112 5966574 0 0 0 0 0 0 0 
_1.ptx 267 : 563112 6367625 0 0 0 0 0 0 0 
_1.ptx 268 : 563112 129188422 520320 0 0 117612 28908 0 0 
_1.ptx 269 : 563112 3158497 0 28908 28908 0 0 0 0 
_1.ptx 273 : 1280000 8290944 0 0 0 0 0 0 0 
_1.ptx 274 : 1280000 8682016 0 0 0 0 0 0 0 
_1.ptx 275 : 1280000 10869824 0 0 0 0 0 0 0 
_1.ptx 276 : 1280000 1893556 0 0 0 0 0 0 10000 
_1.ptx 278 : 1000000 6679248 0 0 0 0 0 0 0 
_1.ptx 279 : 1000000 8423292 0 0 0 0 0 0 0 
_1.ptx 280 : 1000000 66727 0 0 0 0 0 0 10000 
_1.ptx 281 : 990000 8366623 0 0 0 0 0 0 0 
_1.ptx 282 : 990000 66993 0 0 0 0 0 0 10000 
_1.ptx 283 : 980000 6672718 0 0 0 0 0 0 0 
_1.ptx 284 : 980000 8283384 0 0 0 0 0 0 0 
_1.ptx 285 : 980000 66865 0 0 0 0 0 0 0 
_1.ptx 286 : 970200 8191598 0 0 0 0 0 0 0 
_1.ptx 287 : 970200 64060 0 0 0 0 0 0 0 
_1.ptx 288 : 960400 6503373 0 0 0 0 0 0 0 
_1.ptx 289 : 960400 8130951 0 0 0 0 0 0 0 
_1.ptx 290 : 960400 59444 0 0 0 0 0 0 0 
_1.ptx 291 : 950796 8064074 0 0 0 0 0 0 0 
_1.ptx 292 : 950796 6255630 0 0 0 0 0 0 0 
_1.ptx 296 : 58808 440120 0 0 0 0 0 0 0 
_1.ptx 297 : 58808 647588 0 0 0 0 0 0 0 
_1.ptx 298 : 58808 667309 0 0 0 0 0 0 0 
_1.ptx 299 : 58808 515957 0 21584 21584 0 0 0 0 
_1.ptx 300 : 58808 380521 0 0 0 0 0 0 0 
_1.ptx 303 : 941192 7066669 0 0 0 0 0 0 0 
_1.ptx 304 : 941192 10118725 0 0 0 0 0 0 0 
_1.ptx 305 : 941192 10669389 0 0 0 0 0 0 0 
_1.ptx 306 : 941192 8387258 0 38416 38416 0 0 0 0 
_1.ptx 307 : 941192 8387291 0 38416 38416 0 0 0 0 
_1.ptx 308 : 941192 8494230 0 38416 38416 0 0 0 0 
_1.ptx 309 : 941192 8406110 0 38416 38416 0 0 0 0 
_1.ptx 310 : 941192 8530780 0 38416 38416 0 0 0 0 
_1.ptx 311 : 941192 8473423 0 38416 38416 0 0 0 0 
_1.ptx 312 : 941192 10748126 0 0 0 0 0 0 0 
_1.ptx 313 : 941192 10739369 0 0 0 0 0 0 0 
_1.ptx 314 : 941192 10766573 0 0 0 0 0 0 0 
_1.ptx 315 : 941192 10787704 0 0 0 0 0 0 0 
_1.ptx 316 : 941192 10835943 0 0 0 0 0 0 0 
_1.ptx 317 : 941192 6498597 0 0 0 0 0 0 0 
_1.ptx 318 : 941192 10810844 0 0 0 0 0 0 0 
_1.ptx 321 : 1000000 3683272 0 0 0 0 0 0 0 
_1.ptx 322 : 1000000 7654848 0 0 0 0 0 0 0 
_1.ptx 323 : 1000000 7662596 0 0 0 0 0 0 0 
_1.ptx 324 : 1000000 10586400 0 0 0 0 0 0 0 
_1.ptx 325 : 1000000 11393936 0 0 0 0 0 0 0 
_1.ptx 326 : 1000000 6753296 4045600 0 0 66250 40000 0 0 
_1.ptx 329 : 1280000 8342528 0 0 0 0 0 0 0 
_1.ptx 330 : 1280000 13412576 0 0 0 0 0 0 0 
_1.ptx 331 : 1280000 10925888 0 0 0 0 0 0 0 
_1.ptx 332 : 1280000 8506368 0 0 0 0 0 0 0 
_1.ptx 335 : 12800 82016 0 0 0 0 0 0 0 
