kernel line : count latency dram_traffic smem_bk_conflicts smem_warp gmem_access_generated gmem_warp exposed_latency warp_divergence
_1.ptx 70 : 12800 77280 0 0 0 0 0 0 0 
_1.ptx 71 : 12800 245440 0 0 0 0 0 0 0 
_1.ptx 72 : 12800 94400 0 0 0 0 0 0 0 
_1.ptx 73 : 12800 157088 0 0 0 0 0 0 0 
_1.ptx 74 : 12800 107424 0 0 0 0 0 0 0 
_1.ptx 75 : 12800 111488 0 0 0 0 0 0 0 
_1.ptx 76 : 12800 93344 0 0 0 0 0 0 0 
_1.ptx 77 : 12800 1921568 128 0 0 0 0 0 0 
_1.ptx 78 : 12800 1392960 0 0 0 0 0 0 0 
_1.ptx 79 : 12800 1360512 0 0 0 0 0 0 0 
_1.ptx 80 : 12800 79328 0 0 0 0 0 0 0 
_1.ptx 81 : 12800 78848 0 0 0 0 0 0 0 
_1.ptx 82 : 12800 32424 0 0 0 0 0 0 100 
_1.ptx 83 : 7600 49584 0 0 0 0 0 0 0 
_1.ptx 84 : 7600 49464 0 0 0 0 0 0 0 
_1.ptx 85 : 7600 63124 0 0 0 0 0 0 0 
_1.ptx 86 : 7600 8256 0 0 0 0 0 0 0 
_1.ptx 88 : 6400 48224 0 0 0 0 0 0 0 
_1.ptx 90 : 6400 75264 0 0 0 0 0 0 0 
_1.ptx 91 : 6400 69120 0 0 0 0 0 0 0 
_1.ptx 92 : 6400 48384 0 0 0 0 0 0 0 
_1.ptx 95 : 1200 9996 0 0 0 0 0 0 0 
_1.ptx 96 : 1200 9312 0 0 0 0 0 0 0 
_1.ptx 97 : 1200 9768 0 0 0 0 0 0 0 
_1.ptx 98 : 1200 13344 0 0 0 0 0 0 0 
_1.ptx 99 : 1200 8592 0 0 0 0 0 0 0 
_1.ptx 100 : 1200 12588 0 0 0 0 0 0 0 
_1.ptx 101 : 1200 13236 0 0 0 0 0 0 0 
_1.ptx 102 : 1200 12432 0 0 0 0 0 0 0 
_1.ptx 103 : 1200 12012 0 0 0 0 0 0 0 
_1.ptx 105 : 1200 8496 0 0 0 0 0 0 0 
_1.ptx 106 : 1200 7644 0 0 0 0 0 0 0 
_1.ptx 107 : 1200 9600 0 0 0 0 0 0 0 
_1.ptx 108 : 1200 14736 0 0 0 0 0 0 0 
_1.ptx 109 : 1200 11280 0 0 0 0 0 0 0 
_1.ptx 110 : 1200 14484 0 0 0 0 0 0 0 
_1.ptx 113 : 7600 87768 0 0 0 0 0 0 0 
_1.ptx 114 : 7600 58860 0 0 0 0 0 0 0 
_1.ptx 115 : 7600 71428 0 0 0 0 0 0 0 
_1.ptx 116 : 7600 94652 0 0 0 0 0 0 0 
_1.ptx 117 : 7600 92412 0 0 0 0 0 0 0 
_1.ptx 118 : 7600 71344 0 0 0 0 0 0 0 
_1.ptx 120 : 7600 62644 0 0 0 0 0 0 0 
_1.ptx 121 : 7600 71104 0 0 0 0 0 0 0 
_1.ptx 122 : 7600 93796 0 0 0 0 0 0 0 
_1.ptx 124 : 7600 57572 0 0 0 0 0 0 0 
_1.ptx 125 : 7600 70164 0 0 0 0 0 0 0 
_1.ptx 126 : 7600 91608 0 0 0 0 0 0 0 
_1.ptx 128 : 7600 63300 0 0 0 0 0 0 0 
_1.ptx 129 : 7600 87180 0 0 0 0 0 0 0 
_1.ptx 130 : 7600 66104 0 0 0 0 0 0 0 
_1.ptx 132 : 7600 58060 0 0 0 0 0 0 0 
_1.ptx 133 : 7600 65356 0 0 0 0 0 0 0 
_1.ptx 134 : 7600 61196 0 0 0 0 0 0 0 
_1.ptx 135 : 7600 64160 0 0 0 0 0 0 0 
_1.ptx 136 : 7600 61672 0 0 0 0 0 0 0 
_1.ptx 137 : 7600 64840 0 0 0 0 0 0 0 
_1.ptx 138 : 7600 52384 0 0 0 0 0 0 0 
_1.ptx 139 : 7600 64356 0 0 0 0 0 0 0 
_1.ptx 140 : 7600 60972 0 0 0 0 0 0 0 
_1.ptx 141 : 7600 64628 0 0 0 0 0 0 0 
_1.ptx 142 : 7600 61072 0 0 0 0 0 0 0 
_1.ptx 143 : 7600 65848 0 0 0 0 0 0 0 
_1.ptx 144 : 7600 66252 0 0 0 0 0 0 0 
_1.ptx 145 : 7600 55444 0 0 0 0 0 0 0 
_1.ptx 147 : 5200 32408 0 0 0 0 0 0 0 
_1.ptx 148 : 5200 43412 0 0 0 0 0 0 0 
_1.ptx 149 : 5200 32372 0 0 0 0 0 0 0 
_1.ptx 150 : 5200 43180 0 0 0 0 0 0 0 
_1.ptx 151 : 5200 33464 0 0 0 0 0 0 0 
_1.ptx 154 : 12800 151840 0 0 0 0 0 0 0 
_1.ptx 155 : 12800 91040 0 0 0 0 0 0 0 
_1.ptx 156 : 12800 151168 0 0 0 0 0 0 0 
_1.ptx 157 : 12800 113568 0 0 0 0 0 0 0 
_1.ptx 158 : 12800 149120 0 0 0 0 0 0 0 
_1.ptx 159 : 12800 112896 0 0 0 0 0 0 0 
_1.ptx 160 : 12800 112096 0 0 0 0 0 0 0 
_1.ptx 161 : 12800 102688 0 0 0 0 0 0 0 
_1.ptx 162 : 12800 101888 0 0 0 0 0 0 0 
_1.ptx 163 : 12800 110688 0 0 0 0 0 0 0 
_1.ptx 164 : 12800 88864 0 0 0 0 0 0 0 
_1.ptx 165 : 12800 110240 0 0 0 0 0 0 0 
_1.ptx 166 : 12800 18928 0 0 0 0 0 0 100 
_1.ptx 168 : 10000 69852 0 0 0 0 0 0 0 
_1.ptx 169 : 10000 146096 0 0 0 0 0 0 0 
_1.ptx 170 : 10000 76844 0 0 0 0 0 0 0 
_1.ptx 171 : 10000 105868 0 0 0 0 0 0 0 
_1.ptx 172 : 10000 116580 0 0 0 0 0 0 0 
_1.ptx 173 : 10000 3172500 39552 0 0 661 400 0 0 
_1.ptx 174 : 10000 108396 0 0 0 0 0 0 0 
_1.ptx 175 : 10000 73168 0 0 0 0 0 0 0 
_1.ptx 176 : 10000 88252 0 0 0 0 0 0 0 
_1.ptx 177 : 10000 117044 0 0 0 0 0 0 0 
_1.ptx 178 : 10000 82288 0 0 0 0 0 0 0 
_1.ptx 179 : 10000 106176 0 0 0 0 0 0 0 
_1.ptx 180 : 10000 117648 0 0 0 0 0 0 0 
_1.ptx 181 : 10000 187284 0 400 400 0 0 0 0 
_1.ptx 183 : 12800 88736 0 0 0 0 0 0 0 
_1.ptx 184 : 12800 89408 0 0 0 0 0 0 0 
_1.ptx 185 : 12800 114272 0 0 0 0 0 0 0 
_1.ptx 186 : 12800 50961 0 0 0 0 0 0 148 
_1.ptx 188 : 5688 123476 0 0 0 0 0 0 0 
_1.ptx 189 : 5688 45003 0 0 0 0 0 0 0 
_1.ptx 190 : 5688 45318 0 0 0 0 0 0 0 
_1.ptx 191 : 5688 60264 0 0 0 0 0 0 0 
_1.ptx 192 : 5688 66341 0 0 0 0 0 0 0 
_1.ptx 193 : 5688 1468963 512 0 0 1188 292 0 0 
_1.ptx 194 : 5688 43677 0 0 0 0 0 0 0 
_1.ptx 195 : 5688 45260 0 0 0 0 0 0 0 
_1.ptx 196 : 5688 61801 0 0 0 0 0 0 0 
_1.ptx 197 : 5688 65572 0 0 0 0 0 0 0 
_1.ptx 198 : 5688 152805 0 292 292 0 0 0 0 
_1.ptx 200 : 12800 250720 0 0 0 0 0 0 0 
_1.ptx 201 : 12800 81760 0 0 0 0 0 0 0 
_1.ptx 202 : 12800 106464 0 0 0 0 0 0 0 
_1.ptx 203 : 12800 0 0 0 0 0 0 0 0 
_1.ptx 204 : 12800 135680 0 0 0 0 0 0 0 
_1.ptx 205 : 12800 84448 0 0 0 0 0 0 0 
_1.ptx 206 : 12800 108384 0 0 0 0 0 0 0 
_1.ptx 207 : 12800 145664 0 0 0 0 0 0 0 
_1.ptx 208 : 12800 137152 0 0 0 0 0 0 0 
_1.ptx 209 : 12800 135328 0 0 0 0 0 0 0 
_1.ptx 210 : 12800 139232 0 0 0 0 0 0 0 
_1.ptx 211 : 12800 139712 0 0 0 0 0 0 0 
_1.ptx 212 : 12800 107616 0 0 0 0 0 0 0 
_1.ptx 213 : 12800 100544 0 0 0 0 0 0 0 
_1.ptx 214 : 12800 101952 0 0 0 0 0 0 0 
_1.ptx 217 : 1280000 8285568 0 0 0 0 0 0 0 
_1.ptx 218 : 1280000 10661088 0 0 0 0 0 0 0 
_1.ptx 219 : 1280000 1835540 0 0 0 0 0 0 10000 
_1.ptx 221 : 1000000 7569268 0 0 0 0 0 0 0 
_1.ptx 223 : 1000000 8500340 0 0 0 0 0 0 0 
_1.ptx 224 : 1000000 11312972 0 0 0 0 0 0 0 
_1.ptx 226 : 1000000 7912584 0 0 0 0 0 0 0 
_1.ptx 227 : 1000000 11183084 0 0 0 0 0 0 0 
_1.ptx 228 : 1000000 11372076 0 0 0 0 0 0 0 
_1.ptx 229 : 1000000 16604744 0 40000 40000 0 0 0 0 
_1.ptx 230 : 1000000 11563828 0 40000 40000 0 0 0 0 
_1.ptx 232 : 1000000 14380100 0 40000 40000 0 0 0 0 
_1.ptx 233 : 1000000 13628588 0 40000 40000 0 0 0 0 
_1.ptx 234 : 1000000 8465148 0 0 0 0 0 0 0 
_1.ptx 235 : 1000000 62632 0 0 0 0 0 0 0 
_1.ptx 237 : 990000 12442608 0 0 0 0 0 0 0 
_1.ptx 238 : 990000 7286328 0 0 0 0 0 0 0 
_1.ptx 239 : 990000 10377192 0 0 0 0 0 0 0 
_1.ptx 240 : 990000 11180212 0 0 0 0 0 0 0 
_1.ptx 241 : 990000 268118176 3175936 0 0 65589 39600 0 0 
_1.ptx 242 : 990000 15053916 0 39600 39600 0 0 0 0 
_1.ptx 245 : 1280000 4513068 0 0 0 0 0 0 14800 
_1.ptx 247 : 568800 4204025 0 0 0 0 0 0 0 
_1.ptx 248 : 568800 4705625 0 0 0 0 0 0 0 
_1.ptx 249 : 568800 6412120 0 0 0 0 0 0 0 
_1.ptx 250 : 568800 4285436 0 0 0 0 0 0 0 
_1.ptx 252 : 568800 4253490 0 0 0 0 0 0 0 
_1.ptx 253 : 568800 4268831 0 0 0 0 0 0 0 
_1.ptx 254 : 568800 5941612 0 0 0 0 0 0 0 
_1.ptx 255 : 568800 6401578 0 0 0 0 0 0 0 
_1.ptx 256 : 568800 11994876 0 29200 29200 0 0 0 0 
_1.ptx 257 : 568800 8112390 0 29200 29200 0 0 0 0 
_1.ptx 259 : 568800 10056204 0 29200 29200 0 0 0 0 
_1.ptx 260 : 568800 9137937 0 29200 29200 0 0 0 0 
_1.ptx 261 : 568800 4708599 0 0 0 0 0 0 0 
_1.ptx 262 : 568800 35894 0 0 0 0 0 0 0 
_1.ptx 264 : 563112 9532237 0 0 0 0 0 0 0 
_1.ptx 265 : 563112 4144846 0 0 0 0 0 0 0 
_1.ptx 266 : 563112 5963269 0 0 0 0 0 0 0 
_1.ptx 267 : 563112 6344969 0 0 0 0 0 0 0 
_1.ptx 268 : 563112 127165247 1077376 0 0 117612 28908 0 0 
_1.ptx 269 : 563112 9187975 0 28908 28908 0 0 0 0 
_1.ptx 273 : 1280000 8078688 0 0 0 0 0 0 0 
_1.ptx 274 : 1280000 8496864 0 0 0 0 0 0 0 
_1.ptx 275 : 1280000 10803520 0 0 0 0 0 0 0 
_1.ptx 276 : 1280000 1864436 0 0 0 0 0 0 10000 
_1.ptx 278 : 1000000 6614732 0 0 0 0 0 0 0 
_1.ptx 279 : 1000000 8390040 0 0 0 0 0 0 0 
_1.ptx 280 : 1000000 65978 0 0 0 0 0 0 10000 
_1.ptx 281 : 990000 8317091 0 0 0 0 0 0 0 
_1.ptx 282 : 990000 65751 0 0 0 0 0 0 10000 
_1.ptx 283 : 980000 6580634 0 0 0 0 0 0 0 
_1.ptx 284 : 980000 8211228 0 0 0 0 0 0 0 
_1.ptx 285 : 980000 66011 0 0 0 0 0 0 0 
_1.ptx 286 : 970200 8113605 0 0 0 0 0 0 0 
_1.ptx 287 : 970200 61615 0 0 0 0 0 0 0 
_1.ptx 288 : 960400 6360521 0 0 0 0 0 0 0 
_1.ptx 289 : 960400 8021099 0 0 0 0 0 0 0 
_1.ptx 290 : 960400 61077 0 0 0 0 0 0 0 
_1.ptx 291 : 950796 7962330 0 0 0 0 0 0 0 
_1.ptx 292 : 950796 6094535 0 0 0 0 0 0 0 
_1.ptx 296 : 58808 437987 0 0 0 0 0 0 0 
_1.ptx 297 : 58808 634310 0 0 0 0 0 0 0 
_1.ptx 298 : 58808 664801 0 0 0 0 0 0 0 
_1.ptx 299 : 58808 1017463 0 21584 21584 0 0 0 0 
_1.ptx 300 : 58808 376816 0 0 0 0 0 0 0 
_1.ptx 303 : 941192 6928026 0 0 0 0 0 0 0 
_1.ptx 304 : 941192 10012694 0 0 0 0 0 0 0 
_1.ptx 305 : 941192 10569152 0 0 0 0 0 0 0 
_1.ptx 306 : 941192 14749080 0 38416 38416 0 0 0 0 
_1.ptx 307 : 941192 12925678 0 38416 38416 0 0 0 0 
_1.ptx 308 : 941192 11975774 0 38416 38416 0 0 0 0 
_1.ptx 309 : 941192 12210377 0 38416 38416 0 0 0 0 
_1.ptx 310 : 941192 11570157 0 38416 38416 0 0 0 0 
_1.ptx 311 : 941192 12455459 0 38416 38416 0 0 0 0 
_1.ptx 312 : 941192 10680000 0 0 0 0 0 0 0 
_1.ptx 313 : 941192 10679429 0 0 0 0 0 0 0 
_1.ptx 314 : 941192 10689234 0 0 0 0 0 0 0 
_1.ptx 315 : 941192 10703593 0 0 0 0 0 0 0 
_1.ptx 316 : 941192 10742389 0 0 0 0 0 0 0 
_1.ptx 317 : 941192 6359642 0 0 0 0 0 0 0 
_1.ptx 318 : 941192 10698912 0 0 0 0 0 0 0 
_1.ptx 321 : 1000000 13303864 0 0 0 0 0 0 0 
_1.ptx 322 : 1000000 7530492 0 0 0 0 0 0 0 
_1.ptx 323 : 1000000 7552868 0 0 0 0 0 0 0 
_1.ptx 324 : 1000000 10542876 0 0 0 0 0 0 0 
_1.ptx 325 : 1000000 11324596 0 0 0 0 0 0 0 
_1.ptx 326 : 1000000 34473004 2923296 0 0 66250 40000 0 0 
_1.ptx 329 : 1280000 8255712 0 0 0 0 0 0 0 
_1.ptx 330 : 1280000 13419424 0 0 0 0 0 0 0 
_1.ptx 331 : 1280000 10897120 0 0 0 0 0 0 0 
_1.ptx 332 : 1280000 8469472 0 0 0 0 0 0 0 
_1.ptx 335 : 12800 83904 0 0 0 0 0 0 0 
