kernel line : count latency dram_traffic smem_bk_conflicts smem_warp gmem_access_generated gmem_warp exposed_latency warp_divergence
_1.ptx 77 : 65792 419712 0 0 0 0 0 0 0 
_1.ptx 78 : 65792 421056 0 0 0 0 0 0 0 
_1.ptx 79 : 65792 420928 0 0 0 0 0 0 0 
_1.ptx 80 : 65792 424000 0 0 0 0 0 0 0 
_1.ptx 81 : 65792 424736 0 0 0 0 0 0 0 
_1.ptx 83 : 65792 427872 0 0 0 0 0 0 0 
_1.ptx 84 : 65792 1156736 0 0 0 0 0 0 0 
_1.ptx 85 : 65792 422016 0 0 0 0 0 0 0 
_1.ptx 86 : 65792 501472 0 0 0 0 0 0 0 
_1.ptx 87 : 65792 1287840 0 0 0 0 0 0 0 
_1.ptx 88 : 65792 749088 0 0 0 0 0 0 0 
_1.ptx 89 : 65792 765184 0 0 0 0 0 0 0 
_1.ptx 90 : 65792 521376 0 0 0 0 0 0 0 
_1.ptx 91 : 65792 1098816 0 0 0 0 0 0 0 
_1.ptx 92 : 65792 4163520 128 0 0 0 0 0 0 
_1.ptx 93 : 65792 746912 0 0 0 0 0 0 0 
_1.ptx 94 : 65792 29624224 263168 0 0 2056 2056 0 0 
_1.ptx 95 : 65792 1976672 0 2056 2056 0 0 0 0 
_1.ptx 97 : 65792 414976 0 0 0 0 0 0 0 
_1.ptx 98 : 65792 736512 0 0 0 0 0 0 0 
_1.ptx 99 : 65792 2812992 1024 0 0 0 0 0 0 
_1.ptx 100 : 65792 736320 0 0 0 0 0 0 0 
_1.ptx 101 : 65792 1775488 0 2056 2056 0 0 0 0 
_1.ptx 103 : 65792 416768 0 0 0 0 0 0 0 
_1.ptx 104 : 65792 738208 0 0 0 0 0 0 0 
_1.ptx 105 : 65792 2595328 1024 0 0 0 0 0 0 
_1.ptx 106 : 65792 739840 0 0 0 0 0 0 0 
_1.ptx 107 : 65792 1454464 0 2056 2056 0 0 0 0 
_1.ptx 109 : 65792 415936 0 0 0 0 0 0 0 
_1.ptx 110 : 65792 737856 0 0 0 0 0 0 0 
_1.ptx 111 : 65792 2252672 1024 0 0 0 0 0 0 
_1.ptx 112 : 65792 738784 0 0 0 0 0 0 0 
_1.ptx 113 : 65792 1280224 0 2056 2056 0 0 0 0 
_1.ptx 115 : 65792 418400 0 0 0 0 0 0 0 
_1.ptx 116 : 65792 740192 0 0 0 0 0 0 0 
_1.ptx 117 : 65792 2217376 1024 0 0 0 0 0 0 
_1.ptx 118 : 65792 740000 0 0 0 0 0 0 0 
_1.ptx 119 : 65792 845568 0 2056 2056 0 0 0 0 
_1.ptx 121 : 65792 420992 0 0 0 0 0 0 0 
_1.ptx 122 : 65792 447328 0 0 0 0 0 0 0 
_1.ptx 124 : 65792 505024 0 0 0 0 0 0 0 
_1.ptx 125 : 65792 514688 0 0 0 0 0 0 0 
_1.ptx 126 : 65792 453024 0 0 0 0 0 0 0 
_1.ptx 127 : 65792 515904 0 0 0 0 0 0 0 
_1.ptx 128 : 65792 448704 0 0 0 0 0 0 0 
_1.ptx 129 : 65792 513696 0 0 0 0 0 0 0 
_1.ptx 130 : 65792 441280 0 0 0 0 0 0 0 
_1.ptx 131 : 65792 510656 0 0 0 0 0 0 0 
_1.ptx 132 : 65792 1947392 128 0 0 0 0 0 0 
_1.ptx 133 : 65792 515872 0 0 0 0 0 0 0 
_1.ptx 135 : 65792 753824 0 0 0 0 0 0 0 
_1.ptx 136 : 65792 631872 0 2056 2056 0 0 0 0 
_1.ptx 137 : 65792 562432 0 0 0 0 0 0 0 
_1.ptx 138 : 65792 386816 0 2056 2056 0 0 0 0 
_1.ptx 140 : 65792 429888 0 0 0 0 0 0 0 
_1.ptx 142 : 65792 514368 0 0 0 0 0 0 0 
_1.ptx 143 : 65792 1047488 0 0 0 0 0 0 0 
_1.ptx 144 : 65792 1184256 0 0 0 0 0 0 0 
_1.ptx 145 : 65792 532512 0 0 0 0 0 0 0 
_1.ptx 146 : 65792 474688 0 0 0 0 0 0 0 
_1.ptx 147 : 65792 762656 0 0 0 0 0 0 0 
_1.ptx 148 : 65792 2830848 128 0 0 0 0 0 0 
_1.ptx 149 : 65792 761408 0 0 0 0 0 0 0 
_1.ptx 150 : 65792 535264 0 0 0 0 0 0 0 
_1.ptx 151 : 65792 1093536 0 0 0 0 0 0 0 
_1.ptx 152 : 65792 744704 0 0 0 0 0 0 0 
_1.ptx 153 : 65792 588544 0 2056 2056 0 0 0 0 
_1.ptx 154 : 65792 512320 0 0 0 0 0 0 0 
_1.ptx 155 : 65792 1022048 0 0 0 0 0 0 0 
_1.ptx 156 : 65792 754496 0 0 0 0 0 0 0 
_1.ptx 157 : 65792 599456 0 2443 2056 0 0 0 0 
_1.ptx 159 : 65792 321664 0 0 0 0 0 0 0 
_1.ptx 160 : 65792 749344 0 0 0 0 0 0 0 
_1.ptx 161 : 65792 529888 0 0 0 0 0 0 0 
_1.ptx 162 : 65792 817984 0 0 0 0 0 0 0 
_1.ptx 163 : 65792 755392 0 0 0 0 0 0 0 
_1.ptx 164 : 65792 585024 0 2056 2056 0 0 0 0 
_1.ptx 165 : 65792 515904 0 0 0 0 0 0 0 
_1.ptx 166 : 65792 839616 0 0 0 0 0 0 0 
_1.ptx 167 : 65792 749792 0 0 0 0 0 0 0 
_1.ptx 168 : 65792 607232 0 2659 2056 0 0 0 0 
_1.ptx 170 : 65792 323776 0 0 0 0 0 0 0 
_1.ptx 171 : 65792 748064 0 0 0 0 0 0 0 
_1.ptx 172 : 65792 518304 0 0 0 0 0 0 0 
_1.ptx 173 : 65792 815168 0 0 0 0 0 0 0 
_1.ptx 174 : 65792 753472 0 0 0 0 0 0 0 
_1.ptx 175 : 65792 590208 0 2056 2056 0 0 0 0 
_1.ptx 176 : 65792 515552 0 0 0 0 0 0 0 
_1.ptx 177 : 65792 817792 0 0 0 0 0 0 0 
_1.ptx 178 : 65792 746080 0 0 0 0 0 0 0 
_1.ptx 179 : 65792 610464 0 2618 2056 0 0 0 0 
_1.ptx 181 : 65792 329728 0 0 0 0 0 0 0 
_1.ptx 182 : 65792 748256 0 0 0 0 0 0 0 
_1.ptx 183 : 65792 518752 0 0 0 0 0 0 0 
_1.ptx 184 : 65792 779264 0 0 0 0 0 0 0 
_1.ptx 185 : 65792 755936 0 0 0 0 0 0 0 
_1.ptx 186 : 65792 591456 0 2056 2056 0 0 0 0 
_1.ptx 187 : 65792 488832 0 0 0 0 0 0 0 
_1.ptx 188 : 65792 983840 0 0 0 0 0 0 0 
_1.ptx 189 : 65792 752576 0 0 0 0 0 0 0 
_1.ptx 190 : 65792 630272 0 2658 2056 0 0 0 0 
_1.ptx 192 : 65792 702240 0 0 0 0 0 0 0 
_1.ptx 193 : 65792 550432 0 0 0 0 0 0 0 
_1.ptx 194 : 65792 481440 0 0 0 0 0 0 0 
_1.ptx 195 : 65792 541504 0 0 0 0 0 0 0 
_1.ptx 196 : 65792 470880 0 0 0 0 0 0 0 
_1.ptx 197 : 65792 525600 0 0 0 0 0 0 0 
_1.ptx 198 : 65792 460128 0 0 0 0 0 0 0 
_1.ptx 199 : 65792 521824 0 0 0 0 0 0 0 
_1.ptx 200 : 65792 767840 0 0 0 0 0 0 0 
_1.ptx 201 : 65792 512416 0 0 0 0 0 0 0 
_1.ptx 203 : 65792 568736 0 0 0 0 0 0 0 
_1.ptx 204 : 65792 567776 0 0 0 0 0 0 0 
_1.ptx 205 : 65792 567328 0 0 0 0 0 0 0 
_1.ptx 206 : 65792 555392 0 0 0 0 0 0 0 
_1.ptx 207 : 65792 377248 0 2056 2056 0 0 0 0 
_1.ptx 209 : 65792 464768 0 0 0 0 0 0 0 
_1.ptx 211 : 65792 765824 0 0 0 0 0 0 0 
_1.ptx 212 : 65792 581120 0 2056 2056 0 0 0 0 
_1.ptx 213 : 65792 494848 0 0 0 0 0 0 0 
_1.ptx 214 : 65792 946944 0 0 0 0 0 0 0 
_1.ptx 215 : 65792 750016 0 0 0 0 0 0 0 
_1.ptx 216 : 65792 701696 0 3946 2056 0 0 0 0 
_1.ptx 218 : 65792 746368 0 0 0 0 0 0 0 
_1.ptx 219 : 65792 622112 0 2056 2056 0 0 0 0 
_1.ptx 220 : 65792 507744 0 0 0 0 0 0 0 
_1.ptx 221 : 65792 802528 0 0 0 0 0 0 0 
_1.ptx 222 : 65792 746240 0 0 0 0 0 0 0 
_1.ptx 223 : 65792 731776 0 3947 2056 0 0 0 0 
_1.ptx 225 : 65792 740768 0 0 0 0 0 0 0 
_1.ptx 226 : 65792 627872 0 2056 2056 0 0 0 0 
_1.ptx 227 : 65792 499520 0 0 0 0 0 0 0 
_1.ptx 228 : 65792 791424 0 0 0 0 0 0 0 
_1.ptx 229 : 65792 746336 0 0 0 0 0 0 0 
_1.ptx 230 : 65792 717184 0 4093 2056 0 0 0 0 
_1.ptx 232 : 65792 754048 0 0 0 0 0 0 0 
_1.ptx 233 : 65792 647872 0 2056 2056 0 0 0 0 
_1.ptx 234 : 65792 510208 0 0 0 0 0 0 0 
_1.ptx 235 : 65792 738656 0 0 0 0 0 0 0 
_1.ptx 236 : 65792 751744 0 0 0 0 0 0 0 
_1.ptx 237 : 65792 699200 0 3974 2056 0 0 0 0 
_1.ptx 239 : 65792 687584 0 0 0 0 0 0 0 
_1.ptx 240 : 65792 515136 0 0 0 0 0 0 0 
_1.ptx 241 : 65792 458048 0 0 0 0 0 0 0 
_1.ptx 242 : 65792 536576 0 0 0 0 0 0 0 
_1.ptx 243 : 65792 470112 0 0 0 0 0 0 0 
_1.ptx 244 : 65792 531424 0 0 0 0 0 0 0 
_1.ptx 245 : 65792 459616 0 0 0 0 0 0 0 
_1.ptx 246 : 65792 511904 0 0 0 0 0 0 0 
_1.ptx 247 : 65792 788640 0 0 0 0 0 0 0 
_1.ptx 248 : 65792 516576 0 0 0 0 0 0 0 
_1.ptx 250 : 65792 567648 0 0 0 0 0 0 0 
_1.ptx 251 : 65792 571392 0 0 0 0 0 0 0 
_1.ptx 252 : 65792 578080 0 0 0 0 0 0 0 
_1.ptx 253 : 65792 563360 0 0 0 0 0 0 0 
_1.ptx 254 : 65792 389376 0 2056 2056 0 0 0 0 
_1.ptx 256 : 65792 422240 0 0 0 0 0 0 0 
_1.ptx 258 : 65792 582144 0 2056 2056 0 0 0 0 
_1.ptx 259 : 65792 489024 0 0 0 0 0 0 0 
_1.ptx 260 : 65792 858560 0 0 0 0 0 0 0 
_1.ptx 261 : 65792 747328 0 0 0 0 0 0 0 
_1.ptx 262 : 65792 765184 0 4607 2056 0 0 0 0 
_1.ptx 264 : 65792 650880 0 2056 2056 0 0 0 0 
_1.ptx 265 : 65792 491296 0 0 0 0 0 0 0 
_1.ptx 266 : 65792 760800 0 0 0 0 0 0 0 
_1.ptx 267 : 65792 739968 0 0 0 0 0 0 0 
_1.ptx 268 : 65792 696320 0 3999 2056 0 0 0 0 
_1.ptx 270 : 65792 668096 0 2056 2056 0 0 0 0 
_1.ptx 271 : 65792 489952 0 0 0 0 0 0 0 
_1.ptx 272 : 65792 731968 0 0 0 0 0 0 0 
_1.ptx 273 : 65792 739968 0 0 0 0 0 0 0 
_1.ptx 274 : 65792 698144 0 3985 2056 0 0 0 0 
_1.ptx 276 : 65792 650176 0 2056 2056 0 0 0 0 
_1.ptx 277 : 65792 494912 0 0 0 0 0 0 0 
_1.ptx 278 : 65792 718240 0 0 0 0 0 0 0 
_1.ptx 279 : 65792 743840 0 0 0 0 0 0 0 
_1.ptx 280 : 65792 735904 0 4060 2056 0 0 0 0 
_1.ptx 282 : 65792 689312 0 0 0 0 0 0 0 
_1.ptx 283 : 65792 526080 0 0 0 0 0 0 0 
_1.ptx 284 : 65792 458336 0 0 0 0 0 0 0 
_1.ptx 285 : 65792 536192 0 0 0 0 0 0 0 
_1.ptx 286 : 65792 462048 0 0 0 0 0 0 0 
_1.ptx 287 : 65792 527168 0 0 0 0 0 0 0 
_1.ptx 288 : 65792 453376 0 0 0 0 0 0 0 
_1.ptx 289 : 65792 516256 0 0 0 0 0 0 0 
_1.ptx 290 : 65792 781600 0 0 0 0 0 0 0 
_1.ptx 291 : 65792 522944 0 0 0 0 0 0 0 
_1.ptx 293 : 65792 575744 0 0 0 0 0 0 0 
_1.ptx 294 : 65792 570016 0 0 0 0 0 0 0 
_1.ptx 295 : 65792 572160 0 0 0 0 0 0 0 
_1.ptx 296 : 65792 569056 0 0 0 0 0 0 0 
_1.ptx 297 : 65792 408384 0 2056 2056 0 0 0 0 
_1.ptx 299 : 65792 420000 0 0 0 0 0 0 0 
_1.ptx 301 : 65792 585344 0 2056 2056 0 0 0 0 
_1.ptx 302 : 65792 483200 0 0 0 0 0 0 0 
_1.ptx 303 : 65792 971712 0 0 0 0 0 0 0 
_1.ptx 304 : 65792 746944 0 0 0 0 0 0 0 
_1.ptx 305 : 65792 721952 0 3916 2056 0 0 0 0 
_1.ptx 307 : 65792 648928 0 2056 2056 0 0 0 0 
_1.ptx 308 : 65792 488992 0 0 0 0 0 0 0 
_1.ptx 309 : 65792 749120 0 0 0 0 0 0 0 
_1.ptx 310 : 65792 741824 0 0 0 0 0 0 0 
_1.ptx 311 : 65792 706112 0 3959 2056 0 0 0 0 
_1.ptx 313 : 65792 678976 0 2056 2056 0 0 0 0 
_1.ptx 314 : 65792 488000 0 0 0 0 0 0 0 
_1.ptx 315 : 65792 731648 0 0 0 0 0 0 0 
_1.ptx 316 : 65792 742528 0 0 0 0 0 0 0 
_1.ptx 317 : 65792 710528 0 3927 2056 0 0 0 0 
_1.ptx 319 : 65792 606400 0 2056 2056 0 0 0 0 
_1.ptx 320 : 65792 493440 0 0 0 0 0 0 0 
_1.ptx 321 : 65792 869024 0 0 0 0 0 0 0 
_1.ptx 322 : 65792 753184 0 0 0 0 0 0 0 
_1.ptx 323 : 65792 713504 0 3946 2056 0 0 0 0 
_1.ptx 325 : 65792 710016 0 0 0 0 0 0 0 
_1.ptx 326 : 65792 547488 0 0 0 0 0 0 0 
_1.ptx 327 : 65792 473920 0 0 0 0 0 0 0 
_1.ptx 328 : 65792 545280 0 0 0 0 0 0 0 
_1.ptx 329 : 65792 468320 0 0 0 0 0 0 0 
_1.ptx 330 : 65792 537408 0 0 0 0 0 0 0 
_1.ptx 331 : 65792 462240 0 0 0 0 0 0 0 
_1.ptx 332 : 65792 526816 0 0 0 0 0 0 0 
_1.ptx 333 : 65792 781760 0 0 0 0 0 0 0 
_1.ptx 334 : 65792 513536 0 0 0 0 0 0 0 
_1.ptx 336 : 65792 574720 0 0 0 0 0 0 0 
_1.ptx 337 : 65792 561472 0 0 0 0 0 0 0 
_1.ptx 338 : 65792 578464 0 0 0 0 0 0 0 
_1.ptx 339 : 65792 554528 0 0 0 0 0 0 0 
_1.ptx 340 : 65792 373824 0 2056 2056 0 0 0 0 
_1.ptx 342 : 65792 414816 0 0 0 0 0 0 0 
_1.ptx 344 : 65792 582624 0 2056 2056 0 0 0 0 
_1.ptx 345 : 65792 485696 0 0 0 0 0 0 0 
_1.ptx 346 : 65792 843168 0 0 0 0 0 0 0 
_1.ptx 347 : 65792 741408 0 0 0 0 0 0 0 
_1.ptx 348 : 65792 710272 0 4061 2056 0 0 0 0 
_1.ptx 350 : 65792 656128 0 2056 2056 0 0 0 0 
_1.ptx 351 : 65792 488320 0 0 0 0 0 0 0 
_1.ptx 352 : 65792 737408 0 0 0 0 0 0 0 
_1.ptx 353 : 65792 744096 0 0 0 0 0 0 0 
_1.ptx 354 : 65792 717088 0 4503 2056 0 0 0 0 
_1.ptx 356 : 65792 681888 0 2056 2056 0 0 0 0 
_1.ptx 357 : 65792 501280 0 0 0 0 0 0 0 
_1.ptx 358 : 65792 948608 0 0 0 0 0 0 0 
_1.ptx 359 : 65792 754272 0 0 0 0 0 0 0 
_1.ptx 360 : 65792 713120 0 3919 2056 0 0 0 0 
_1.ptx 362 : 65792 632320 0 2056 2056 0 0 0 0 
_1.ptx 363 : 65792 498304 0 0 0 0 0 0 0 
_1.ptx 364 : 65792 747872 0 0 0 0 0 0 0 
_1.ptx 365 : 65792 747424 0 0 0 0 0 0 0 
_1.ptx 366 : 65792 682080 0 3967 2056 0 0 0 0 
_1.ptx 368 : 65792 689184 0 0 0 0 0 0 0 
_1.ptx 369 : 65792 530848 0 0 0 0 0 0 0 
_1.ptx 370 : 65792 466208 0 0 0 0 0 0 0 
_1.ptx 371 : 65792 532000 0 0 0 0 0 0 0 
_1.ptx 372 : 65792 464992 0 0 0 0 0 0 0 
_1.ptx 373 : 65792 522016 0 0 0 0 0 0 0 
_1.ptx 374 : 65792 460448 0 0 0 0 0 0 0 
_1.ptx 375 : 65792 502400 0 0 0 0 0 0 0 
_1.ptx 376 : 65792 802368 0 0 0 0 0 0 0 
_1.ptx 377 : 65792 521184 0 0 0 0 0 0 0 
_1.ptx 379 : 65792 559584 0 0 0 0 0 0 0 
_1.ptx 380 : 65792 569248 0 0 0 0 0 0 0 
_1.ptx 381 : 65792 581728 0 0 0 0 0 0 0 
_1.ptx 382 : 65792 560672 0 0 0 0 0 0 0 
_1.ptx 383 : 65792 388352 0 2056 2056 0 0 0 0 
_1.ptx 385 : 65792 420064 0 0 0 0 0 0 0 
_1.ptx 387 : 65792 581024 0 2056 2056 0 0 0 0 
_1.ptx 388 : 65792 482336 0 0 0 0 0 0 0 
_1.ptx 389 : 65792 798784 0 0 0 0 0 0 0 
_1.ptx 390 : 65792 746400 0 0 0 0 0 0 0 
_1.ptx 391 : 65792 695424 0 3936 2056 0 0 0 0 
_1.ptx 393 : 65792 648384 0 2056 2056 0 0 0 0 
_1.ptx 394 : 65792 485344 0 0 0 0 0 0 0 
_1.ptx 395 : 65792 1062176 0 0 0 0 0 0 0 
_1.ptx 396 : 65792 744768 0 0 0 0 0 0 0 
_1.ptx 397 : 65792 711904 0 4017 2056 0 0 0 0 
_1.ptx 399 : 65792 679328 0 2056 2056 0 0 0 0 
_1.ptx 400 : 65792 493248 0 0 0 0 0 0 0 
_1.ptx 401 : 65792 807520 0 0 0 0 0 0 0 
_1.ptx 402 : 65792 741632 0 0 0 0 0 0 0 
_1.ptx 403 : 65792 704608 0 3938 2056 0 0 0 0 
_1.ptx 405 : 65792 664544 0 2056 2056 0 0 0 0 
_1.ptx 406 : 65792 491104 0 0 0 0 0 0 0 
_1.ptx 407 : 65792 708896 0 0 0 0 0 0 0 
_1.ptx 408 : 65792 745632 0 0 0 0 0 0 0 
_1.ptx 409 : 65792 702592 0 4040 2056 0 0 0 0 
_1.ptx 411 : 65792 680416 0 0 0 0 0 0 0 
_1.ptx 412 : 65792 506816 0 0 0 0 0 0 0 
_1.ptx 413 : 65792 446080 0 0 0 0 0 0 0 
_1.ptx 414 : 65792 527200 0 0 0 0 0 0 0 
_1.ptx 415 : 65792 464352 0 0 0 0 0 0 0 
_1.ptx 416 : 65792 530112 0 0 0 0 0 0 0 
_1.ptx 417 : 65792 463296 0 0 0 0 0 0 0 
_1.ptx 418 : 65792 506784 0 0 0 0 0 0 0 
_1.ptx 419 : 65792 810592 0 0 0 0 0 0 0 
_1.ptx 420 : 65792 542176 0 0 0 0 0 0 0 
_1.ptx 422 : 65792 583072 0 0 0 0 0 0 0 
_1.ptx 423 : 65792 571104 0 0 0 0 0 0 0 
_1.ptx 424 : 65792 572832 0 0 0 0 0 0 0 
_1.ptx 425 : 65792 564160 0 0 0 0 0 0 0 
_1.ptx 426 : 65792 381408 0 2056 2056 0 0 0 0 
_1.ptx 428 : 65792 417920 0 0 0 0 0 0 0 
_1.ptx 430 : 65792 579488 0 2056 2056 0 0 0 0 
_1.ptx 431 : 65792 480960 0 0 0 0 0 0 0 
_1.ptx 432 : 65792 836288 0 0 0 0 0 0 0 
_1.ptx 433 : 65792 746368 0 0 0 0 0 0 0 
_1.ptx 434 : 65792 747136 0 4119 2056 0 0 0 0 
_1.ptx 436 : 65792 645440 0 2056 2056 0 0 0 0 
_1.ptx 437 : 65792 486624 0 0 0 0 0 0 0 
_1.ptx 438 : 65792 752320 0 0 0 0 0 0 0 
_1.ptx 439 : 65792 738336 0 0 0 0 0 0 0 
_1.ptx 440 : 65792 699584 0 4033 2056 0 0 0 0 
_1.ptx 442 : 65792 674240 0 2056 2056 0 0 0 0 
_1.ptx 443 : 65792 486944 0 0 0 0 0 0 0 
_1.ptx 444 : 65792 729280 0 0 0 0 0 0 0 
_1.ptx 445 : 65792 739296 0 0 0 0 0 0 0 
_1.ptx 446 : 65792 703040 0 4025 2056 0 0 0 0 
_1.ptx 448 : 65792 655488 0 2056 2056 0 0 0 0 
_1.ptx 449 : 65792 491200 0 0 0 0 0 0 0 
_1.ptx 450 : 65792 712192 0 0 0 0 0 0 0 
_1.ptx 451 : 65792 743712 0 0 0 0 0 0 0 
_1.ptx 452 : 65792 727264 0 3930 2056 0 0 0 0 
_1.ptx 454 : 65792 688832 0 0 0 0 0 0 0 
_1.ptx 455 : 65792 531872 0 0 0 0 0 0 0 
_1.ptx 456 : 65792 466912 0 0 0 0 0 0 0 
_1.ptx 457 : 65792 538112 0 0 0 0 0 0 0 
_1.ptx 458 : 65792 467072 0 0 0 0 0 0 0 
_1.ptx 459 : 65792 524704 0 0 0 0 0 0 0 
_1.ptx 460 : 65792 454400 0 0 0 0 0 0 0 
_1.ptx 461 : 65792 516864 0 0 0 0 0 0 0 
_1.ptx 462 : 65792 787936 0 0 0 0 0 0 0 
_1.ptx 463 : 65792 527072 0 0 0 0 0 0 0 
_1.ptx 465 : 65792 570464 0 0 0 0 0 0 0 
_1.ptx 466 : 65792 597728 0 0 0 0 0 0 0 
_1.ptx 467 : 65792 577696 0 0 0 0 0 0 0 
_1.ptx 468 : 65792 570688 0 0 0 0 0 0 0 
_1.ptx 469 : 65792 390880 0 2056 2056 0 0 0 0 
_1.ptx 471 : 65792 417664 0 0 0 0 0 0 0 
_1.ptx 473 : 65792 574112 0 2056 2056 0 0 0 0 
_1.ptx 474 : 65792 483328 0 0 0 0 0 0 0 
_1.ptx 475 : 65792 1021280 0 0 0 0 0 0 0 
_1.ptx 476 : 65792 750240 0 0 0 0 0 0 0 
_1.ptx 477 : 65792 729344 0 4014 2056 0 0 0 0 
_1.ptx 479 : 65792 651072 0 2056 2056 0 0 0 0 
_1.ptx 480 : 65792 484704 0 0 0 0 0 0 0 
_1.ptx 481 : 65792 738688 0 0 0 0 0 0 0 
_1.ptx 482 : 65792 740736 0 0 0 0 0 0 0 
_1.ptx 483 : 65792 705792 0 4017 2056 0 0 0 0 
_1.ptx 485 : 65792 683232 0 2056 2056 0 0 0 0 
_1.ptx 486 : 65792 483648 0 0 0 0 0 0 0 
_1.ptx 487 : 65792 719552 0 0 0 0 0 0 0 
_1.ptx 488 : 65792 739264 0 0 0 0 0 0 0 
_1.ptx 489 : 65792 712544 0 3881 2056 0 0 0 0 
_1.ptx 491 : 65792 593088 0 2056 2056 0 0 0 0 
_1.ptx 492 : 65792 485152 0 0 0 0 0 0 0 
_1.ptx 493 : 65792 918368 0 0 0 0 0 0 0 
_1.ptx 494 : 65792 752224 0 0 0 0 0 0 0 
_1.ptx 495 : 65792 726560 0 4006 2056 0 0 0 0 
_1.ptx 497 : 65792 706912 0 0 0 0 0 0 0 
_1.ptx 498 : 65792 558176 0 0 0 0 0 0 0 
_1.ptx 499 : 65792 479168 0 0 0 0 0 0 0 
_1.ptx 500 : 65792 551040 0 0 0 0 0 0 0 
_1.ptx 501 : 65792 473216 0 0 0 0 0 0 0 
_1.ptx 502 : 65792 536160 0 0 0 0 0 0 0 
_1.ptx 503 : 65792 458432 0 0 0 0 0 0 0 
_1.ptx 504 : 65792 520160 0 0 0 0 0 0 0 
_1.ptx 505 : 65792 1986144 128 0 0 0 0 0 0 
_1.ptx 506 : 65792 517568 0 0 0 0 0 0 0 
_1.ptx 508 : 65792 567712 0 0 0 0 0 0 0 
_1.ptx 509 : 65792 563200 0 0 0 0 0 0 0 
_1.ptx 510 : 65792 577568 0 0 0 0 0 0 0 
_1.ptx 511 : 65792 555200 0 0 0 0 0 0 0 
_1.ptx 512 : 65792 369472 0 2056 2056 0 0 0 0 
_1.ptx 514 : 65792 411488 0 0 0 0 0 0 0 
_1.ptx 516 : 65792 568352 0 2056 2056 0 0 0 0 
_1.ptx 517 : 65792 480096 0 0 0 0 0 0 0 
_1.ptx 518 : 65792 822592 0 0 0 0 0 0 0 
_1.ptx 519 : 65792 743200 0 0 0 0 0 0 0 
_1.ptx 520 : 65792 707264 0 3963 2056 0 0 0 0 
_1.ptx 522 : 65792 658944 0 2056 2056 0 0 0 0 
_1.ptx 523 : 65792 492832 0 0 0 0 0 0 0 
_1.ptx 524 : 65792 750560 0 0 0 0 0 0 0 
_1.ptx 525 : 65792 741728 0 0 0 0 0 0 0 
_1.ptx 526 : 65792 689472 0 3935 2056 0 0 0 0 
_1.ptx 528 : 65792 660768 0 2056 2056 0 0 0 0 
_1.ptx 529 : 65792 494656 0 0 0 0 0 0 0 
_1.ptx 530 : 65792 1003360 0 0 0 0 0 0 0 
_1.ptx 531 : 65792 754528 0 0 0 0 0 0 0 
_1.ptx 532 : 65792 728736 0 4087 2056 0 0 0 0 
_1.ptx 534 : 65792 646720 0 2056 2056 0 0 0 0 
_1.ptx 535 : 65792 505472 0 0 0 0 0 0 0 
_1.ptx 536 : 65792 751552 0 0 0 0 0 0 0 
_1.ptx 537 : 65792 751680 0 0 0 0 0 0 0 
_1.ptx 538 : 65792 716064 0 4603 2056 0 0 0 0 
_1.ptx 540 : 65792 694336 0 0 0 0 0 0 0 
_1.ptx 541 : 65792 539616 0 0 0 0 0 0 0 
_1.ptx 542 : 65792 474496 0 0 0 0 0 0 0 
_1.ptx 543 : 65792 538432 0 0 0 0 0 0 0 
_1.ptx 544 : 65792 472768 0 0 0 0 0 0 0 
_1.ptx 545 : 65792 532992 0 0 0 0 0 0 0 
_1.ptx 546 : 65792 469824 0 0 0 0 0 0 0 
_1.ptx 547 : 65792 511360 0 0 0 0 0 0 0 
_1.ptx 548 : 65792 822336 0 0 0 0 0 0 0 
_1.ptx 549 : 65792 530848 0 0 0 0 0 0 0 
_1.ptx 551 : 65792 582848 0 0 0 0 0 0 0 
_1.ptx 552 : 65792 575584 0 0 0 0 0 0 0 
_1.ptx 553 : 65792 577888 0 0 0 0 0 0 0 
_1.ptx 554 : 65792 576928 0 0 0 0 0 0 0 
_1.ptx 555 : 65792 386688 0 2056 2056 0 0 0 0 
_1.ptx 557 : 65792 452512 0 0 0 0 0 0 0 
_1.ptx 559 : 65792 692736 0 0 0 0 0 0 0 
_1.ptx 560 : 65792 551648 0 0 0 0 0 0 0 
_1.ptx 561 : 65792 484704 0 0 0 0 0 0 0 
_1.ptx 562 : 65792 535872 0 0 0 0 0 0 0 
_1.ptx 563 : 65792 468800 0 0 0 0 0 0 0 
_1.ptx 564 : 65792 532128 0 0 0 0 0 0 0 
_1.ptx 565 : 65792 470848 0 0 0 0 0 0 0 
_1.ptx 566 : 65792 503168 0 0 0 0 0 0 0 
_1.ptx 567 : 65792 797728 0 0 0 0 0 0 0 
_1.ptx 568 : 65792 514208 0 0 0 0 0 0 0 
_1.ptx 570 : 65792 766688 0 0 0 0 0 0 0 
_1.ptx 571 : 65792 611904 0 2056 2056 0 0 0 0 
_1.ptx 572 : 65792 500256 0 0 0 0 0 0 0 
_1.ptx 573 : 65792 772608 0 0 0 0 0 0 0 
_1.ptx 574 : 65792 754112 0 0 0 0 0 0 0 
_1.ptx 575 : 65792 693664 0 4035 2056 0 0 0 0 
_1.ptx 576 : 65792 502976 0 0 0 0 0 0 0 
_1.ptx 577 : 65792 553632 0 0 0 0 0 0 0 
_1.ptx 578 : 65792 387552 0 2056 2056 0 0 0 0 
_1.ptx 580 : 65792 608288 0 2056 2056 0 0 0 0 
_1.ptx 581 : 65792 489312 0 0 0 0 0 0 0 
_1.ptx 582 : 65792 716896 0 0 0 0 0 0 0 
_1.ptx 583 : 65792 746336 0 0 0 0 0 0 0 
_1.ptx 584 : 65792 753056 0 4126 2056 0 0 0 0 
_1.ptx 585 : 65792 480512 0 0 0 0 0 0 0 
_1.ptx 586 : 65792 545024 0 0 0 0 0 0 0 
_1.ptx 587 : 65792 389824 0 2056 2056 0 0 0 0 
_1.ptx 589 : 65792 603680 0 2056 2056 0 0 0 0 
_1.ptx 590 : 65792 485568 0 0 0 0 0 0 0 
_1.ptx 591 : 65792 718976 0 0 0 0 0 0 0 
_1.ptx 592 : 65792 740096 0 0 0 0 0 0 0 
_1.ptx 593 : 65792 697984 0 4091 2056 0 0 0 0 
_1.ptx 594 : 65792 481888 0 0 0 0 0 0 0 
_1.ptx 595 : 65792 550816 0 0 0 0 0 0 0 
_1.ptx 596 : 65792 391552 0 2056 2056 0 0 0 0 
_1.ptx 598 : 65792 613440 0 2056 2056 0 0 0 0 
_1.ptx 599 : 65792 488544 0 0 0 0 0 0 0 
_1.ptx 600 : 65792 703456 0 0 0 0 0 0 0 
_1.ptx 601 : 65792 741056 0 0 0 0 0 0 0 
_1.ptx 602 : 65792 742080 0 3905 2056 0 0 0 0 
_1.ptx 603 : 65792 540544 0 0 0 0 0 0 0 
_1.ptx 604 : 65792 384736 0 2056 2056 0 0 0 0 
_1.ptx 606 : 65792 401888 0 0 0 0 0 0 0 
_1.ptx 608 : 65792 550624 0 2056 2056 0 0 0 0 
_1.ptx 609 : 65792 263584 0 0 0 0 0 0 0 
_1.ptx 610 : 65792 734400 0 0 0 0 0 0 0 
_1.ptx 611 : 65792 361696 263168 0 0 2056 2056 0 0 
_1.ptx 613 : 65792 403040 0 0 0 0 0 0 0 
