kernel line : count latency dram_traffic smem_bk_conflicts smem_warp gmem_access_generated gmem_warp exposed_latency warp_divergence
_1.ptx 823 : 509868 3052114 0 0 0 0 0 0 1125 
_1.ptx 825 : 74702 593278 0 0 0 0 0 0 0 
_1.ptx 827 : 74702 619124 0 0 0 0 0 0 0 
_1.ptx 829 : 509868 5577314 0 0 0 0 0 0 0 
_1.ptx 830 : 509868 5611672 0 0 0 0 0 0 0 
_1.ptx 831 : 509868 3776899 0 0 0 0 0 0 0 
_1.ptx 832 : 509868 4480183 0 0 0 0 0 0 0 
_1.ptx 833 : 509868 2669207 0 0 0 0 0 0 0 
_1.ptx 834 : 127467 908742 0 0 0 0 0 0 0 
_1.ptx 835 : 127467 1107706 0 0 0 0 0 0 0 
_1.ptx 836 : 127467 1026774 0 0 0 0 0 0 0 
_1.ptx 837 : 127467 893296 0 0 0 0 0 0 0 
_1.ptx 838 : 127467 1098831 0 0 0 0 0 0 0 
_1.ptx 839 : 127467 1009746 0 0 0 0 0 0 0 
_1.ptx 840 : 127467 1100752 0 0 0 0 0 0 0 
_1.ptx 841 : 127467 890523 0 0 0 0 0 0 0 
_1.ptx 842 : 127467 1094021 0 0 0 0 0 0 0 
_1.ptx 843 : 127467 444430 0 0 0 0 0 0 631 
_1.ptx 845 : 62282 686631 0 0 0 0 0 0 0 
_1.ptx 847 : 62282 509693 0 0 0 0 0 0 0 
_1.ptx 848 : 62282 496856 0 0 0 0 0 0 0 
_1.ptx 849 : 62282 770000 0 0 0 0 0 0 0 
_1.ptx 850 : 62282 716287 0 0 0 0 0 0 0 
_1.ptx 851 : 62282 330447 0 0 0 2349 2349 0 0 
_1.ptx 852 : 62282 320700 0 0 0 2349 2349 0 0 
_1.ptx 853 : 62282 321238 128 0 0 2544 2349 0 0 
_1.ptx 854 : 62282 325192 0 0 0 2544 2349 0 0 
_1.ptx 855 : 62282 297977 0 0 0 2544 2349 0 0 
_1.ptx 856 : 62282 303302 0 0 0 2544 2349 0 0 
_1.ptx 857 : 62282 306901 0 0 0 2544 2349 0 0 
_1.ptx 859 : 62282 702012 0 0 0 0 0 0 0 
_1.ptx 860 : 62282 706411 0 0 0 0 0 0 0 
_1.ptx 861 : 62282 710121 0 0 0 0 0 0 0 
_1.ptx 862 : 62282 723038 0 0 0 0 0 0 0 
_1.ptx 863 : 62282 728786 0 0 0 0 0 0 0 
_1.ptx 864 : 62282 729147 0 0 0 0 0 0 0 
_1.ptx 865 : 62282 351618 128 0 0 2544 2349 0 0 
_1.ptx 866 : 62282 453575 0 0 0 0 0 0 0 
_1.ptx 867 : 62282 543916 0 0 0 0 0 0 0 
_1.ptx 868 : 62282 130525 0 0 0 0 0 0 305 
_1.ptx 870 : 43133 311157 0 0 0 0 0 0 0 
_1.ptx 871 : 43133 305901 0 0 0 0 0 0 0 
_1.ptx 872 : 43133 306872 0 0 0 0 0 0 0 
_1.ptx 873 : 43133 299397 0 0 0 0 0 0 0 
_1.ptx 875 : 19149 67831 0 0 0 0 0 0 0 
_1.ptx 876 : 19149 222244 0 0 0 0 0 0 0 
_1.ptx 877 : 19149 220064 0 0 0 0 0 0 0 
_1.ptx 878 : 19149 223227 0 0 0 0 0 0 0 
_1.ptx 879 : 19149 225186 0 0 0 0 0 0 0 
_1.ptx 880 : 19149 229566 0 0 0 0 0 0 0 
_1.ptx 881 : 19149 183059 0 0 0 0 0 0 0 
_1.ptx 882 : 19149 185089 0 0 0 0 0 0 0 
_1.ptx 883 : 19149 604882 0 0 0 0 0 0 0 
_1.ptx 884 : 19149 251416 0 0 0 0 0 0 0 
_1.ptx 885 : 19149 244208 0 0 0 0 0 0 0 
_1.ptx 886 : 19149 249677 0 0 0 0 0 0 0 
_1.ptx 888 : 62282 735235 0 0 0 0 0 0 0 
_1.ptx 889 : 62282 731915 0 0 0 0 0 0 0 
_1.ptx 890 : 62282 759330 0 0 0 0 0 0 0 
_1.ptx 891 : 62282 793851 0 0 0 0 0 0 0 
_1.ptx 892 : 62282 620595 0 0 0 0 0 0 0 
_1.ptx 893 : 62282 611923 0 0 0 0 0 0 0 
_1.ptx 894 : 62282 1975631 0 0 0 0 0 0 0 
_1.ptx 895 : 62282 726391 0 0 0 0 0 0 0 
_1.ptx 896 : 62282 730728 0 0 0 0 0 0 0 
_1.ptx 897 : 62282 739514 0 0 0 0 0 0 0 
_1.ptx 898 : 62282 717785 0 0 0 0 0 0 0 
_1.ptx 899 : 62282 600921 0 0 0 0 0 0 0 
_1.ptx 900 : 62282 598713 0 0 0 0 0 0 0 
_1.ptx 901 : 62282 429950 0 0 0 0 0 0 0 
_1.ptx 902 : 62282 539383 0 0 0 0 0 0 0 
_1.ptx 903 : 62282 435842 0 0 0 0 0 0 0 
_1.ptx 910 : 62282 489639 0 0 0 0 0 0 0 
_1.ptx 911 : 62282 495571 0 0 0 0 0 0 0 
_1.ptx 912 : 62282 505048 0 0 0 0 0 0 0 
_1.ptx 915 : 62282 449407 0 0 0 0 0 0 0 
_1.ptx 916 : 62282 722024 0 0 0 0 0 0 0 
_1.ptx 917 : 62282 490020 0 0 0 0 0 0 0 
_1.ptx 918 : 62282 926387 0 0 0 0 0 0 0 
_1.ptx 919 : 62282 707668 0 0 0 0 0 0 0 
_1.ptx 920 : 62282 854011 132256 0 0 0 0 0 0 
_1.ptx 921 : 62282 410377 0 0 0 0 0 0 0 
_1.ptx 922 : 62282 713016 0 0 0 0 0 0 0 
_1.ptx 923 : 62282 1275558 124832 0 0 0 0 0 0 
_1.ptx 924 : 62282 410006 0 0 0 0 0 0 0 
_1.ptx 925 : 62282 705601 0 0 0 0 0 0 0 
_1.ptx 926 : 62282 1507035 120672 0 0 0 0 0 0 
_1.ptx 927 : 62282 405846 0 0 0 0 0 0 0 
_1.ptx 928 : 62282 709347 0 0 0 0 0 0 0 
_1.ptx 929 : 62282 1611087 120832 0 0 0 0 0 0 
_1.ptx 931 : 62282 409055 0 0 0 0 0 0 0 
_1.ptx 932 : 62282 711751 0 0 0 0 0 0 0 
_1.ptx 933 : 62282 414299 0 0 0 0 0 0 0 
_1.ptx 934 : 62282 710497 0 0 0 0 0 0 0 
_1.ptx 935 : 62282 418986 0 0 0 0 0 0 0 
_1.ptx 936 : 62282 725328 0 0 0 0 0 0 0 
_1.ptx 937 : 62282 758956 0 0 0 0 0 0 0 
_1.ptx 938 : 62282 604862 0 0 0 0 0 0 0 
_1.ptx 939 : 62282 594042 0 0 0 0 0 0 0 
_1.ptx 940 : 62282 2322260 0 0 0 0 0 0 0 
_1.ptx 941 : 62282 766866 0 0 0 0 0 0 0 
_1.ptx 942 : 62282 766787 0 0 0 0 0 0 0 
_1.ptx 943 : 62282 783515 0 0 0 0 0 0 0 
_1.ptx 944 : 62282 764270 0 0 0 0 0 0 0 
_1.ptx 945 : 62282 599477 0 0 0 0 0 0 0 
_1.ptx 946 : 62282 599589 0 0 0 0 0 0 0 
_1.ptx 947 : 62282 431997 0 0 0 0 0 0 0 
_1.ptx 948 : 62282 541894 0 0 0 0 0 0 0 
_1.ptx 949 : 62282 37241 0 0 0 0 0 0 318 
_1.ptx 951 : 56815 447469 0 0 0 0 0 0 0 
_1.ptx 952 : 56815 355030 0 0 0 0 0 0 0 
_1.ptx 955 : 220903 1127217 512 0 0 8579 8579 0 0 
_1.ptx 956 : 220903 1149668 256 0 0 8579 8579 0 0 
_1.ptx 957 : 220903 1101791 0 0 0 8579 8579 0 0 
_1.ptx 958 : 220903 1080807 0 0 0 8579 8579 0 0 
_1.ptx 959 : 220903 1476110 0 0 0 0 0 0 0 
_1.ptx 960 : 220903 1890566 0 0 0 0 0 0 0 
_1.ptx 961 : 220903 1140316 0 0 0 0 0 0 0 
_1.ptx 963 : 56815 430344 0 0 0 0 0 0 0 
_1.ptx 964 : 56815 377002 0 0 0 0 0 0 0 
_1.ptx 965 : 56815 477386 0 0 0 0 0 0 0 
_1.ptx 966 : 56815 365809 0 0 0 0 0 0 0 
_1.ptx 971 : 56815 361825 0 0 0 0 0 0 0 
_1.ptx 972 : 56815 525649 0 0 0 0 0 0 0 
_1.ptx 973 : 56815 641309 0 0 0 0 0 0 0 
_1.ptx 974 : 56815 3315287 0 0 0 0 0 0 0 
_1.ptx 976 : 56815 368524 0 0 0 0 0 0 0 
_1.ptx 977 : 56815 372246 0 0 0 0 0 0 0 
_1.ptx 978 : 56815 484573 0 0 0 0 0 0 0 
_1.ptx 979 : 56815 528252 0 0 0 0 0 0 0 
_1.ptx 982 : 56815 434273 0 0 0 0 0 0 0 
_1.ptx 983 : 56815 380096 0 0 0 0 0 0 0 
_1.ptx 986 : 164088 799601 0 0 0 6402 6402 0 0 
_1.ptx 987 : 164088 651557 0 0 0 0 0 0 0 
_1.ptx 988 : 164088 1942427 0 0 0 0 0 0 0 
_1.ptx 989 : 164088 1158721 0 0 0 0 0 0 0 
_1.ptx 990 : 164088 1943115 0 0 0 0 0 0 0 
_1.ptx 991 : 164088 1180292 0 0 0 0 0 0 0 
_1.ptx 992 : 164088 1954327 0 0 0 0 0 0 0 
_1.ptx 993 : 164088 1199331 0 0 0 0 0 0 0 
_1.ptx 994 : 164088 1975866 0 0 0 0 0 0 0 
_1.ptx 995 : 164088 1955766 0 0 0 0 0 0 0 
_1.ptx 996 : 164088 1989271 0 0 0 0 0 0 0 
_1.ptx 997 : 164088 1988393 0 0 0 0 0 0 0 
_1.ptx 998 : 164088 1995080 0 0 0 0 0 0 0 
_1.ptx 999 : 164088 1992312 0 0 0 0 0 0 0 
_1.ptx 1000 : 164088 2025096 0 0 0 0 0 0 0 
_1.ptx 1001 : 164088 2030903 0 0 0 0 0 0 0 
_1.ptx 1002 : 164088 1684472 0 0 0 0 0 0 0 
_1.ptx 1003 : 164088 1677727 0 0 0 0 0 0 0 
_1.ptx 1004 : 164088 2003300 0 0 0 0 0 0 0 
_1.ptx 1005 : 164088 1642015 0 0 0 0 0 0 0 
_1.ptx 1006 : 164088 1644694 0 0 0 0 0 0 0 
_1.ptx 1007 : 164088 2004624 0 0 0 0 0 0 0 
_1.ptx 1008 : 164088 1500083 0 0 0 0 0 0 0 
_1.ptx 1009 : 164088 1388338 0 0 0 0 0 0 0 
_1.ptx 1010 : 164088 1175331 0 0 0 0 0 0 0 
_1.ptx 1011 : 164088 1462570 0 0 0 0 0 0 0 
_1.ptx 1012 : 164088 1360995 0 0 0 0 0 0 0 
_1.ptx 1013 : 164088 1476457 0 0 0 0 0 0 0 
_1.ptx 1014 : 164088 1209028 0 0 0 0 0 0 0 
_1.ptx 1015 : 164088 1464973 0 0 0 0 0 0 0 
_1.ptx 1016 : 164088 837474 0 0 0 0 0 0 965 
_1.ptx 1017 : 50431 372214 0 0 0 0 0 0 0 
_1.ptx 1018 : 50431 368799 0 0 0 0 0 0 0 
_1.ptx 1020 : 113657 1351682 0 0 0 0 0 0 0 
_1.ptx 1021 : 113657 1352686 0 0 0 0 0 0 0 
_1.ptx 1022 : 113657 1021967 0 0 0 0 0 0 0 
_1.ptx 1023 : 113657 45518 0 0 0 0 0 0 344 
_1.ptx 1024 : 107587 800913 0 0 0 0 0 0 0 
_1.ptx 1025 : 107587 807261 0 0 0 0 0 0 0 
_1.ptx 1028 : 6070 72598 0 0 0 0 0 0 0 
_1.ptx 1029 : 6070 104386 0 0 0 0 0 0 0 
_1.ptx 1030 : 6070 73431 0 0 0 0 0 0 0 
_1.ptx 1031 : 6070 74548 0 0 0 0 0 0 0 
_1.ptx 1032 : 6070 60726 0 0 0 0 0 0 0 
_1.ptx 1036 : 164088 1373764 0 0 0 0 0 0 0 
_1.ptx 1039 : 220903 1590331 0 0 0 0 0 0 0 
_1.ptx 1040 : 220903 1929398 0 0 0 0 0 0 0 
_1.ptx 1041 : 220903 1509402 0 0 0 0 0 0 370 
_1.ptx 1042 : 6068 73120 0 0 0 0 0 0 0 
_1.ptx 1043 : 6068 74595 0 0 0 0 0 0 0 
_1.ptx 1044 : 6068 74829 0 0 0 0 0 0 0 
_1.ptx 1045 : 6068 73709 0 0 0 0 0 0 0 
_1.ptx 1046 : 6068 72828 0 0 0 0 0 0 0 
_1.ptx 1047 : 6068 72814 0 0 0 0 0 0 0 
_1.ptx 1048 : 6068 74334 0 0 0 0 0 0 0 
_1.ptx 1049 : 6068 60448 0 0 0 0 0 0 0 
_1.ptx 1050 : 6068 61344 0 0 0 0 0 0 0 
_1.ptx 1051 : 6068 55113 0 0 0 0 0 0 0 
_1.ptx 1052 : 6068 45004 0 0 0 0 0 0 0 
_1.ptx 1057 : 220903 2433573 0 0 0 0 0 0 0 
_1.ptx 1058 : 220903 2442096 0 0 0 0 0 0 0 
_1.ptx 1059 : 220903 1687328 0 0 0 0 0 0 0 
_1.ptx 1060 : 220903 1962429 0 0 0 0 0 0 0 
_1.ptx 1061 : 220903 378027 0 0 0 0 0 0 0 
_1.ptx 1062 : 169119 1224740 0 0 0 0 0 0 0 
_1.ptx 1063 : 169119 1463772 0 0 0 0 0 0 0 
_1.ptx 1064 : 169119 1134471 0 0 0 0 0 0 295 
_1.ptx 1065 : 5031 37338 0 0 0 0 0 0 0 
_1.ptx 1067 : 51784 371913 0 0 0 0 0 0 0 
_1.ptx 1068 : 51784 458255 0 0 0 0 0 0 0 
_1.ptx 1071 : 56815 43992 0 0 0 0 0 0 318 
_1.ptx 1073 : 50745 604072 0 0 0 0 0 0 0 
_1.ptx 1074 : 50745 605041 0 0 0 0 0 0 0 
_1.ptx 1075 : 50745 607383 0 0 0 0 0 0 0 
_1.ptx 1076 : 50745 632159 0 0 0 0 0 0 0 
_1.ptx 1077 : 50745 506007 0 0 0 0 0 0 0 
_1.ptx 1078 : 50745 503698 0 0 0 0 0 0 0 
_1.ptx 1079 : 50745 1238514 0 0 0 0 0 0 0 
_1.ptx 1081 : 50745 376195 0 0 0 0 0 0 0 
_1.ptx 1082 : 50745 1081625 0 0 0 0 0 0 0 
_1.ptx 1083 : 50745 409068 0 0 0 0 0 0 0 
_1.ptx 1084 : 50745 726127 0 0 0 0 0 0 0 
_1.ptx 1085 : 50745 650097 0 0 0 0 0 0 0 
_1.ptx 1086 : 50745 601463 0 0 0 0 0 0 0 
_1.ptx 1087 : 50745 361994 8960 0 0 0 0 0 0 
_1.ptx 1088 : 50745 365407 0 0 0 0 0 0 0 
_1.ptx 1089 : 50745 587756 0 0 0 0 0 0 0 
_1.ptx 1090 : 50745 601069 0 0 0 0 0 0 0 
_1.ptx 1091 : 50745 602384 0 0 0 0 0 0 0 
_1.ptx 1092 : 50745 367467 6944 0 0 0 0 0 0 
_1.ptx 1093 : 50745 365700 0 0 0 0 0 0 0 
_1.ptx 1094 : 50745 594913 0 0 0 0 0 0 0 
_1.ptx 1095 : 50745 597313 0 0 0 0 0 0 0 
_1.ptx 1096 : 50745 605767 0 0 0 0 0 0 0 
_1.ptx 1097 : 50745 698032 6816 0 0 0 0 0 0 
_1.ptx 1098 : 50745 362886 0 0 0 0 0 0 0 
_1.ptx 1099 : 50745 596311 0 0 0 0 0 0 0 
_1.ptx 1100 : 50745 493365 0 0 0 0 0 0 0 
_1.ptx 1101 : 50745 751610 8896 0 0 0 0 0 0 
_1.ptx 1103 : 50745 588822 0 0 0 0 0 0 0 
_1.ptx 1104 : 50745 594659 0 0 0 0 0 0 0 
_1.ptx 1105 : 50745 593525 0 0 0 0 0 0 0 
_1.ptx 1106 : 50745 500672 0 0 0 0 0 0 0 
_1.ptx 1107 : 50745 609250 0 0 0 0 0 0 0 
_1.ptx 1108 : 50745 512929 0 0 0 0 0 0 0 
_1.ptx 1109 : 50745 393596 0 0 0 0 0 0 0 
_1.ptx 1110 : 50745 1102542 0 0 0 0 0 0 0 
_1.ptx 1111 : 50745 415934 0 0 0 0 0 0 0 
_1.ptx 1112 : 50745 1105405 0 0 0 0 0 0 0 
_1.ptx 1113 : 50745 423697 0 0 0 0 0 0 0 
_1.ptx 1114 : 50745 472805 0 0 0 0 0 0 0 
_1.ptx 1115 : 50745 379006 0 0 0 0 0 0 0 
_1.ptx 1121 : 50745 418877 0 0 0 0 0 0 0 
_1.ptx 1122 : 50745 369262 0 0 0 0 0 0 0 
_1.ptx 1123 : 50745 440446 0 0 0 0 0 0 0 
_1.ptx 1124 : 50745 0 0 0 0 0 0 0 0 
_1.ptx 1125 : 50745 331109 0 0 0 0 0 0 0 
_1.ptx 1133 : 50745 328632 0 0 0 0 0 0 0 
_1.ptx 1134 : 50745 419965 0 0 0 0 0 0 0 
_1.ptx 1135 : 50745 330713 0 0 0 0 0 0 0 
_1.ptx 1140 : 50745 330631 0 0 0 0 0 0 0 
_1.ptx 1141 : 50745 420762 0 0 0 0 0 0 0 
_1.ptx 1142 : 50745 326199 0 0 0 0 0 0 0 
_1.ptx 1157 : 50745 331691 0 0 0 0 0 0 0 
_1.ptx 1158 : 50745 426501 0 0 0 0 0 0 0 
_1.ptx 1159 : 50745 329456 0 0 0 0 0 0 0 
_1.ptx 1181 : 50745 327112 0 0 0 0 0 0 0 
_1.ptx 1182 : 50745 423912 0 0 0 0 0 0 0 
_1.ptx 1183 : 50745 328167 0 0 0 0 0 0 0 
_1.ptx 1196 : 50745 375422 0 0 0 0 0 0 0 
_1.ptx 1197 : 50745 378694 0 0 0 0 0 0 0 
_1.ptx 1198 : 50745 384027 0 0 0 0 0 0 0 
_1.ptx 1199 : 50745 388781 0 0 0 0 0 0 0 
_1.ptx 1200 : 50745 344409 0 0 0 0 0 0 0 
_1.ptx 1201 : 50745 426078 0 0 0 0 0 0 0 
_1.ptx 1202 : 50745 331799 0 0 0 0 0 0 0 
_1.ptx 1213 : 50745 420035 0 0 0 0 0 0 0 
_1.ptx 1216 : 50745 575183 0 0 0 0 0 0 0 
_1.ptx 1218 : 50745 429177 0 0 0 0 0 0 0 
_1.ptx 1219 : 50745 414443 0 0 0 0 0 0 0 
_1.ptx 1220 : 50745 410511 0 0 0 0 0 0 0 
_1.ptx 1221 : 50745 410483 0 0 0 0 0 0 0 
_1.ptx 1222 : 50745 365499 0 0 0 0 0 0 0 
_1.ptx 1223 : 50745 445356 0 0 0 0 0 0 0 
_1.ptx 1224 : 50745 214034 0 0 0 0 0 0 727 
_1.ptx 1226 : 21083 160304 0 0 0 0 0 0 0 
_1.ptx 1227 : 21083 249877 0 0 0 0 0 0 0 
_1.ptx 1229 : 21083 241967 0 0 0 0 0 0 0 
_1.ptx 1232 : 50745 389283 0 0 0 0 0 0 0 
_1.ptx 1233 : 50745 594443 0 0 0 0 0 0 0 
_1.ptx 1234 : 50745 353885 0 0 0 0 0 0 0 
_1.ptx 1235 : 50745 600386 0 0 0 0 0 0 0 
_1.ptx 1236 : 50745 616104 0 0 0 0 0 0 0 
_1.ptx 1237 : 50745 475977 0 0 0 0 0 0 0 
_1.ptx 1238 : 50745 2435682 0 0 0 0 0 0 0 
_1.ptx 1239 : 50745 415520 0 0 0 0 0 0 0 
_1.ptx 1240 : 50745 633167 0 0 0 0 0 0 0 
_1.ptx 1241 : 50745 413737 0 0 0 0 0 0 0 
_1.ptx 1242 : 50745 414661 0 0 0 0 0 0 0 
_1.ptx 1243 : 50745 412636 0 0 0 0 0 0 0 
_1.ptx 1244 : 50745 408157 0 0 0 0 0 0 0 
_1.ptx 1245 : 50745 413226 0 0 0 0 0 0 0 
_1.ptx 1246 : 50745 589771 0 0 0 0 0 0 0 
_1.ptx 1247 : 50745 594262 0 0 0 0 0 0 0 
_1.ptx 1248 : 50745 601948 0 0 0 0 0 0 0 
_1.ptx 1249 : 50745 481758 0 0 0 0 0 0 0 
_1.ptx 1250 : 50745 490185 0 0 0 0 0 0 0 
_1.ptx 1252 : 50745 620397 0 0 0 0 0 0 0 
_1.ptx 1253 : 50745 644745 0 0 0 0 0 0 0 
_1.ptx 1254 : 50745 435599 0 0 0 0 0 0 0 
_1.ptx 1255 : 50745 442648 0 0 0 0 0 0 0 
_1.ptx 1256 : 50745 525933 0 0 0 0 0 0 0 
_1.ptx 1257 : 50745 403054 0 0 0 0 0 0 0 
_1.ptx 1258 : 50745 517948 0 0 0 0 0 0 0 
_1.ptx 1259 : 50745 626465 0 0 0 0 0 0 0 
_1.ptx 1260 : 50745 629211 0 0 0 0 0 0 0 
_1.ptx 1261 : 50745 617641 0 0 0 0 0 0 0 
_1.ptx 1262 : 50745 613518 0 0 0 0 0 0 0 
_1.ptx 1263 : 50745 605876 0 0 0 0 0 0 0 
_1.ptx 1264 : 50745 600793 0 0 0 0 0 0 0 
_1.ptx 1265 : 50745 603420 0 0 0 0 0 0 0 
_1.ptx 1266 : 50745 595449 0 0 0 0 0 0 0 
_1.ptx 1267 : 50745 571929 0 0 0 0 0 0 0 
_1.ptx 1269 : 50745 582182 0 0 0 0 0 0 0 
_1.ptx 1271 : 50745 594813 0 0 0 0 0 0 0 
_1.ptx 1272 : 50745 626718 0 0 0 0 0 0 0 
_1.ptx 1274 : 50745 487017 0 0 0 0 0 0 0 
_1.ptx 1275 : 50745 438888 0 0 0 0 0 0 0 
_1.ptx 1276 : 50745 623594 0 0 0 0 0 0 0 
_1.ptx 1277 : 50745 627807 0 0 0 0 0 0 0 
_1.ptx 1279 : 50745 423376 0 0 0 0 0 0 0 
_1.ptx 1280 : 50745 615288 0 0 0 0 0 0 0 
_1.ptx 1281 : 50745 621818 0 0 0 0 0 0 0 
_1.ptx 1282 : 50745 610578 0 0 0 0 0 0 0 
_1.ptx 1283 : 50745 603041 0 0 0 0 0 0 0 
_1.ptx 1284 : 50745 601025 0 0 0 0 0 0 0 
_1.ptx 1286 : 50745 601012 0 0 0 0 0 0 0 
_1.ptx 1288 : 50745 366233 0 0 0 0 0 0 0 
_1.ptx 1289 : 50745 596127 0 0 0 0 0 0 0 
_1.ptx 1290 : 50745 614580 0 0 0 0 0 0 0 
_1.ptx 1291 : 50745 471614 0 0 0 0 0 0 0 
_1.ptx 1292 : 50745 639785 0 0 0 0 0 0 0 
_1.ptx 1293 : 50745 413591 0 0 0 0 0 0 0 
_1.ptx 1294 : 50745 501788 0 0 0 0 0 0 0 
_1.ptx 1295 : 50745 371667 0 0 0 0 0 0 0 
_1.ptx 1296 : 50745 495495 0 0 0 0 0 0 0 
_1.ptx 1297 : 50745 361786 0 0 0 0 0 0 0 
_1.ptx 1298 : 50745 493619 0 0 0 0 0 0 0 
_1.ptx 1299 : 50745 357352 0 0 0 0 0 0 0 
_1.ptx 1300 : 50745 491371 0 0 0 0 0 0 0 
_1.ptx 1301 : 50745 602319 0 0 0 0 0 0 0 
_1.ptx 1303 : 50745 418183 0 0 0 0 0 0 0 
_1.ptx 1304 : 50745 594968 0 0 0 0 0 0 0 
_1.ptx 1305 : 50745 587772 0 0 0 0 0 0 0 
_1.ptx 1307 : 50745 381406 0 0 0 0 0 0 0 
_1.ptx 1308 : 50745 393053 0 0 0 0 0 0 0 
_1.ptx 1309 : 50745 401143 0 0 0 0 0 0 0 
_1.ptx 1310 : 50745 352559 0 0 0 0 0 0 0 
_1.ptx 1311 : 50745 422355 0 0 0 0 0 0 0 
_1.ptx 1312 : 50745 333387 0 0 0 0 0 0 0 
_1.ptx 1321 : 50745 397045 0 0 0 0 0 0 0 
_1.ptx 1322 : 50745 351970 0 0 0 0 0 0 0 
_1.ptx 1323 : 50745 579092 0 0 0 0 0 0 0 
_1.ptx 1324 : 50745 397801 0 0 0 0 0 0 0 
_1.ptx 1325 : 50745 352911 0 0 0 0 0 0 0 
_1.ptx 1326 : 50745 354461 0 0 0 0 0 0 0 
_1.ptx 1327 : 50745 2626373 0 0 0 0 0 0 0 
_1.ptx 1328 : 50745 317253 0 0 0 0 0 0 0 
_1.ptx 1329 : 50745 328830 0 0 0 0 0 0 0 
_1.ptx 1330 : 50745 476623 0 0 0 0 0 0 0 
_1.ptx 1331 : 50745 482854 0 0 0 0 0 0 0 
_1.ptx 1332 : 50745 343983 0 0 0 0 0 0 0 
_1.ptx 1333 : 50745 610091 0 0 0 0 0 0 0 
_1.ptx 1334 : 50745 3659024 0 0 0 0 0 0 0 
_1.ptx 1335 : 50745 592214 0 0 0 0 0 0 0 
_1.ptx 1336 : 50745 325691 0 0 0 0 0 0 0 
_1.ptx 1337 : 50745 433832 0 0 0 0 0 0 0 
_1.ptx 1338 : 50745 474705 0 0 0 0 0 0 0 
_1.ptx 1339 : 50745 330343 0 0 0 0 0 0 0 
_1.ptx 1340 : 50745 427817 0 0 0 0 0 0 0 
_1.ptx 1341 : 50745 469637 0 0 0 0 0 0 0 
_1.ptx 1343 : 50745 382078 0 0 0 0 0 0 0 
_1.ptx 1344 : 50745 325214 0 0 0 0 0 0 0 
_1.ptx 1345 : 50745 428829 0 0 0 0 0 0 0 
_1.ptx 1346 : 50745 0 0 0 0 0 0 0 0 
_1.ptx 1348 : 50745 480865 0 0 0 0 0 0 0 
_1.ptx 1351 : 50745 415718 0 0 0 0 0 0 0 
_1.ptx 1352 : 50745 366948 0 0 0 0 0 0 0 
_1.ptx 1353 : 50745 416650 0 0 0 0 0 0 0 
_1.ptx 1354 : 50745 422644 0 0 0 0 0 0 0 
_1.ptx 1355 : 50745 375600 0 0 0 0 0 0 0 
_1.ptx 1356 : 50745 608719 0 0 0 0 0 0 0 
_1.ptx 1357 : 50745 600711 0 0 0 0 0 0 0 
_1.ptx 1358 : 50745 418330 0 0 0 0 0 0 0 
_1.ptx 1359 : 50745 363026 0 0 0 0 0 0 0 
_1.ptx 1360 : 50745 439947 0 0 0 0 0 0 0 
_1.ptx 1361 : 50745 400843 0 0 0 0 0 0 0 
_1.ptx 1362 : 50745 429673 0 0 0 0 0 0 0 
_1.ptx 1363 : 50745 319283 0 0 0 0 0 0 0 
_1.ptx 1364 : 50745 422266 0 0 0 0 0 0 0 
_1.ptx 1365 : 50745 337146 0 0 0 0 0 0 0 
_1.ptx 1372 : 50745 397995 0 0 0 0 0 0 0 
_1.ptx 1375 : 50745 356774 0 0 0 0 0 0 0 
_1.ptx 1376 : 50745 578163 0 0 0 0 0 0 0 
_1.ptx 1377 : 50745 582693 0 0 0 0 0 0 0 
_1.ptx 1378 : 50745 564915 8096 0 0 0 0 0 0 
_1.ptx 1380 : 50745 571114 0 0 0 0 0 0 0 
_1.ptx 1381 : 50745 721664 7072 0 0 0 0 0 0 
_1.ptx 1383 : 50745 582902 0 0 0 0 0 0 0 
_1.ptx 1384 : 50745 844545 5920 0 0 0 0 0 0 
_1.ptx 1388 : 62282 714676 0 0 0 0 0 0 0 
_1.ptx 1389 : 62282 727421 0 0 0 0 0 0 0 
_1.ptx 1390 : 62282 721816 0 0 0 0 0 0 0 
_1.ptx 1391 : 62282 759905 0 0 0 0 0 0 0 
_1.ptx 1392 : 62282 739593 0 0 0 0 0 0 0 
_1.ptx 1393 : 62282 783983 0 0 0 0 0 0 0 
_1.ptx 1395 : 62282 741272 0 0 0 0 0 0 0 
_1.ptx 1396 : 62282 759155 0 0 0 0 0 0 0 
_1.ptx 1397 : 62282 756872 0 0 0 0 0 0 0 
_1.ptx 1398 : 62282 815868 0 0 0 0 0 0 0 
_1.ptx 1399 : 62282 635962 0 0 0 0 0 0 0 
_1.ptx 1400 : 62282 621593 0 0 0 0 0 0 0 
_1.ptx 1401 : 62282 2400787 0 0 0 0 0 0 0 
_1.ptx 1402 : 62282 753274 0 0 0 0 0 0 0 
_1.ptx 1403 : 62282 756986 0 0 0 0 0 0 0 
_1.ptx 1404 : 62282 770298 0 0 0 0 0 0 0 
_1.ptx 1405 : 62282 496215 0 0 0 0 0 0 0 
_1.ptx 1406 : 62282 500512 0 0 0 0 0 0 0 
_1.ptx 1408 : 62282 435609 0 0 0 0 0 0 0 
_1.ptx 1409 : 62282 596147 0 0 0 0 0 0 0 
_1.ptx 1410 : 62282 427392 0 0 0 0 0 0 0 
_1.ptx 1411 : 62282 601683 0 0 0 0 0 0 0 
_1.ptx 1412 : 62282 440081 0 0 0 0 0 0 0 
_1.ptx 1413 : 62282 605253 0 0 0 0 0 0 0 
_1.ptx 1416 : 127467 1406715 0 0 0 0 0 0 0 
_1.ptx 1417 : 127467 933010 0 0 0 0 0 0 0 
_1.ptx 1418 : 127467 1112239 0 0 0 0 0 0 0 
_1.ptx 1419 : 127467 6903 0 0 0 0 0 0 0 
_1.ptx 1420 : 126435 1092830 0 0 0 0 0 0 0 
_1.ptx 1421 : 126435 425602 0 0 0 0 0 0 550 
_1.ptx 1424 : 65536 709408 0 0 0 0 0 0 0 
_1.ptx 1425 : 65536 515104 0 0 0 0 0 0 0 
_1.ptx 1426 : 65536 430816 0 0 0 0 0 0 0 
_1.ptx 1427 : 65536 549504 0 0 0 0 0 0 0 
_1.ptx 604 : 65536 406944 0 0 0 0 0 0 0 
_1.ptx 1428 : 65536 359272 0 0 0 0 0 0 218 
_1.ptx 605 : 65536 557376 45440 0 0 0 0 0 0 
_1.ptx 1429 : 10434 80573 0 0 0 0 0 0 0 
_1.ptx 606 : 65536 407360 0 0 0 0 0 0 0 
_1.ptx 1430 : 10434 79965 0 0 0 0 0 0 0 
_1.ptx 607 : 65536 1008672 44672 0 0 0 0 0 0 
_1.ptx 1431 : 10434 118305 0 0 0 0 0 0 0 
_1.ptx 608 : 65536 408160 0 0 0 0 0 0 0 
_1.ptx 1432 : 10434 119806 0 0 0 0 0 0 0 
_1.ptx 609 : 65536 1050592 43520 0 0 0 0 0 0 
_1.ptx 1433 : 10434 80240 0 0 0 0 0 0 0 
_1.ptx 610 : 65536 409792 0 0 0 0 0 0 0 
_1.ptx 611 : 65536 1470016 44416 0 0 0 0 0 0 
_1.ptx 612 : 65536 409888 0 0 0 0 0 0 0 
_1.ptx 613 : 65536 1396864 160256 0 0 0 0 0 0 
_1.ptx 1437 : 15923 3460112 76160 0 0 0 0 0 0 
_1.ptx 614 : 65536 409120 0 0 0 0 0 0 0 
_1.ptx 1438 : 15923 3709552 75904 0 0 0 0 0 0 
_1.ptx 615 : 65536 1659840 166912 0 0 0 0 0 0 
_1.ptx 1439 : 15923 3889635 80896 0 0 0 0 0 0 
_1.ptx 616 : 65536 410400 0 0 0 0 0 0 0 
_1.ptx 1440 : 15923 2925110 4736 0 0 0 0 0 0 
_1.ptx 617 : 65536 2016640 166528 0 0 0 0 0 0 
_1.ptx 1441 : 15923 3008652 5248 0 0 0 0 0 0 
_1.ptx 618 : 65536 412192 0 0 0 0 0 0 0 
_1.ptx 1442 : 15923 3574930 14592 0 0 0 0 0 0 
_1.ptx 619 : 65536 2215392 164480 0 0 0 0 0 0 
_1.ptx 1443 : 15923 4033567 78208 0 0 0 0 0 0 
_1.ptx 620 : 65536 410752 0 0 0 0 0 0 0 
_1.ptx 1444 : 15923 3462438 4096 0 0 0 0 0 0 
_1.ptx 621 : 65536 2418272 205312 0 0 0 0 0 0 
_1.ptx 1445 : 15923 99460 0 0 0 0 0 0 0 
_1.ptx 622 : 65536 409632 0 0 0 0 0 0 0 
_1.ptx 1446 : 15923 148423 0 0 0 0 0 0 0 
_1.ptx 623 : 65536 2131808 203904 0 0 0 0 0 0 
_1.ptx 1447 : 15923 147190 0 0 0 0 0 0 0 
_1.ptx 624 : 65536 411168 0 0 0 0 0 0 0 
_1.ptx 1448 : 15923 102471 0 0 0 0 0 0 0 
_1.ptx 625 : 65536 2237216 200320 0 0 0 0 0 0 
_1.ptx 1449 : 15923 148172 0 0 0 0 0 0 0 
_1.ptx 626 : 65536 417376 0 0 0 0 0 0 0 
_1.ptx 1450 : 15923 135084 512 0 0 0 0 0 0 
_1.ptx 627 : 65536 2006336 206592 0 0 0 0 0 0 
_1.ptx 1451 : 15923 102695 0 0 0 0 0 0 0 
_1.ptx 628 : 65536 413952 0 0 0 0 0 0 0 
_1.ptx 1452 : 15923 148307 0 0 0 0 0 0 0 
_1.ptx 629 : 65536 1999680 221696 0 0 0 0 0 0 
_1.ptx 1453 : 15923 136525 1312 0 0 0 0 0 0 
_1.ptx 630 : 65536 414784 0 0 0 0 0 0 0 
_1.ptx 1454 : 15923 103295 0 0 0 0 0 0 0 
_1.ptx 631 : 65536 2044352 226816 0 0 0 0 0 0 
_1.ptx 1455 : 15923 148251 0 0 0 0 0 0 0 
_1.ptx 632 : 65536 415616 0 0 0 0 0 0 0 
_1.ptx 1456 : 15923 124887 128 0 0 0 0 0 0 
_1.ptx 633 : 65536 1934240 227968 0 0 0 0 0 0 
_1.ptx 1457 : 15923 166748 0 0 0 0 0 0 0 
_1.ptx 634 : 65536 415392 0 0 0 0 0 0 0 
_1.ptx 1458 : 15923 166115 0 0 0 0 0 0 0 
_1.ptx 635 : 65536 2137440 223488 0 0 0 0 0 0 
_1.ptx 1459 : 15923 106760 0 0 0 0 0 0 0 
_1.ptx 636 : 65536 415040 0 0 0 0 0 0 0 
_1.ptx 1460 : 15923 132939 0 0 0 0 0 0 0 
_1.ptx 637 : 65536 2180256 232576 0 0 0 0 0 0 
_1.ptx 1461 : 15923 35336 0 0 0 0 0 0 386 
_1.ptx 638 : 65536 412192 0 0 0 0 0 0 0 
_1.ptx 639 : 65536 2111008 227456 0 0 0 0 0 0 
_1.ptx 640 : 65536 413408 0 0 0 0 0 0 0 
_1.ptx 1464 : 65536 21802048 183040 0 0 4096 2048 0 0 
_1.ptx 641 : 65536 2047264 230912 0 0 0 0 0 0 
_1.ptx 1465 : 65536 6314624 12288 0 0 0 0 0 0 
_1.ptx 642 : 65536 416064 0 0 0 0 0 0 0 
_1.ptx 1466 : 65536 483712 0 0 0 0 0 0 0 
_1.ptx 643 : 65536 1687488 237184 0 0 0 0 0 0 
_1.ptx 1467 : 65536 422272 0 0 0 0 0 0 0 
_1.ptx 644 : 65536 417376 0 0 0 0 0 0 0 
_1.ptx 1468 : 65536 735680 0 0 0 0 0 0 0 
_1.ptx 645 : 65536 422784 0 0 0 0 0 0 0 
_1.ptx 1469 : 65536 482848 0 0 0 0 0 0 0 
_1.ptx 646 : 65536 549184 0 0 0 0 0 0 0 
_1.ptx 1470 : 65536 6495584 12544 0 0 0 0 0 0 
_1.ptx 647 : 65536 418336 0 0 0 0 0 0 0 
_1.ptx 1471 : 65536 485504 0 0 0 0 0 0 0 
_1.ptx 648 : 65536 419488 0 0 0 0 0 0 0 
_1.ptx 1472 : 65536 421376 0 0 0 0 0 0 0 
_1.ptx 649 : 65536 545056 0 0 0 0 0 0 0 
_1.ptx 1473 : 65536 739168 0 0 0 0 0 0 0 
_1.ptx 650 : 65536 421280 0 0 0 0 0 0 0 
_1.ptx 1474 : 65536 486784 0 0 0 0 0 0 0 
_1.ptx 651 : 65536 736256 0 0 0 0 0 0 0 
_1.ptx 1475 : 65536 486944 0 0 0 0 0 0 0 
_1.ptx 652 : 65536 419520 0 0 0 0 0 0 0 
_1.ptx 1476 : 65536 541152 0 0 0 0 0 0 0 
_1.ptx 653 : 65536 733312 0 0 0 0 0 0 0 
_1.ptx 1477 : 65536 5019456 7936 0 0 0 0 0 0 
_1.ptx 654 : 65536 2291552 128 0 0 0 0 0 0 
_1.ptx 1478 : 65536 486368 0 0 0 0 0 0 0 
_1.ptx 655 : 65536 1935456 0 0 0 0 0 0 0 
_1.ptx 1479 : 65536 423360 0 0 0 0 0 0 0 
_1.ptx 656 : 65536 543360 0 0 0 0 0 0 0 
_1.ptx 1480 : 65536 736352 0 0 0 0 0 0 0 
_1.ptx 657 : 65536 487744 0 0 0 0 0 0 0 
_1.ptx 1481 : 65536 487968 0 0 0 0 0 0 0 
_1.ptx 658 : 65536 545248 0 0 0 0 0 0 0 
_1.ptx 1482 : 65536 483968 0 0 0 0 0 0 0 
_1.ptx 659 : 65536 490848 0 0 0 0 0 0 0 
_1.ptx 1483 : 65536 5498144 11648 0 0 0 0 0 0 
_1.ptx 660 : 65536 551488 0 0 0 0 0 0 0 
_1.ptx 1484 : 65536 487872 0 0 0 0 0 0 0 
_1.ptx 661 : 65536 419264 0 0 0 0 0 0 0 
_1.ptx 1485 : 65536 428512 0 0 0 0 0 0 0 
_1.ptx 662 : 65536 544480 0 0 0 0 0 0 0 
_1.ptx 1486 : 65536 737696 0 0 0 0 0 0 0 
_1.ptx 663 : 65536 0 0 0 0 0 0 0 0 
_1.ptx 1487 : 65536 485760 0 0 0 0 0 0 0 
_1.ptx 1488 : 65536 485600 0 0 0 0 0 0 0 
_1.ptx 665 : 65536 815648 0 0 0 0 0 0 0 
_1.ptx 1489 : 65536 540736 0 0 0 0 0 0 0 
_1.ptx 666 : 65536 946432 0 0 0 0 0 0 0 
_1.ptx 1490 : 65536 541984 0 0 0 0 0 0 0 
_1.ptx 667 : 65536 736960 0 0 0 0 0 0 0 
_1.ptx 1491 : 65536 734688 0 0 0 0 0 0 0 
_1.ptx 668 : 65536 491712 0 0 0 0 0 0 0 
_1.ptx 1492 : 65536 660320 896 0 0 4096 2048 0 0 
_1.ptx 669 : 65536 719904 0 0 0 0 0 0 0 
_1.ptx 670 : 65536 742048 0 0 0 0 0 0 0 
_1.ptx 671 : 65536 428576 0 0 0 0 0 0 0 
_1.ptx 1495 : 65536 409088 0 0 0 0 0 0 0 
_1.ptx 672 : 65536 2050528 181504 0 0 4096 2048 0 0 
_1.ptx 674 : 65536 2846048 128 0 0 0 0 0 0 
_1.ptx 675 : 65536 2591008 0 0 0 0 0 0 0 
_1.ptx 676 : 65536 796640 0 0 0 0 0 0 0 
_1.ptx 678 : 65536 494496 0 0 0 0 0 0 0 
_1.ptx 679 : 65536 525568 0 0 0 0 0 0 0 
_1.ptx 680 : 65536 752064 0 0 0 0 0 0 0 
_1.ptx 681 : 65536 1351936 0 0 0 0 0 0 0 
_1.ptx 682 : 65536 543808 0 0 0 0 0 0 0 
_1.ptx 683 : 65536 536480 0 0 0 0 0 0 0 
_1.ptx 684 : 65536 747776 0 0 0 0 0 0 0 
_1.ptx 685 : 65536 760480 0 0 0 0 0 0 0 
_1.ptx 686 : 65536 615328 0 0 0 0 0 0 0 
_1.ptx 687 : 65536 769792 0 0 0 0 0 0 0 
_1.ptx 688 : 65536 520736 0 0 0 0 0 0 0 
_1.ptx 689 : 65536 517536 0 0 0 0 0 0 0 
_1.ptx 690 : 65536 518880 0 0 0 0 0 0 0 
_1.ptx 691 : 65536 447616 0 0 0 0 0 0 0 
_1.ptx 692 : 65536 3145632 0 0 0 0 0 0 0 
_1.ptx 693 : 65536 426176 0 0 0 0 0 0 0 
_1.ptx 694 : 65536 747520 0 0 0 0 0 0 0 
_1.ptx 695 : 65536 757056 0 0 0 0 0 0 0 
_1.ptx 696 : 65536 436064 0 0 0 0 0 0 0 
_1.ptx 697 : 65536 752928 0 0 0 0 0 0 0 
_1.ptx 698 : 65536 741024 0 0 0 0 0 0 0 
_1.ptx 699 : 65536 704352 0 0 0 0 0 0 0 
_1.ptx 700 : 65536 741888 0 0 0 0 0 0 0 
_1.ptx 701 : 65536 563456 0 0 0 0 0 0 0 
_1.ptx 702 : 65536 740832 0 0 0 0 0 0 0 
_1.ptx 703 : 65536 489696 0 0 0 0 0 0 0 
_1.ptx 704 : 65536 741056 0 0 0 0 0 0 0 
_1.ptx 705 : 65536 428000 0 0 0 0 0 0 0 
_1.ptx 706 : 65536 744096 0 0 0 0 0 0 0 
_1.ptx 707 : 65536 480224 0 0 0 0 0 0 0 
_1.ptx 708 : 65536 745696 0 0 0 0 0 0 0 
_1.ptx 709 : 65536 421504 0 0 0 0 0 0 0 
_1.ptx 710 : 65536 756864 0 0 0 0 0 0 0 
_1.ptx 711 : 65536 774592 0 0 0 0 0 0 0 
_1.ptx 712 : 65536 783872 0 0 0 0 0 0 0 
_1.ptx 713 : 65536 795104 0 0 0 0 0 0 0 
_1.ptx 714 : 65536 802272 0 0 0 0 0 0 0 
_1.ptx 715 : 65536 813984 0 0 0 0 0 0 0 
_1.ptx 716 : 65536 821600 0 0 0 0 0 0 0 
_1.ptx 717 : 65536 800864 0 0 0 0 0 0 0 
_1.ptx 718 : 65536 793504 0 0 0 0 0 0 0 
_1.ptx 719 : 65536 795808 0 0 0 0 0 0 0 
_1.ptx 720 : 65536 784320 0 0 0 0 0 0 0 
_1.ptx 721 : 65536 786560 0 0 0 0 0 0 0 
_1.ptx 722 : 65536 784352 0 0 0 0 0 0 0 
_1.ptx 723 : 65536 792768 0 0 0 0 0 0 0 
_1.ptx 724 : 65536 647136 0 0 0 0 0 0 0 
_1.ptx 725 : 65536 619136 0 0 0 0 0 0 0 
_1.ptx 726 : 65536 1919360 0 0 0 0 0 0 0 
_1.ptx 727 : 65536 763104 0 0 0 0 0 0 0 
_1.ptx 728 : 65536 761344 0 0 0 0 0 0 0 
_1.ptx 729 : 65536 769536 0 0 0 0 0 0 0 
_1.ptx 731 : 65536 443808 0 0 0 0 0 0 0 
_1.ptx 733 : 65536 494976 0 0 0 0 0 0 0 
_1.ptx 734 : 65536 510112 0 0 0 0 0 0 0 
_1.ptx 735 : 65536 498816 0 0 0 0 0 0 0 
_1.ptx 736 : 65536 493696 0 0 0 0 0 0 0 
_1.ptx 738 : 127467 1002188 0 0 0 0 0 0 0 
_1.ptx 739 : 127467 878646 0 0 0 0 0 0 0 
_1.ptx 740 : 127467 851661 0 0 0 0 0 0 0 
_1.ptx 744 : 509868 3861983 384 0 0 17236 17236 0 0 
_1.ptx 745 : 509868 3628059 0 0 0 17236 17236 0 0 
_1.ptx 746 : 509868 4306691 512 0 0 17236 17236 0 0 
_1.ptx 747 : 509868 3351042 0 0 0 17236 17236 0 0 
_1.ptx 748 : 509868 3044717 0 0 0 17236 17236 0 0 
_1.ptx 749 : 509868 3433776 0 0 0 0 0 0 0 
_1.ptx 750 : 509868 4415916 0 0 0 0 0 0 0 
_1.ptx 751 : 509868 2728296 0 0 0 0 0 0 0 
_1.ptx 753 : 127467 980149 0 0 0 0 0 0 0 
_1.ptx 754 : 127467 861448 0 0 0 0 0 0 0 
_1.ptx 755 : 127467 1081616 0 0 0 0 0 0 0 
_1.ptx 756 : 127467 851564 0 0 0 0 0 0 0 
_1.ptx 761 : 127467 1448208 0 0 0 0 0 0 0 
_1.ptx 762 : 127467 6204608 0 0 0 0 0 0 0 
_1.ptx 763 : 127467 829690 0 0 0 0 0 0 0 
_1.ptx 764 : 127467 843107 0 0 0 0 0 0 0 
_1.ptx 765 : 127467 1082425 0 0 0 0 0 0 0 
_1.ptx 766 : 127467 1202972 0 0 0 0 0 0 0 
_1.ptx 769 : 127467 999264 0 0 0 0 0 0 0 
_1.ptx 770 : 127467 878556 0 0 0 0 0 0 0 
_1.ptx 773 : 382401 4495459 0 0 0 0 0 0 0 
_1.ptx 774 : 382401 1342125 0 0 0 0 0 0 0 
_1.ptx 775 : 382401 4526288 0 0 0 0 0 0 0 
_1.ptx 776 : 382401 4526990 0 0 0 0 0 0 0 
_1.ptx 777 : 382401 4563494 0 0 0 0 0 0 0 
_1.ptx 778 : 382401 4579098 0 0 0 0 0 0 0 
_1.ptx 779 : 382401 4582631 0 0 0 0 0 0 0 
_1.ptx 780 : 382401 4590453 0 0 0 0 0 0 0 
_1.ptx 781 : 382401 3760802 0 0 0 0 0 0 0 
_1.ptx 782 : 382401 3843029 0 0 0 0 0 0 0 
_1.ptx 783 : 382401 3740791 0 0 0 0 0 0 0 
_1.ptx 784 : 382401 3834927 0 0 0 0 0 0 0 
_1.ptx 785 : 382401 3388310 0 0 0 0 0 0 0 
_1.ptx 786 : 382401 3168887 0 0 0 0 0 0 0 
_1.ptx 787 : 382401 2764915 0 0 0 0 0 0 0 
_1.ptx 788 : 382401 3389313 0 0 0 0 0 0 0 
_1.ptx 789 : 382401 3160407 0 0 0 0 0 0 0 
_1.ptx 790 : 382401 3405568 0 0 0 0 0 0 0 
_1.ptx 791 : 382401 2780059 0 0 0 0 0 0 0 
_1.ptx 792 : 382401 3386399 0 0 0 0 0 0 0 
_1.ptx 793 : 382401 2001042 0 0 0 0 0 0 1523 
_1.ptx 794 : 105477 775088 0 0 0 0 0 0 0 
_1.ptx 795 : 105477 765113 0 0 0 0 0 0 0 
_1.ptx 797 : 276924 3278339 0 0 0 0 0 0 0 
_1.ptx 798 : 276924 3271796 0 0 0 0 0 0 0 
_1.ptx 799 : 276924 2439735 0 0 0 0 0 0 0 
_1.ptx 800 : 276924 143152 0 0 0 0 0 0 715 
_1.ptx 801 : 257599 1872980 0 0 0 0 0 0 0 
_1.ptx 802 : 257599 1892024 0 0 0 0 0 0 0 
_1.ptx 805 : 19325 227670 0 0 0 0 0 0 0 
_1.ptx 806 : 19325 338981 0 0 0 0 0 0 0 
_1.ptx 807 : 19325 226407 0 0 0 0 0 0 0 
_1.ptx 808 : 19325 231761 0 0 0 0 0 0 0 
_1.ptx 809 : 19325 186669 0 0 0 0 0 0 0 
_1.ptx 813 : 382401 3179967 0 0 0 0 0 0 0 
_1.ptx 815 : 509868 3653171 0 0 0 0 0 0 0 
_1.ptx 816 : 509868 4423640 0 0 0 0 0 0 0 
_1.ptx 817 : 509868 4100396 0 0 0 0 0 0 0 
_1.ptx 818 : 509868 4409191 0 0 0 0 0 0 0 
_1.ptx 819 : 509868 4105484 0 0 0 0 0 0 0 
_1.ptx 820 : 509868 4478986 0 0 0 0 0 0 0 
_1.ptx 821 : 509868 3577058 0 0 0 0 0 0 0 
_1.ptx 822 : 509868 4434350 0 0 0 0 0 0 0 
