kernel line : count latency dram_traffic smem_bk_conflicts smem_warp gmem_access_generated gmem_warp exposed_latency warp_divergence
_1.ptx 77 : 65792 419392 0 0 0 0 0 0 0 
_1.ptx 78 : 65792 421152 0 0 0 0 0 0 0 
_1.ptx 79 : 65792 418656 0 0 0 0 0 0 0 
_1.ptx 80 : 65792 421280 0 0 0 0 0 0 0 
_1.ptx 81 : 65792 421376 0 0 0 0 0 0 0 
_1.ptx 83 : 65792 425152 0 0 0 0 0 0 0 
_1.ptx 84 : 65792 1171136 0 0 0 0 0 0 0 
_1.ptx 85 : 65792 421440 0 0 0 0 0 0 0 
_1.ptx 86 : 65792 498368 0 0 0 0 0 0 0 
_1.ptx 87 : 65792 1301344 0 0 0 0 0 0 0 
_1.ptx 88 : 65792 749344 0 0 0 0 0 0 0 
_1.ptx 89 : 65792 765088 0 0 0 0 0 0 0 
_1.ptx 90 : 65792 522848 0 0 0 0 0 0 0 
_1.ptx 91 : 65792 1107456 0 0 0 0 0 0 0 
_1.ptx 92 : 65792 4260960 128 0 0 0 0 0 0 
_1.ptx 93 : 65792 748672 0 0 0 0 0 0 0 
_1.ptx 94 : 65792 28088128 263168 0 0 2056 2056 0 0 
_1.ptx 95 : 65792 1976128 0 2056 2056 0 0 0 0 
_1.ptx 97 : 65792 416800 0 0 0 0 0 0 0 
_1.ptx 98 : 65792 738688 0 0 0 0 0 0 0 
_1.ptx 99 : 65792 2808608 1024 0 0 0 0 0 0 
_1.ptx 100 : 65792 737088 0 0 0 0 0 0 0 
_1.ptx 101 : 65792 1780928 0 2056 2056 0 0 0 0 
_1.ptx 103 : 65792 419776 0 0 0 0 0 0 0 
_1.ptx 104 : 65792 739104 0 0 0 0 0 0 0 
_1.ptx 105 : 65792 2605280 1024 0 0 0 0 0 0 
_1.ptx 106 : 65792 740448 0 0 0 0 0 0 0 
_1.ptx 107 : 65792 1459904 0 2056 2056 0 0 0 0 
_1.ptx 109 : 65792 419424 0 0 0 0 0 0 0 
_1.ptx 110 : 65792 739552 0 0 0 0 0 0 0 
_1.ptx 111 : 65792 2266688 1024 0 0 0 0 0 0 
_1.ptx 112 : 65792 740992 0 0 0 0 0 0 0 
_1.ptx 113 : 65792 1281632 0 2056 2056 0 0 0 0 
_1.ptx 115 : 65792 419456 0 0 0 0 0 0 0 
_1.ptx 116 : 65792 742400 0 0 0 0 0 0 0 
_1.ptx 117 : 65792 2222848 1024 0 0 0 0 0 0 
_1.ptx 118 : 65792 742560 0 0 0 0 0 0 0 
_1.ptx 119 : 65792 848640 0 2056 2056 0 0 0 0 
_1.ptx 121 : 65792 420160 0 0 0 0 0 0 0 
_1.ptx 122 : 65792 450496 0 0 0 0 0 0 0 
_1.ptx 124 : 65792 505280 0 0 0 0 0 0 0 
_1.ptx 125 : 65792 514976 0 0 0 0 0 0 0 
_1.ptx 126 : 65792 451680 0 0 0 0 0 0 0 
_1.ptx 127 : 65792 520672 0 0 0 0 0 0 0 
_1.ptx 128 : 65792 446880 0 0 0 0 0 0 0 
_1.ptx 129 : 65792 518848 0 0 0 0 0 0 0 
_1.ptx 130 : 65792 445216 0 0 0 0 0 0 0 
_1.ptx 131 : 65792 514304 0 0 0 0 0 0 0 
_1.ptx 132 : 65792 1945216 128 0 0 0 0 0 0 
_1.ptx 133 : 65792 519072 0 0 0 0 0 0 0 
_1.ptx 135 : 65792 754592 0 0 0 0 0 0 0 
_1.ptx 136 : 65792 634432 0 2056 2056 0 0 0 0 
_1.ptx 137 : 65792 560832 0 0 0 0 0 0 0 
_1.ptx 138 : 65792 389312 0 2056 2056 0 0 0 0 
_1.ptx 140 : 65792 429888 0 0 0 0 0 0 0 
_1.ptx 142 : 65792 512896 0 0 0 0 0 0 0 
_1.ptx 143 : 65792 1038240 0 0 0 0 0 0 0 
_1.ptx 144 : 65792 1183328 0 0 0 0 0 0 0 
_1.ptx 145 : 65792 533120 0 0 0 0 0 0 0 
_1.ptx 146 : 65792 473440 0 0 0 0 0 0 0 
_1.ptx 147 : 65792 764416 0 0 0 0 0 0 0 
_1.ptx 148 : 65792 2832896 128 0 0 0 0 0 0 
_1.ptx 149 : 65792 762784 0 0 0 0 0 0 0 
_1.ptx 150 : 65792 536352 0 0 0 0 0 0 0 
_1.ptx 151 : 65792 1047040 0 0 0 0 0 0 0 
_1.ptx 152 : 65792 750976 0 0 0 0 0 0 0 
_1.ptx 153 : 65792 590432 0 2056 2056 0 0 0 0 
_1.ptx 154 : 65792 509952 0 0 0 0 0 0 0 
_1.ptx 155 : 65792 984384 0 0 0 0 0 0 0 
_1.ptx 156 : 65792 755488 0 0 0 0 0 0 0 
_1.ptx 157 : 65792 601664 0 2443 2056 0 0 0 0 
_1.ptx 159 : 65792 326240 0 0 0 0 0 0 0 
_1.ptx 160 : 65792 750016 0 0 0 0 0 0 0 
_1.ptx 161 : 65792 527488 0 0 0 0 0 0 0 
_1.ptx 162 : 65792 816320 0 0 0 0 0 0 0 
_1.ptx 163 : 65792 753088 0 0 0 0 0 0 0 
_1.ptx 164 : 65792 588544 0 2056 2056 0 0 0 0 
_1.ptx 165 : 65792 511680 0 0 0 0 0 0 0 
_1.ptx 166 : 65792 835744 0 0 0 0 0 0 0 
_1.ptx 167 : 65792 750816 0 0 0 0 0 0 0 
_1.ptx 168 : 65792 607456 0 2659 2056 0 0 0 0 
_1.ptx 170 : 65792 324320 0 0 0 0 0 0 0 
_1.ptx 171 : 65792 746240 0 0 0 0 0 0 0 
_1.ptx 172 : 65792 518560 0 0 0 0 0 0 0 
_1.ptx 173 : 65792 792608 0 0 0 0 0 0 0 
_1.ptx 174 : 65792 752896 0 0 0 0 0 0 0 
_1.ptx 175 : 65792 586944 0 2056 2056 0 0 0 0 
_1.ptx 176 : 65792 516384 0 0 0 0 0 0 0 
_1.ptx 177 : 65792 802208 0 0 0 0 0 0 0 
_1.ptx 178 : 65792 747232 0 0 0 0 0 0 0 
_1.ptx 179 : 65792 618272 0 2618 2056 0 0 0 0 
_1.ptx 181 : 65792 337184 0 0 0 0 0 0 0 
_1.ptx 182 : 65792 749280 0 0 0 0 0 0 0 
_1.ptx 183 : 65792 517376 0 0 0 0 0 0 0 
_1.ptx 184 : 65792 775296 0 0 0 0 0 0 0 
_1.ptx 185 : 65792 752000 0 0 0 0 0 0 0 
_1.ptx 186 : 65792 590368 0 2056 2056 0 0 0 0 
_1.ptx 187 : 65792 487584 0 0 0 0 0 0 0 
_1.ptx 188 : 65792 985888 0 0 0 0 0 0 0 
_1.ptx 189 : 65792 750464 0 0 0 0 0 0 0 
_1.ptx 190 : 65792 632224 0 2658 2056 0 0 0 0 
_1.ptx 192 : 65792 699328 0 0 0 0 0 0 0 
_1.ptx 193 : 65792 546336 0 0 0 0 0 0 0 
_1.ptx 194 : 65792 480160 0 0 0 0 0 0 0 
_1.ptx 195 : 65792 536224 0 0 0 0 0 0 0 
_1.ptx 196 : 65792 467904 0 0 0 0 0 0 0 
_1.ptx 197 : 65792 526720 0 0 0 0 0 0 0 
_1.ptx 198 : 65792 460576 0 0 0 0 0 0 0 
_1.ptx 199 : 65792 518656 0 0 0 0 0 0 0 
_1.ptx 200 : 65792 776512 0 0 0 0 0 0 0 
_1.ptx 201 : 65792 511296 0 0 0 0 0 0 0 
_1.ptx 203 : 65792 564960 0 0 0 0 0 0 0 
_1.ptx 204 : 65792 565568 0 0 0 0 0 0 0 
_1.ptx 205 : 65792 564064 0 0 0 0 0 0 0 
_1.ptx 206 : 65792 553152 0 0 0 0 0 0 0 
_1.ptx 207 : 65792 377056 0 2056 2056 0 0 0 0 
_1.ptx 209 : 65792 462528 0 0 0 0 0 0 0 
_1.ptx 211 : 65792 765920 0 0 0 0 0 0 0 
_1.ptx 212 : 65792 589472 0 2056 2056 0 0 0 0 
_1.ptx 213 : 65792 497536 0 0 0 0 0 0 0 
_1.ptx 214 : 65792 914624 0 0 0 0 0 0 0 
_1.ptx 215 : 65792 752032 0 0 0 0 0 0 0 
_1.ptx 216 : 65792 698016 0 3946 2056 0 0 0 0 
_1.ptx 218 : 65792 744288 0 0 0 0 0 0 0 
_1.ptx 219 : 65792 618656 0 2056 2056 0 0 0 0 
_1.ptx 220 : 65792 506624 0 0 0 0 0 0 0 
_1.ptx 221 : 65792 801152 0 0 0 0 0 0 0 
_1.ptx 222 : 65792 748896 0 0 0 0 0 0 0 
_1.ptx 223 : 65792 730464 0 3947 2056 0 0 0 0 
_1.ptx 225 : 65792 739296 0 0 0 0 0 0 0 
_1.ptx 226 : 65792 628736 0 2056 2056 0 0 0 0 
_1.ptx 227 : 65792 500256 0 0 0 0 0 0 0 
_1.ptx 228 : 65792 795936 0 0 0 0 0 0 0 
_1.ptx 229 : 65792 748096 0 0 0 0 0 0 0 
_1.ptx 230 : 65792 716448 0 4093 2056 0 0 0 0 
_1.ptx 232 : 65792 752032 0 0 0 0 0 0 0 
_1.ptx 233 : 65792 646688 0 2056 2056 0 0 0 0 
_1.ptx 234 : 65792 508832 0 0 0 0 0 0 0 
_1.ptx 235 : 65792 734176 0 0 0 0 0 0 0 
_1.ptx 236 : 65792 750176 0 0 0 0 0 0 0 
_1.ptx 237 : 65792 695520 0 3974 2056 0 0 0 0 
_1.ptx 239 : 65792 687744 0 0 0 0 0 0 0 
_1.ptx 240 : 65792 515040 0 0 0 0 0 0 0 
_1.ptx 241 : 65792 456032 0 0 0 0 0 0 0 
_1.ptx 242 : 65792 531584 0 0 0 0 0 0 0 
_1.ptx 243 : 65792 464128 0 0 0 0 0 0 0 
_1.ptx 244 : 65792 529664 0 0 0 0 0 0 0 
_1.ptx 245 : 65792 458368 0 0 0 0 0 0 0 
_1.ptx 246 : 65792 511616 0 0 0 0 0 0 0 
_1.ptx 247 : 65792 786528 0 0 0 0 0 0 0 
_1.ptx 248 : 65792 518496 0 0 0 0 0 0 0 
_1.ptx 250 : 65792 569440 0 0 0 0 0 0 0 
_1.ptx 251 : 65792 571744 0 0 0 0 0 0 0 
_1.ptx 252 : 65792 578720 0 0 0 0 0 0 0 
_1.ptx 253 : 65792 560896 0 0 0 0 0 0 0 
_1.ptx 254 : 65792 387968 0 2056 2056 0 0 0 0 
_1.ptx 256 : 65792 422560 0 0 0 0 0 0 0 
_1.ptx 258 : 65792 581664 0 2056 2056 0 0 0 0 
_1.ptx 259 : 65792 487616 0 0 0 0 0 0 0 
_1.ptx 260 : 65792 861056 0 0 0 0 0 0 0 
_1.ptx 261 : 65792 746752 0 0 0 0 0 0 0 
_1.ptx 262 : 65792 773344 0 4607 2056 0 0 0 0 
_1.ptx 264 : 65792 649216 0 2056 2056 0 0 0 0 
_1.ptx 265 : 65792 488448 0 0 0 0 0 0 0 
_1.ptx 266 : 65792 767072 0 0 0 0 0 0 0 
_1.ptx 267 : 65792 739552 0 0 0 0 0 0 0 
_1.ptx 268 : 65792 700544 0 3999 2056 0 0 0 0 
_1.ptx 270 : 65792 670688 0 2056 2056 0 0 0 0 
_1.ptx 271 : 65792 487584 0 0 0 0 0 0 0 
_1.ptx 272 : 65792 731392 0 0 0 0 0 0 0 
_1.ptx 273 : 65792 740800 0 0 0 0 0 0 0 
_1.ptx 274 : 65792 702976 0 3985 2056 0 0 0 0 
_1.ptx 276 : 65792 653920 0 2056 2056 0 0 0 0 
_1.ptx 277 : 65792 493312 0 0 0 0 0 0 0 
_1.ptx 278 : 65792 713856 0 0 0 0 0 0 0 
_1.ptx 279 : 65792 744992 0 0 0 0 0 0 0 
_1.ptx 280 : 65792 737824 0 4060 2056 0 0 0 0 
_1.ptx 282 : 65792 686432 0 0 0 0 0 0 0 
_1.ptx 283 : 65792 526624 0 0 0 0 0 0 0 
_1.ptx 284 : 65792 456640 0 0 0 0 0 0 0 
_1.ptx 285 : 65792 531328 0 0 0 0 0 0 0 
_1.ptx 286 : 65792 457024 0 0 0 0 0 0 0 
_1.ptx 287 : 65792 522528 0 0 0 0 0 0 0 
_1.ptx 288 : 65792 452800 0 0 0 0 0 0 0 
_1.ptx 289 : 65792 517344 0 0 0 0 0 0 0 
_1.ptx 290 : 65792 785568 0 0 0 0 0 0 0 
_1.ptx 291 : 65792 518784 0 0 0 0 0 0 0 
_1.ptx 293 : 65792 574112 0 0 0 0 0 0 0 
_1.ptx 294 : 65792 568544 0 0 0 0 0 0 0 
_1.ptx 295 : 65792 572128 0 0 0 0 0 0 0 
_1.ptx 296 : 65792 566304 0 0 0 0 0 0 0 
_1.ptx 297 : 65792 406912 0 2056 2056 0 0 0 0 
_1.ptx 299 : 65792 420608 0 0 0 0 0 0 0 
_1.ptx 301 : 65792 576288 0 2056 2056 0 0 0 0 
_1.ptx 302 : 65792 483968 0 0 0 0 0 0 0 
_1.ptx 303 : 65792 1004352 0 0 0 0 0 0 0 
_1.ptx 304 : 65792 748000 0 0 0 0 0 0 0 
_1.ptx 305 : 65792 717888 0 3916 2056 0 0 0 0 
_1.ptx 307 : 65792 647232 0 2056 2056 0 0 0 0 
_1.ptx 308 : 65792 485888 0 0 0 0 0 0 0 
_1.ptx 309 : 65792 762464 0 0 0 0 0 0 0 
_1.ptx 310 : 65792 743360 0 0 0 0 0 0 0 
_1.ptx 311 : 65792 706976 0 3959 2056 0 0 0 0 
_1.ptx 313 : 65792 679008 0 2056 2056 0 0 0 0 
_1.ptx 314 : 65792 487744 0 0 0 0 0 0 0 
_1.ptx 315 : 65792 727392 0 0 0 0 0 0 0 
_1.ptx 316 : 65792 740800 0 0 0 0 0 0 0 
_1.ptx 317 : 65792 709696 0 3927 2056 0 0 0 0 
_1.ptx 319 : 65792 600928 0 2056 2056 0 0 0 0 
_1.ptx 320 : 65792 492896 0 0 0 0 0 0 0 
_1.ptx 321 : 65792 890688 0 0 0 0 0 0 0 
_1.ptx 322 : 65792 754112 0 0 0 0 0 0 0 
_1.ptx 323 : 65792 720032 0 3946 2056 0 0 0 0 
_1.ptx 325 : 65792 709344 0 0 0 0 0 0 0 
_1.ptx 326 : 65792 548512 0 0 0 0 0 0 0 
_1.ptx 327 : 65792 476352 0 0 0 0 0 0 0 
_1.ptx 328 : 65792 545568 0 0 0 0 0 0 0 
_1.ptx 329 : 65792 473696 0 0 0 0 0 0 0 
_1.ptx 330 : 65792 535776 0 0 0 0 0 0 0 
_1.ptx 331 : 65792 461280 0 0 0 0 0 0 0 
_1.ptx 332 : 65792 524096 0 0 0 0 0 0 0 
_1.ptx 333 : 65792 786048 0 0 0 0 0 0 0 
_1.ptx 334 : 65792 512928 0 0 0 0 0 0 0 
_1.ptx 336 : 65792 578016 0 0 0 0 0 0 0 
_1.ptx 337 : 65792 560864 0 0 0 0 0 0 0 
_1.ptx 338 : 65792 577888 0 0 0 0 0 0 0 
_1.ptx 339 : 65792 553472 0 0 0 0 0 0 0 
_1.ptx 340 : 65792 374944 0 2056 2056 0 0 0 0 
_1.ptx 342 : 65792 416128 0 0 0 0 0 0 0 
_1.ptx 344 : 65792 584672 0 2056 2056 0 0 0 0 
_1.ptx 345 : 65792 484384 0 0 0 0 0 0 0 
_1.ptx 346 : 65792 841376 0 0 0 0 0 0 0 
_1.ptx 347 : 65792 742912 0 0 0 0 0 0 0 
_1.ptx 348 : 65792 713216 0 4061 2056 0 0 0 0 
_1.ptx 350 : 65792 653600 0 2056 2056 0 0 0 0 
_1.ptx 351 : 65792 490144 0 0 0 0 0 0 0 
_1.ptx 352 : 65792 731776 0 0 0 0 0 0 0 
_1.ptx 353 : 65792 741920 0 0 0 0 0 0 0 
_1.ptx 354 : 65792 717216 0 4503 2056 0 0 0 0 
_1.ptx 356 : 65792 684320 0 2056 2056 0 0 0 0 
_1.ptx 357 : 65792 500832 0 0 0 0 0 0 0 
_1.ptx 358 : 65792 959456 0 0 0 0 0 0 0 
_1.ptx 359 : 65792 757120 0 0 0 0 0 0 0 
_1.ptx 360 : 65792 710944 0 3919 2056 0 0 0 0 
_1.ptx 362 : 65792 630144 0 2056 2056 0 0 0 0 
_1.ptx 363 : 65792 501344 0 0 0 0 0 0 0 
_1.ptx 364 : 65792 756640 0 0 0 0 0 0 0 
_1.ptx 365 : 65792 749888 0 0 0 0 0 0 0 
_1.ptx 366 : 65792 689664 0 3967 2056 0 0 0 0 
_1.ptx 368 : 65792 693600 0 0 0 0 0 0 0 
_1.ptx 369 : 65792 534816 0 0 0 0 0 0 0 
_1.ptx 370 : 65792 470816 0 0 0 0 0 0 0 
_1.ptx 371 : 65792 534784 0 0 0 0 0 0 0 
_1.ptx 372 : 65792 471264 0 0 0 0 0 0 0 
_1.ptx 373 : 65792 527392 0 0 0 0 0 0 0 
_1.ptx 374 : 65792 466976 0 0 0 0 0 0 0 
_1.ptx 375 : 65792 503968 0 0 0 0 0 0 0 
_1.ptx 376 : 65792 809024 0 0 0 0 0 0 0 
_1.ptx 377 : 65792 520160 0 0 0 0 0 0 0 
_1.ptx 379 : 65792 558784 0 0 0 0 0 0 0 
_1.ptx 380 : 65792 569536 0 0 0 0 0 0 0 
_1.ptx 381 : 65792 579008 0 0 0 0 0 0 0 
_1.ptx 382 : 65792 560864 0 0 0 0 0 0 0 
_1.ptx 383 : 65792 387584 0 2056 2056 0 0 0 0 
_1.ptx 385 : 65792 422304 0 0 0 0 0 0 0 
_1.ptx 387 : 65792 576576 0 2056 2056 0 0 0 0 
_1.ptx 388 : 65792 481568 0 0 0 0 0 0 0 
_1.ptx 389 : 65792 813856 0 0 0 0 0 0 0 
_1.ptx 390 : 65792 744416 0 0 0 0 0 0 0 
_1.ptx 391 : 65792 700416 0 3936 2056 0 0 0 0 
_1.ptx 393 : 65792 656000 0 2056 2056 0 0 0 0 
_1.ptx 394 : 65792 484640 0 0 0 0 0 0 0 
_1.ptx 395 : 65792 1041952 0 0 0 0 0 0 0 
_1.ptx 396 : 65792 743648 0 0 0 0 0 0 0 
_1.ptx 397 : 65792 710848 0 4017 2056 0 0 0 0 
_1.ptx 399 : 65792 679456 0 2056 2056 0 0 0 0 
_1.ptx 400 : 65792 488736 0 0 0 0 0 0 0 
_1.ptx 401 : 65792 794496 0 0 0 0 0 0 0 
_1.ptx 402 : 65792 741952 0 0 0 0 0 0 0 
_1.ptx 403 : 65792 703168 0 3938 2056 0 0 0 0 
_1.ptx 405 : 65792 664320 0 2056 2056 0 0 0 0 
_1.ptx 406 : 65792 491168 0 0 0 0 0 0 0 
_1.ptx 407 : 65792 709152 0 0 0 0 0 0 0 
_1.ptx 408 : 65792 744608 0 0 0 0 0 0 0 
_1.ptx 409 : 65792 708736 0 4040 2056 0 0 0 0 
_1.ptx 411 : 65792 683840 0 0 0 0 0 0 0 
_1.ptx 412 : 65792 508384 0 0 0 0 0 0 0 
_1.ptx 413 : 65792 446656 0 0 0 0 0 0 0 
_1.ptx 414 : 65792 525344 0 0 0 0 0 0 0 
_1.ptx 415 : 65792 461760 0 0 0 0 0 0 0 
_1.ptx 416 : 65792 526240 0 0 0 0 0 0 0 
_1.ptx 417 : 65792 462176 0 0 0 0 0 0 0 
_1.ptx 418 : 65792 508096 0 0 0 0 0 0 0 
_1.ptx 419 : 65792 807104 0 0 0 0 0 0 0 
_1.ptx 420 : 65792 545952 0 0 0 0 0 0 0 
_1.ptx 422 : 65792 584352 0 0 0 0 0 0 0 
_1.ptx 423 : 65792 574144 0 0 0 0 0 0 0 
_1.ptx 424 : 65792 573664 0 0 0 0 0 0 0 
_1.ptx 425 : 65792 561728 0 0 0 0 0 0 0 
_1.ptx 426 : 65792 381888 0 2056 2056 0 0 0 0 
_1.ptx 428 : 65792 422336 0 0 0 0 0 0 0 
_1.ptx 430 : 65792 574912 0 2056 2056 0 0 0 0 
_1.ptx 431 : 65792 484064 0 0 0 0 0 0 0 
_1.ptx 432 : 65792 839296 0 0 0 0 0 0 0 
_1.ptx 433 : 65792 745280 0 0 0 0 0 0 0 
_1.ptx 434 : 65792 737824 0 4119 2056 0 0 0 0 
_1.ptx 436 : 65792 644224 0 2056 2056 0 0 0 0 
_1.ptx 437 : 65792 489184 0 0 0 0 0 0 0 
_1.ptx 438 : 65792 758656 0 0 0 0 0 0 0 
_1.ptx 439 : 65792 740960 0 0 0 0 0 0 0 
_1.ptx 440 : 65792 701120 0 4033 2056 0 0 0 0 
_1.ptx 442 : 65792 675264 0 2056 2056 0 0 0 0 
_1.ptx 443 : 65792 486720 0 0 0 0 0 0 0 
_1.ptx 444 : 65792 732832 0 0 0 0 0 0 0 
_1.ptx 445 : 65792 738432 0 0 0 0 0 0 0 
_1.ptx 446 : 65792 701472 0 4025 2056 0 0 0 0 
_1.ptx 448 : 65792 654208 0 2056 2056 0 0 0 0 
_1.ptx 449 : 65792 496128 0 0 0 0 0 0 0 
_1.ptx 450 : 65792 716512 0 0 0 0 0 0 0 
_1.ptx 451 : 65792 747296 0 0 0 0 0 0 0 
_1.ptx 452 : 65792 735904 0 3930 2056 0 0 0 0 
_1.ptx 454 : 65792 687168 0 0 0 0 0 0 0 
_1.ptx 455 : 65792 530368 0 0 0 0 0 0 0 
_1.ptx 456 : 65792 466560 0 0 0 0 0 0 0 
_1.ptx 457 : 65792 537632 0 0 0 0 0 0 0 
_1.ptx 458 : 65792 464896 0 0 0 0 0 0 0 
_1.ptx 459 : 65792 525792 0 0 0 0 0 0 0 
_1.ptx 460 : 65792 458112 0 0 0 0 0 0 0 
_1.ptx 461 : 65792 517568 0 0 0 0 0 0 0 
_1.ptx 462 : 65792 794688 0 0 0 0 0 0 0 
_1.ptx 463 : 65792 526048 0 0 0 0 0 0 0 
_1.ptx 465 : 65792 569216 0 0 0 0 0 0 0 
_1.ptx 466 : 65792 597792 0 0 0 0 0 0 0 
_1.ptx 467 : 65792 578240 0 0 0 0 0 0 0 
_1.ptx 468 : 65792 570528 0 0 0 0 0 0 0 
_1.ptx 469 : 65792 392672 0 2056 2056 0 0 0 0 
_1.ptx 471 : 65792 414464 0 0 0 0 0 0 0 
_1.ptx 473 : 65792 569280 0 2056 2056 0 0 0 0 
_1.ptx 474 : 65792 481952 0 0 0 0 0 0 0 
_1.ptx 475 : 65792 998144 0 0 0 0 0 0 0 
_1.ptx 476 : 65792 746368 0 0 0 0 0 0 0 
_1.ptx 477 : 65792 727968 0 4014 2056 0 0 0 0 
_1.ptx 479 : 65792 651968 0 2056 2056 0 0 0 0 
_1.ptx 480 : 65792 485920 0 0 0 0 0 0 0 
_1.ptx 481 : 65792 736704 0 0 0 0 0 0 0 
_1.ptx 482 : 65792 740608 0 0 0 0 0 0 0 
_1.ptx 483 : 65792 708192 0 4017 2056 0 0 0 0 
_1.ptx 485 : 65792 684672 0 2056 2056 0 0 0 0 
_1.ptx 486 : 65792 484832 0 0 0 0 0 0 0 
_1.ptx 487 : 65792 730560 0 0 0 0 0 0 0 
_1.ptx 488 : 65792 738240 0 0 0 0 0 0 0 
_1.ptx 489 : 65792 710112 0 3881 2056 0 0 0 0 
_1.ptx 491 : 65792 594720 0 2056 2056 0 0 0 0 
_1.ptx 492 : 65792 486656 0 0 0 0 0 0 0 
_1.ptx 493 : 65792 912320 0 0 0 0 0 0 0 
_1.ptx 494 : 65792 751680 0 0 0 0 0 0 0 
_1.ptx 495 : 65792 728704 0 4006 2056 0 0 0 0 
_1.ptx 497 : 65792 705440 0 0 0 0 0 0 0 
_1.ptx 498 : 65792 552288 0 0 0 0 0 0 0 
_1.ptx 499 : 65792 476896 0 0 0 0 0 0 0 
_1.ptx 500 : 65792 552320 0 0 0 0 0 0 0 
_1.ptx 501 : 65792 471424 0 0 0 0 0 0 0 
_1.ptx 502 : 65792 535968 0 0 0 0 0 0 0 
_1.ptx 503 : 65792 459648 0 0 0 0 0 0 0 
_1.ptx 504 : 65792 521024 0 0 0 0 0 0 0 
_1.ptx 505 : 65792 1977728 128 0 0 0 0 0 0 
_1.ptx 506 : 65792 518880 0 0 0 0 0 0 0 
_1.ptx 508 : 65792 565216 0 0 0 0 0 0 0 
_1.ptx 509 : 65792 568416 0 0 0 0 0 0 0 
_1.ptx 510 : 65792 579808 0 0 0 0 0 0 0 
_1.ptx 511 : 65792 555264 0 0 0 0 0 0 0 
_1.ptx 512 : 65792 369888 0 2056 2056 0 0 0 0 
_1.ptx 514 : 65792 413792 0 0 0 0 0 0 0 
_1.ptx 516 : 65792 567264 0 2056 2056 0 0 0 0 
_1.ptx 517 : 65792 478848 0 0 0 0 0 0 0 
_1.ptx 518 : 65792 821792 0 0 0 0 0 0 0 
_1.ptx 519 : 65792 742752 0 0 0 0 0 0 0 
_1.ptx 520 : 65792 707168 0 3963 2056 0 0 0 0 
_1.ptx 522 : 65792 656896 0 2056 2056 0 0 0 0 
_1.ptx 523 : 65792 490592 0 0 0 0 0 0 0 
_1.ptx 524 : 65792 738112 0 0 0 0 0 0 0 
_1.ptx 525 : 65792 740096 0 0 0 0 0 0 0 
_1.ptx 526 : 65792 690976 0 3935 2056 0 0 0 0 
_1.ptx 528 : 65792 663136 0 2056 2056 0 0 0 0 
_1.ptx 529 : 65792 491648 0 0 0 0 0 0 0 
_1.ptx 530 : 65792 1022112 0 0 0 0 0 0 0 
_1.ptx 531 : 65792 755872 0 0 0 0 0 0 0 
_1.ptx 532 : 65792 726688 0 4087 2056 0 0 0 0 
_1.ptx 534 : 65792 648640 0 2056 2056 0 0 0 0 
_1.ptx 535 : 65792 502688 0 0 0 0 0 0 0 
_1.ptx 536 : 65792 746976 0 0 0 0 0 0 0 
_1.ptx 537 : 65792 751072 0 0 0 0 0 0 0 
_1.ptx 538 : 65792 716224 0 4603 2056 0 0 0 0 
_1.ptx 540 : 65792 690400 0 0 0 0 0 0 0 
_1.ptx 541 : 65792 534848 0 0 0 0 0 0 0 
_1.ptx 542 : 65792 470688 0 0 0 0 0 0 0 
_1.ptx 543 : 65792 537088 0 0 0 0 0 0 0 
_1.ptx 544 : 65792 470592 0 0 0 0 0 0 0 
_1.ptx 545 : 65792 533376 0 0 0 0 0 0 0 
_1.ptx 546 : 65792 468608 0 0 0 0 0 0 0 
_1.ptx 547 : 65792 508672 0 0 0 0 0 0 0 
_1.ptx 548 : 65792 816992 0 0 0 0 0 0 0 
_1.ptx 549 : 65792 532000 0 0 0 0 0 0 0 
_1.ptx 551 : 65792 581312 0 0 0 0 0 0 0 
_1.ptx 552 : 65792 576640 0 0 0 0 0 0 0 
_1.ptx 553 : 65792 578208 0 0 0 0 0 0 0 
_1.ptx 554 : 65792 577024 0 0 0 0 0 0 0 
_1.ptx 555 : 65792 386976 0 2056 2056 0 0 0 0 
_1.ptx 557 : 65792 448832 0 0 0 0 0 0 0 
_1.ptx 559 : 65792 693216 0 0 0 0 0 0 0 
_1.ptx 560 : 65792 546112 0 0 0 0 0 0 0 
_1.ptx 561 : 65792 481824 0 0 0 0 0 0 0 
_1.ptx 562 : 65792 532128 0 0 0 0 0 0 0 
_1.ptx 563 : 65792 468608 0 0 0 0 0 0 0 
_1.ptx 564 : 65792 533920 0 0 0 0 0 0 0 
_1.ptx 565 : 65792 471840 0 0 0 0 0 0 0 
_1.ptx 566 : 65792 502048 0 0 0 0 0 0 0 
_1.ptx 567 : 65792 795104 0 0 0 0 0 0 0 
_1.ptx 568 : 65792 510656 0 0 0 0 0 0 0 
_1.ptx 570 : 65792 764064 0 0 0 0 0 0 0 
_1.ptx 571 : 65792 611776 0 2056 2056 0 0 0 0 
_1.ptx 572 : 65792 498432 0 0 0 0 0 0 0 
_1.ptx 573 : 65792 769600 0 0 0 0 0 0 0 
_1.ptx 574 : 65792 753280 0 0 0 0 0 0 0 
_1.ptx 575 : 65792 696992 0 4035 2056 0 0 0 0 
_1.ptx 576 : 65792 502368 0 0 0 0 0 0 0 
_1.ptx 577 : 65792 553696 0 0 0 0 0 0 0 
_1.ptx 578 : 65792 389088 0 2056 2056 0 0 0 0 
_1.ptx 580 : 65792 606496 0 2056 2056 0 0 0 0 
_1.ptx 581 : 65792 488416 0 0 0 0 0 0 0 
_1.ptx 582 : 65792 717568 0 0 0 0 0 0 0 
_1.ptx 583 : 65792 745792 0 0 0 0 0 0 0 
_1.ptx 584 : 65792 758368 0 4126 2056 0 0 0 0 
_1.ptx 585 : 65792 479616 0 0 0 0 0 0 0 
_1.ptx 586 : 65792 545824 0 0 0 0 0 0 0 
_1.ptx 587 : 65792 386656 0 2056 2056 0 0 0 0 
_1.ptx 589 : 65792 603424 0 2056 2056 0 0 0 0 
_1.ptx 590 : 65792 486560 0 0 0 0 0 0 0 
_1.ptx 591 : 65792 712544 0 0 0 0 0 0 0 
_1.ptx 592 : 65792 740512 0 0 0 0 0 0 0 
_1.ptx 593 : 65792 692128 0 4091 2056 0 0 0 0 
_1.ptx 594 : 65792 484480 0 0 0 0 0 0 0 
_1.ptx 595 : 65792 547552 0 0 0 0 0 0 0 
_1.ptx 596 : 65792 389056 0 2056 2056 0 0 0 0 
_1.ptx 598 : 65792 609408 0 2056 2056 0 0 0 0 
_1.ptx 599 : 65792 488672 0 0 0 0 0 0 0 
_1.ptx 600 : 65792 702848 0 0 0 0 0 0 0 
_1.ptx 601 : 65792 742880 0 0 0 0 0 0 0 
_1.ptx 602 : 65792 744064 0 3905 2056 0 0 0 0 
_1.ptx 603 : 65792 540512 0 0 0 0 0 0 0 
_1.ptx 604 : 65792 385664 0 2056 2056 0 0 0 0 
_1.ptx 606 : 65792 403744 0 0 0 0 0 0 0 
_1.ptx 608 : 65792 552000 0 2056 2056 0 0 0 0 
_1.ptx 609 : 65792 265728 0 0 0 0 0 0 0 
_1.ptx 610 : 65792 735168 0 0 0 0 0 0 0 
_1.ptx 611 : 65792 366112 263168 0 0 2056 2056 0 0 
_1.ptx 613 : 65792 402112 0 0 0 0 0 0 0 
