kernel line : count latency dram_traffic smem_bk_conflicts smem_warp gmem_access_generated gmem_warp exposed_latency warp_divergence
_1.ptx 97 : 32000 353195 0 0 0 0 0 0 0 
_1.ptx 98 : 32000 6369728 0 0 0 0 0 0 0 
_1.ptx 102 : 512040 335150433 7550336 0 0 373673 53714 0 0 
_1.ptx 103 : 512040 3588442 0 0 0 0 0 0 0 
_1.ptx 104 : 512040 5635668 0 0 0 0 0 0 0 
_1.ptx 105 : 512040 372114767 33280 0 0 507586 53714 0 0 
_1.ptx 106 : 512040 3078499 0 0 0 0 0 0 0 
_1.ptx 107 : 512040 4099684 0 0 0 0 0 0 0 
_1.ptx 108 : 512040 2413419 0 0 0 0 0 0 21424 
_1.ptx 110 : 109891 14850264 0 0 0 0 0 0 0 
_1.ptx 111 : 109891 1109369 0 0 0 0 0 0 0 
_1.ptx 112 : 109891 1211966 0 0 0 0 0 0 0 
_1.ptx 113 : 109891 41267601 99328 0 0 35945 35945 0 0 
_1.ptx 114 : 109891 1101005 0 0 0 0 0 0 0 
_1.ptx 115 : 109891 1103135 0 0 0 0 0 0 0 
_1.ptx 116 : 109891 1210228 0 0 0 0 0 0 0 
_1.ptx 117 : 109891 19119577 194400 0 0 109716 35945 0 0 
_1.ptx 119 : 109891 661546 0 0 0 0 0 0 0 
_1.ptx 120 : 109891 15416196 0 0 0 0 0 0 0 
_1.ptx 121 : 109891 1212067 0 0 0 0 0 0 0 
_1.ptx 122 : 109891 19327535 27136 0 0 109716 35945 0 0 
_1.ptx 123 : 109891 45954816 356352 0 0 57854 35945 0 0 
_1.ptx 124 : 109891 39295213 2688 0 0 57854 35945 0 0 
_1.ptx 125 : 109891 1210019 0 0 0 0 0 0 0 
_1.ptx 128 : 512040 5127012 0 0 0 0 0 0 0 
_1.ptx 129 : 512040 5141719 0 0 0 0 0 0 0 
_1.ptx 130 : 512040 4105729 0 0 0 0 0 0 0 
_1.ptx 131 : 512040 2882234 0 0 0 0 0 0 4586 
_1.ptx 135 : 193536 1180192 0 0 0 0 0 0 0 
_1.ptx 151 : 193536 1184928 0 0 0 0 0 0 0 
_1.ptx 152 : 193536 3666144 0 0 0 0 0 0 0 
_1.ptx 153 : 193536 1467936 0 0 0 0 0 0 0 
_1.ptx 154 : 193536 2369920 0 0 0 0 0 0 0 
_1.ptx 155 : 193536 1027072 0 0 0 0 0 0 0 
_1.ptx 156 : 193536 1608032 0 0 0 0 0 0 0 
_1.ptx 157 : 193536 9600 0 0 0 0 0 0 0 
_1.ptx 158 : 192000 1516800 0 0 0 0 0 0 0 
_1.ptx 159 : 192000 1018080 0 0 0 0 0 0 0 
_1.ptx 160 : 192000 2124352 0 0 0 0 0 0 0 
_1.ptx 161 : 192000 41742176 57472 0 0 6000 6000 0 0 
_1.ptx 162 : 192000 1170528 0 0 0 0 0 0 0 
_1.ptx 163 : 192000 1577344 0 0 0 0 0 0 0 
_1.ptx 164 : 192000 1001890 0 0 0 0 0 0 3203 
_1.ptx 67 : 193536 1180768 0 0 0 0 0 0 0 
_1.ptx 68 : 193536 3671264 0 0 0 0 0 0 0 
_1.ptx 166 : 31999 200041 0 0 0 0 0 0 0 
_1.ptx 69 : 193536 1478304 0 0 0 0 0 0 0 
_1.ptx 167 : 31999 540474 0 0 0 0 0 0 0 
_1.ptx 70 : 193536 2378080 0 0 0 0 0 0 0 
_1.ptx 168 : 31999 356098 0 0 0 0 0 0 0 
_1.ptx 71 : 193536 7884832 128 0 0 0 0 0 0 
_1.ptx 169 : 31999 1026263 21696 0 0 3203 3203 0 0 
_1.ptx 72 : 193536 1608480 0 0 0 0 0 0 0 
_1.ptx 73 : 193536 9760 0 0 0 0 0 0 0 
_1.ptx 171 : 31999 194329 0 0 0 0 0 0 0 
_1.ptx 74 : 192000 1535936 0 0 0 0 0 0 0 
_1.ptx 172 : 31999 815395 0 0 0 0 0 0 0 
_1.ptx 75 : 192000 2942560 0 0 0 0 0 0 0 
_1.ptx 173 : 31999 353746 0 0 0 0 0 0 0 
_1.ptx 76 : 192000 2128160 0 0 0 0 0 0 0 
_1.ptx 174 : 31999 1077173 0 0 0 3203 3203 0 0 
_1.ptx 77 : 192000 39812160 56960 0 0 6000 6000 0 0 
_1.ptx 78 : 192000 1179712 0 0 0 0 0 0 0 
_1.ptx 176 : 31999 193824 0 0 0 0 0 0 0 
_1.ptx 79 : 192000 1573696 0 0 0 0 0 0 0 
_1.ptx 177 : 31999 849494 0 0 0 0 0 0 0 
_1.ptx 80 : 192000 996006 0 0 0 0 0 0 3204 
_1.ptx 178 : 31999 1022614 256 0 0 3203 3203 0 0 
_1.ptx 82 : 32000 199425 0 0 0 0 0 0 0 
_1.ptx 180 : 31999 192652 0 0 0 0 0 0 0 
_1.ptx 83 : 32000 3198879 8736 0 0 3204 3204 0 0 
_1.ptx 181 : 31999 1218465 0 0 0 3203 3203 0 0 
_1.ptx 85 : 32000 2956441 0 0 0 0 0 0 0 
_1.ptx 86 : 32000 327508 0 0 0 0 0 0 0 
_1.ptx 87 : 32000 355093 0 0 0 0 0 0 0 
_1.ptx 185 : 193536 1182240 0 0 0 0 0 0 0 
_1.ptx 88 : 32000 17729333 683008 0 0 5783 3204 0 0 
_1.ptx 89 : 32000 224801 0 0 0 0 0 0 0 
_1.ptx 90 : 32000 11953209 28032 0 0 5783 3204 0 0 
_1.ptx 91 : 32000 352670 0 0 0 0 0 0 0 
_1.ptx 92 : 32000 257229 0 0 0 0 0 0 0 
_1.ptx 93 : 32000 0 0 0 0 0 0 0 0 
_1.ptx 94 : 32000 6161483 0 0 0 0 0 0 0 
_1.ptx 95 : 32000 226183 0 0 0 0 0 0 0 
_1.ptx 96 : 32000 323864 0 0 0 0 0 0 0 
