kernel line : count latency dram_traffic smem_bk_conflicts smem_warp gmem_access_generated gmem_warp exposed_latency warp_divergence
_1.ptx 1636 : 32768 381600 0 0 0 0 0 0 0 
_1.ptx 1637 : 32768 380192 0 0 0 0 0 0 0 
_1.ptx 1638 : 32768 380896 0 0 0 0 0 0 0 
_1.ptx 1639 : 32768 384864 0 0 0 0 0 0 0 
_1.ptx 1641 : 32768 384608 0 0 0 0 0 0 0 
_1.ptx 1642 : 32768 331488 0 0 0 0 0 0 0 
_1.ptx 1643 : 32768 401312 0 0 0 0 0 0 0 
_1.ptx 1644 : 32768 387776 0 0 0 0 0 0 0 
_1.ptx 1645 : 32768 325472 0 0 0 0 0 0 0 
_1.ptx 1647 : 32768 390464 0 0 0 0 0 0 0 
_1.ptx 1648 : 32768 108992 0 0 0 0 0 0 0 
_1.ptx 1649 : 32768 382848 0 0 0 0 0 0 0 
_1.ptx 1650 : 32768 381312 0 0 0 0 0 0 0 
_1.ptx 1651 : 32768 180352 0 1024 1024 0 0 0 0 
_1.ptx 1653 : 32768 376384 0 0 0 0 0 0 0 
_1.ptx 1654 : 32768 376128 0 0 0 0 0 0 0 
_1.ptx 1655 : 32768 181472 0 1024 1024 0 0 0 0 
_1.ptx 1657 : 32768 375744 0 0 0 0 0 0 0 
_1.ptx 1658 : 32768 375296 0 0 0 0 0 0 0 
_1.ptx 1659 : 32768 379520 0 0 0 0 0 0 0 
_1.ptx 1660 : 32768 181920 0 1024 1024 0 0 0 0 
_1.ptx 1662 : 32768 376000 0 0 0 0 0 0 0 
_1.ptx 1663 : 32768 380256 0 0 0 0 0 0 0 
_1.ptx 1664 : 32768 181984 0 1024 1024 0 0 0 0 
_1.ptx 1666 : 32768 374112 0 0 0 0 0 0 0 
_1.ptx 1667 : 32768 377696 0 0 0 0 0 0 0 
_1.ptx 1668 : 32768 377376 0 0 0 0 0 0 0 
_1.ptx 1669 : 32768 183872 0 1024 1024 0 0 0 0 
_1.ptx 1671 : 32768 374368 0 0 0 0 0 0 0 
_1.ptx 1672 : 32768 379968 0 0 0 0 0 0 0 
_1.ptx 1673 : 32768 379072 0 0 0 0 0 0 0 
_1.ptx 1674 : 32768 189408 0 1024 1024 0 0 0 0 
_1.ptx 1676 : 32768 373024 0 0 0 0 0 0 0 
_1.ptx 1677 : 32768 382528 0 0 0 0 0 0 0 
_1.ptx 1678 : 32768 189632 0 1024 1024 0 0 0 0 
_1.ptx 1680 : 32768 376224 0 0 0 0 0 0 0 
_1.ptx 1681 : 32768 379104 0 0 0 0 0 0 0 
_1.ptx 1682 : 32768 185440 0 1024 1024 0 0 0 0 
_1.ptx 1684 : 32768 375776 0 0 0 0 0 0 0 
_1.ptx 1685 : 32768 367360 0 0 0 0 0 0 0 
_1.ptx 1686 : 32768 273920 0 0 0 0 0 0 0 
_1.ptx 1687 : 32768 384608 0 0 0 0 0 0 0 
_1.ptx 1688 : 32768 274720 0 0 0 0 0 0 0 
_1.ptx 1689 : 32768 382432 0 0 0 0 0 0 0 
_1.ptx 1690 : 32768 359968 0 0 0 0 0 0 0 
_1.ptx 1691 : 32768 377504 0 0 0 0 0 0 0 
_1.ptx 1692 : 32768 295296 0 1024 1024 0 0 0 0 
_1.ptx 1693 : 32768 295072 0 1024 1024 0 0 0 0 
_1.ptx 1694 : 32768 377856 0 0 0 0 0 0 0 
_1.ptx 1696 : 32768 297568 0 1024 1024 0 0 0 0 
_1.ptx 1697 : 32768 300864 0 1024 1024 0 0 0 0 
_1.ptx 1698 : 32768 379264 0 0 0 0 0 0 0 
_1.ptx 1699 : 32768 319264 0 0 0 0 0 0 0 
_1.ptx 1701 : 32768 301920 0 1024 1024 0 0 0 0 
_1.ptx 1702 : 32768 305568 0 1024 1024 0 0 0 0 
_1.ptx 1703 : 32768 295008 0 1024 1024 0 0 0 0 
_1.ptx 1704 : 32768 301504 0 1024 1024 0 0 0 0 
_1.ptx 1705 : 32768 376704 0 0 0 0 0 0 0 
_1.ptx 1706 : 32768 316832 0 0 0 0 0 0 0 
_1.ptx 1707 : 32768 318080 0 0 0 0 0 0 0 
_1.ptx 1708 : 32768 318656 0 0 0 0 0 0 0 
_1.ptx 1710 : 32768 383936 0 0 0 0 0 0 0 
_1.ptx 1711 : 32768 380672 0 0 0 0 0 0 0 
_1.ptx 1712 : 32768 380000 0 0 0 0 0 0 0 
_1.ptx 1713 : 32768 322656 0 0 0 0 0 0 0 
_1.ptx 1714 : 32768 391392 0 0 0 0 0 0 0 
_1.ptx 1715 : 32768 386976 0 0 0 0 0 0 0 
_1.ptx 1717 : 32768 385184 0 0 0 0 0 0 0 
_1.ptx 1719 : 32768 387840 0 0 0 0 0 0 0 
_1.ptx 1720 : 32768 395552 0 0 0 0 0 0 0 
_1.ptx 1721 : 32768 386656 0 0 0 0 0 0 0 
_1.ptx 1723 : 32768 388448 0 0 0 0 0 0 0 
_1.ptx 1724 : 32768 386560 0 0 0 0 0 0 0 
_1.ptx 1725 : 32768 381632 0 0 0 0 0 0 0 
_1.ptx 1726 : 32768 388960 0 0 0 0 0 0 0 
_1.ptx 1727 : 32768 379648 0 0 0 0 0 0 0 
_1.ptx 1728 : 32768 379808 0 0 0 0 0 0 0 
_1.ptx 1729 : 32768 378464 0 0 0 0 0 0 0 
_1.ptx 1731 : 32768 381184 0 0 0 0 0 0 0 
_1.ptx 1732 : 32768 319872 0 0 0 0 0 0 0 
_1.ptx 1733 : 32768 394368 0 0 0 0 0 0 0 
_1.ptx 1734 : 32768 386240 0 0 0 0 0 0 0 
_1.ptx 1735 : 32768 322528 0 0 0 0 0 0 0 
_1.ptx 1737 : 32768 390976 0 0 0 0 0 0 0 
_1.ptx 1738 : 32768 381024 0 0 0 0 0 0 0 
_1.ptx 1739 : 32768 376896 0 0 0 0 0 0 0 
_1.ptx 1740 : 32768 221120 0 1024 1024 0 0 0 0 
_1.ptx 1742 : 32768 375456 0 0 0 0 0 0 0 
_1.ptx 1743 : 32768 372640 0 0 0 0 0 0 0 
_1.ptx 1744 : 32768 206752 0 1024 1024 0 0 0 0 
_1.ptx 1746 : 32768 369120 0 0 0 0 0 0 0 
_1.ptx 1747 : 32768 373280 0 0 0 0 0 0 0 
_1.ptx 1748 : 32768 372416 0 0 0 0 0 0 0 
_1.ptx 1749 : 32768 210304 0 1024 1024 0 0 0 0 
_1.ptx 1751 : 32768 369856 0 0 0 0 0 0 0 
_1.ptx 1752 : 32768 371424 0 0 0 0 0 0 0 
_1.ptx 1753 : 32768 217664 0 1024 1024 0 0 0 0 
_1.ptx 1755 : 32768 372192 0 0 0 0 0 0 0 
_1.ptx 1756 : 32768 375008 0 0 0 0 0 0 0 
_1.ptx 1757 : 32768 371424 0 0 0 0 0 0 0 
_1.ptx 1758 : 32768 222208 0 1024 1024 0 0 0 0 
_1.ptx 1760 : 32768 370976 0 0 0 0 0 0 0 
_1.ptx 1761 : 32768 372384 0 0 0 0 0 0 0 
_1.ptx 1762 : 32768 372320 0 0 0 0 0 0 0 
_1.ptx 1763 : 32768 206848 0 1024 1024 0 0 0 0 
_1.ptx 1765 : 32768 369824 0 0 0 0 0 0 0 
_1.ptx 1766 : 32768 370912 0 0 0 0 0 0 0 
_1.ptx 1767 : 32768 219488 0 1024 1024 0 0 0 0 
_1.ptx 1769 : 32768 370336 0 0 0 0 0 0 0 
_1.ptx 1770 : 32768 370688 0 0 0 0 0 0 0 
_1.ptx 1771 : 32768 209728 0 1024 1024 0 0 0 0 
_1.ptx 1773 : 32768 213696 0 0 0 0 0 0 0 
_1.ptx 1774 : 32768 278048 0 0 0 0 0 0 0 
_1.ptx 1775 : 32768 251072 0 0 0 0 0 0 0 
_1.ptx 1776 : 32768 353344 0 0 0 0 0 0 0 
_1.ptx 1777 : 32768 371584 0 0 0 0 0 0 0 
_1.ptx 1779 : 32768 363104 0 1024 1024 0 0 0 0 
_1.ptx 1780 : 32768 386816 0 0 0 1024 1024 0 0 
_1.ptx 1782 : 32768 371456 0 0 0 0 0 0 0 
_1.ptx 1784 : 32768 475904 0 1024 1024 0 0 0 0 
_1.ptx 1785 : 32768 384352 0 0 0 1024 1024 0 0 
_1.ptx 1787 : 32768 368032 0 0 0 0 0 0 0 
_1.ptx 1789 : 32768 454432 0 1024 1024 0 0 0 0 
_1.ptx 1790 : 32768 411168 0 0 0 1024 1024 0 0 
_1.ptx 1792 : 32768 370688 0 0 0 0 0 0 0 
_1.ptx 1794 : 32768 480960 0 1024 1024 0 0 0 0 
_1.ptx 1795 : 32768 430272 0 0 0 1024 1024 0 0 
_1.ptx 1797 : 32768 368224 0 0 0 0 0 0 0 
_1.ptx 1799 : 32768 426528 0 1024 1024 0 0 0 0 
_1.ptx 1800 : 32768 408224 0 0 0 1024 1024 0 0 
_1.ptx 1802 : 32768 369824 0 0 0 0 0 0 0 
_1.ptx 1804 : 32768 492096 0 1024 1024 0 0 0 0 
_1.ptx 1805 : 32768 453568 0 0 0 1024 1024 0 0 
_1.ptx 1807 : 32768 367776 0 0 0 0 0 0 0 
_1.ptx 1809 : 32768 536256 0 1024 1024 0 0 0 0 
_1.ptx 1810 : 32768 422720 0 0 0 1024 1024 0 0 
_1.ptx 1812 : 32768 484800 0 1024 1024 0 0 0 0 
_1.ptx 1813 : 32768 366112 0 0 0 0 0 0 0 
_1.ptx 1814 : 32768 414368 0 0 0 1024 1024 0 0 
_1.ptx 1816 : 32768 206464 0 0 0 0 0 0 0 
_1.ptx 1525 : 32768 207616 0 0 0 0 0 0 0 
_1.ptx 1527 : 32768 210976 0 0 0 0 0 0 0 
_1.ptx 1528 : 32768 246496 0 0 0 0 0 0 0 
_1.ptx 1529 : 32768 216064 0 0 0 0 0 0 0 
_1.ptx 1530 : 32768 246624 0 0 0 0 0 0 0 
_1.ptx 1531 : 32768 214720 0 0 0 0 0 0 0 
_1.ptx 1532 : 32768 245152 0 0 0 0 0 0 0 
_1.ptx 1533 : 32768 213120 0 0 0 0 0 0 0 
_1.ptx 1534 : 32768 242752 0 0 0 0 0 0 0 
_1.ptx 1535 : 32768 367488 0 0 0 0 0 0 0 
_1.ptx 1536 : 32768 212480 0 0 0 0 0 0 0 
_1.ptx 1537 : 32768 271136 0 0 0 0 0 0 0 
_1.ptx 1538 : 32768 213888 0 0 0 0 0 0 0 
_1.ptx 1539 : 32768 366240 0 0 0 0 0 0 0 
_1.ptx 1540 : 32768 2176000 128 0 0 0 0 0 0 
_1.ptx 1541 : 32768 274016 0 0 0 0 0 0 0 
_1.ptx 1542 : 32768 373344 0 0 0 0 0 0 0 
_1.ptx 1543 : 32768 252000 0 0 0 0 0 0 0 
_1.ptx 1544 : 32768 364768 0 0 0 0 0 0 0 
_1.ptx 1545 : 32768 367232 0 0 0 0 0 0 0 
_1.ptx 1546 : 32768 200608 0 0 0 0 0 0 0 
_1.ptx 1547 : 32768 367904 0 0 0 0 0 0 0 
_1.ptx 1548 : 32768 369632 0 0 0 0 0 0 0 
_1.ptx 1549 : 32768 249344 0 0 0 0 0 0 0 
_1.ptx 1550 : 32768 357984 0 0 0 0 0 0 0 
_1.ptx 1551 : 32768 366336 0 0 0 0 0 0 0 
_1.ptx 1552 : 32768 10855776 131072 0 0 1024 1024 0 0 
_1.ptx 1553 : 32768 226624 0 1024 1024 0 0 0 0 
_1.ptx 1555 : 32768 232672 0 0 0 0 0 0 0 
_1.ptx 1556 : 32768 331872 0 0 0 0 0 0 0 
_1.ptx 1557 : 32768 362752 0 0 0 0 0 0 0 
_1.ptx 1558 : 32768 9579456 131072 0 0 1024 1024 0 0 
_1.ptx 1559 : 32768 171424 0 1024 1024 0 0 0 0 
_1.ptx 1561 : 32768 361088 0 0 0 0 0 0 0 
_1.ptx 1562 : 32768 9340416 131072 0 0 1024 1024 0 0 
_1.ptx 1563 : 32768 174528 0 1024 1024 0 0 0 0 
_1.ptx 1565 : 32768 360704 0 0 0 0 0 0 0 
_1.ptx 1567 : 32768 9241376 131072 0 0 1024 1024 0 0 
_1.ptx 1568 : 32768 169312 0 1024 1024 0 0 0 0 
_1.ptx 1570 : 32768 360576 0 0 0 0 0 0 0 
_1.ptx 1572 : 32768 9230048 131072 0 0 1024 1024 0 0 
_1.ptx 1573 : 32768 204000 0 1024 1024 0 0 0 0 
_1.ptx 1575 : 32768 360960 0 0 0 0 0 0 0 
_1.ptx 1577 : 32768 9692288 131072 0 0 1024 1024 0 0 
_1.ptx 1578 : 32768 180160 0 1024 1024 0 0 0 0 
_1.ptx 1580 : 32768 361664 0 0 0 0 0 0 0 
_1.ptx 1582 : 32768 9201472 131072 0 0 1024 1024 0 0 
_1.ptx 1583 : 32768 180640 0 1024 1024 0 0 0 0 
_1.ptx 1585 : 32768 363520 0 0 0 0 0 0 0 
_1.ptx 1587 : 32768 9085664 131072 0 0 1024 1024 0 0 
_1.ptx 1588 : 32768 175072 0 1024 1024 0 0 0 0 
_1.ptx 1590 : 32768 248640 0 0 0 0 0 0 0 
_1.ptx 1591 : 32768 340800 0 0 0 0 0 0 0 
_1.ptx 1592 : 32768 253088 0 0 0 0 0 0 0 
_1.ptx 1593 : 32768 372320 0 0 0 0 0 0 0 
_1.ptx 1594 : 32768 345056 0 0 0 0 0 0 0 
_1.ptx 1595 : 32768 371936 0 0 0 0 0 0 0 
_1.ptx 1596 : 32768 277792 0 1024 1024 0 0 0 0 
_1.ptx 1597 : 32768 278432 0 1024 1024 0 0 0 0 
_1.ptx 1598 : 32768 373184 0 0 0 0 0 0 0 
_1.ptx 1600 : 32768 277792 0 1024 1024 0 0 0 0 
_1.ptx 1601 : 32768 284352 0 1024 1024 0 0 0 0 
_1.ptx 1602 : 32768 1947264 128 0 0 0 0 0 0 
_1.ptx 1603 : 32768 1948320 0 0 0 0 0 0 0 
_1.ptx 1604 : 32768 372480 0 0 0 0 0 0 0 
_1.ptx 1605 : 32768 311296 0 0 0 0 0 0 0 
_1.ptx 1607 : 32768 277856 0 1024 1024 0 0 0 0 
_1.ptx 1608 : 32768 286144 0 1024 1024 0 0 0 0 
_1.ptx 1609 : 32768 281312 0 1024 1024 0 0 0 0 
_1.ptx 1610 : 32768 286304 0 1024 1024 0 0 0 0 
_1.ptx 1611 : 32768 120320 0 0 0 0 0 0 0 
_1.ptx 1612 : 32768 120640 0 0 0 0 0 0 0 
_1.ptx 1613 : 32768 117120 0 0 0 0 0 0 0 
_1.ptx 1614 : 32768 118496 0 0 0 0 0 0 0 
_1.ptx 1615 : 32768 374528 0 0 0 0 0 0 0 
_1.ptx 1616 : 32768 320192 0 0 0 0 0 0 0 
_1.ptx 1617 : 32768 319744 0 0 0 0 0 0 0 
_1.ptx 1618 : 32768 324768 0 0 0 0 0 0 0 
_1.ptx 1620 : 32768 388096 0 0 0 0 0 0 0 
_1.ptx 1621 : 32768 387008 0 0 0 0 0 0 0 
_1.ptx 1622 : 32768 388928 0 0 0 0 0 0 0 
_1.ptx 1623 : 32768 326720 0 0 0 0 0 0 0 
_1.ptx 1624 : 32768 389632 0 0 0 0 0 0 0 
_1.ptx 1625 : 32768 384224 0 0 0 0 0 0 0 
_1.ptx 1627 : 32768 382592 0 0 0 0 0 0 0 
_1.ptx 1629 : 32768 384384 0 0 0 0 0 0 0 
_1.ptx 1630 : 32768 386432 0 0 0 0 0 0 0 
_1.ptx 1631 : 32768 382624 0 0 0 0 0 0 0 
_1.ptx 1633 : 32768 385536 0 0 0 0 0 0 0 
_1.ptx 1634 : 32768 384608 0 0 0 0 0 0 0 
_1.ptx 1635 : 32768 377120 0 0 0 0 0 0 0 
