kernel line : count latency dram_traffic smem_bk_conflicts smem_warp gmem_access_generated gmem_warp exposed_latency warp_divergence
_1.ptx 823 : 4096 24576 0 0 0 0 0 0 0 
_1.ptx 824 : 4096 24576 0 0 0 0 0 0 0 
_1.ptx 825 : 4096 60672 0 0 0 0 0 0 0 
_1.ptx 826 : 4096 24576 0 0 0 0 0 0 0 
_1.ptx 827 : 4096 45536 0 0 0 0 0 0 0 
_1.ptx 828 : 4096 29504 0 0 0 0 0 0 0 
_1.ptx 829 : 4096 24608 0 0 0 0 0 0 0 
_1.ptx 830 : 4096 33408 0 0 0 0 0 0 0 
_1.ptx 831 : 4096 0 0 0 0 0 0 0 0 
_1.ptx 832 : 4096 12288 0 0 0 0 0 0 0 
_1.ptx 833 : 4096 24576 0 0 0 0 0 0 0 
_1.ptx 834 : 4096 32768 0 0 0 0 0 0 0 
_1.ptx 835 : 4096 12288 0 0 0 0 0 0 0 
_1.ptx 836 : 4096 25952 0 0 0 0 0 0 0 
_1.ptx 837 : 4096 35168 0 0 0 0 0 0 0 
_1.ptx 838 : 4096 47872 0 0 0 0 0 0 0 
_1.ptx 839 : 4096 12288 0 0 0 0 0 0 0 
_1.ptx 840 : 4096 30432 0 0 0 0 0 0 0 
_1.ptx 841 : 4096 37152 0 0 0 0 0 0 0 
_1.ptx 842 : 4096 35840 0 0 0 0 0 0 0 
_1.ptx 843 : 4096 45856 0 0 0 0 0 0 0 
_1.ptx 844 : 4096 30176 0 0 0 0 0 0 0 
_1.ptx 845 : 4096 52032 0 0 0 0 0 0 0 
_1.ptx 846 : 4096 30496 0 0 0 0 0 0 0 
_1.ptx 847 : 4096 35520 0 0 0 0 0 0 0 
_1.ptx 848 : 4096 46144 0 0 0 0 0 0 0 
_1.ptx 849 : 4096 33568 0 0 0 0 0 0 0 
_1.ptx 850 : 4096 46240 0 0 0 0 0 0 0 
_1.ptx 851 : 4096 30560 0 0 0 0 0 0 0 
_1.ptx 852 : 4096 25632 0 0 0 0 0 0 0 
_1.ptx 853 : 4096 33760 0 0 0 0 0 0 0 
_1.ptx 854 : 4096 26976 0 0 0 0 0 0 0 
_1.ptx 855 : 4096 34464 0 0 0 0 0 0 0 
_1.ptx 856 : 4096 12288 0 0 0 0 0 0 0 
_1.ptx 857 : 4096 46880 0 0 0 0 0 0 0 
_1.ptx 858 : 4096 44928 0 0 0 0 0 0 0 
_1.ptx 859 : 4096 12288 0 0 0 0 0 0 0 
_1.ptx 860 : 4096 46400 0 0 0 0 0 0 0 
_1.ptx 861 : 4096 29152 0 0 0 0 0 0 0 
_1.ptx 862 : 4096 29280 0 0 0 0 0 0 0 
_1.ptx 863 : 4096 29216 0 0 0 0 0 0 0 
_1.ptx 864 : 4096 29792 0 0 0 0 0 0 0 
_1.ptx 865 : 4096 28416 0 0 0 0 0 0 0 
_1.ptx 866 : 4096 30304 0 0 0 0 0 0 0 
_1.ptx 867 : 4096 24576 0 0 0 0 0 0 0 
_1.ptx 868 : 4096 24576 0 0 0 0 0 0 0 
_1.ptx 869 : 4096 25664 0 0 0 0 0 0 0 
_1.ptx 870 : 4096 25376 0 0 0 0 0 0 0 
_1.ptx 873 : 4096 0 0 0 0 0 0 0 0 
_1.ptx 874 : 4096 28896 0 0 0 0 0 0 0 
_1.ptx 875 : 4096 26464 0 0 0 0 0 0 0 
_1.ptx 876 : 4096 26656 0 0 0 0 0 0 0 
_1.ptx 877 : 4096 25024 0 0 0 0 0 0 0 
_1.ptx 878 : 4096 29568 0 0 0 0 0 0 0 
_1.ptx 882 : 327680 1971008 0 0 0 0 0 0 0 
_1.ptx 883 : 327680 29202880 1310720 0 0 0 0 0 0 
_1.ptx 885 : 327680 1969696 0 0 0 0 0 0 0 
_1.ptx 886 : 327680 29931680 1310720 0 0 0 0 0 0 
_1.ptx 887 : 327680 3286112 0 0 0 0 0 0 0 
_1.ptx 888 : 327680 3286688 0 0 0 0 0 0 0 
_1.ptx 889 : 327680 3296800 0 0 0 0 0 0 0 
_1.ptx 890 : 327680 2631168 0 0 0 0 0 0 0 
_1.ptx 891 : 327680 1952864 0 0 0 0 0 0 0 
_1.ptx 894 : 4096 0 0 0 0 0 0 0 0 
_1.ptx 895 : 4096 28736 0 0 0 0 0 0 0 
_1.ptx 896 : 4096 24832 0 0 0 0 0 0 0 
_1.ptx 897 : 4096 24736 0 0 0 0 0 0 0 
_1.ptx 898 : 4096 24768 0 0 0 0 0 0 0 
_1.ptx 899 : 4096 28736 0 0 0 0 0 0 0 
_1.ptx 903 : 327680 137263872 1303680 0 0 0 0 0 0 
_1.ptx 904 : 327680 3518272 1030528 0 0 0 0 0 0 
_1.ptx 905 : 327680 3288352 0 0 0 0 0 0 0 
_1.ptx 906 : 327680 3289952 0 0 0 0 0 0 0 
_1.ptx 907 : 327680 3309952 0 0 0 0 0 0 0 
_1.ptx 908 : 327680 2634016 0 0 0 0 0 0 0 
_1.ptx 909 : 327680 1956448 0 0 0 0 0 0 0 
_1.ptx 911 : 4096 0 0 0 0 0 0 0 0 
_1.ptx 912 : 4096 30368 0 0 0 0 0 0 0 
_1.ptx 913 : 4096 27584 0 0 0 0 0 0 0 
_1.ptx 914 : 4096 30112 0 0 0 0 0 0 0 
_1.ptx 918 : 163840 1855200 0 0 0 0 0 0 0 
_1.ptx 919 : 163840 1398336 0 0 0 0 0 0 0 
_1.ptx 920 : 163840 1515936 0 0 0 0 0 0 0 
_1.ptx 921 : 163840 0 0 0 0 0 0 0 0 
_1.ptx 922 : 163840 1996448 0 0 0 0 0 0 0 
_1.ptx 923 : 163840 1864576 0 0 0 0 0 0 0 
_1.ptx 924 : 163840 503680 0 0 0 0 0 0 0 
_1.ptx 925 : 163840 2517440 0 0 0 0 0 0 0 
_1.ptx 926 : 163840 2931200 0 0 0 0 0 0 0 
_1.ptx 927 : 163840 1930560 0 0 0 0 0 0 0 
_1.ptx 928 : 163840 1391232 0 0 0 0 0 0 0 
_1.ptx 929 : 163840 1906336 0 0 0 0 0 0 0 
_1.ptx 930 : 163840 1943360 0 0 0 0 0 0 0 
_1.ptx 931 : 163840 1395104 0 0 0 0 0 0 0 
_1.ptx 932 : 163840 1880448 0 0 0 0 0 0 0 
_1.ptx 933 : 163840 1951552 0 0 0 0 0 0 0 
_1.ptx 934 : 163840 49214752 655360 0 0 0 0 0 0 
_1.ptx 935 : 163840 1943296 0 0 0 0 0 0 0 
_1.ptx 936 : 163840 1386560 0 0 0 0 0 0 0 
_1.ptx 937 : 163840 1325760 0 0 0 0 0 0 0 
_1.ptx 938 : 163840 1405952 0 0 0 0 0 0 0 
_1.ptx 942 : 9748480 116652736 0 0 0 0 0 0 0 
_1.ptx 943 : 9748480 83402304 0 0 0 0 0 0 0 
_1.ptx 944 : 9748480 110880928 0 0 0 0 0 0 0 
_1.ptx 945 : 9748480 117735392 0 0 0 0 0 0 0 
_1.ptx 946 : 9748480 41171456 0 0 0 0 0 0 0 
_1.ptx 948 : 9748480 115937248 0 0 0 0 0 0 0 
_1.ptx 949 : 9748480 54423520 72960 0 0 0 0 0 0 
_1.ptx 950 : 9748480 118213888 0 0 0 0 0 0 0 
_1.ptx 951 : 9748480 118222976 0 0 0 0 0 0 0 
_1.ptx 952 : 9748480 82534304 0 0 0 0 0 0 0 
_1.ptx 953 : 9748480 76976544 0 0 0 0 0 0 0 
_1.ptx 954 : 9748480 155466560 0 0 0 0 0 0 0 
_1.ptx 955 : 9748480 81144064 0 0 0 0 0 0 0 
_1.ptx 956 : 9748480 462486208 0 0 0 0 0 0 0 
_1.ptx 957 : 9748480 118358560 0 0 0 0 0 0 0 
_1.ptx 959 : 9748480 119714368 0 0 0 0 0 0 0 
_1.ptx 960 : 9748480 85787648 0 0 0 0 0 0 0 
_1.ptx 961 : 9748480 88085888 0 0 0 0 0 0 0 
_1.ptx 962 : 9748480 88811680 0 0 0 0 0 0 0 
_1.ptx 963 : 9748480 84605216 0 0 0 0 0 0 0 
_1.ptx 964 : 9748480 158388736 0 0 0 0 0 0 0 
_1.ptx 965 : 9748480 155767584 0 0 0 0 0 0 0 
_1.ptx 966 : 9748480 162755744 0 0 0 0 0 0 0 
_1.ptx 967 : 9748480 84719264 0 0 0 0 0 0 0 
_1.ptx 968 : 9748480 77476864 0 0 0 0 0 0 0 
_1.ptx 969 : 9748480 123304608 0 0 0 0 0 0 0 
_1.ptx 970 : 9748480 150069568 0 0 0 0 0 0 0 
_1.ptx 971 : 9748480 118609440 0 0 0 0 0 0 0 
_1.ptx 972 : 9748480 51113344 0 0 0 0 0 0 0 
_1.ptx 974 : 9748480 116573664 0 0 0 0 0 0 0 
_1.ptx 975 : 9748480 83775936 0 0 0 0 0 0 0 
_1.ptx 976 : 9748480 114182944 0 0 0 0 0 0 0 
_1.ptx 977 : 9748480 115358976 0 0 0 0 0 0 0 
_1.ptx 978 : 9748480 50706720 38988800 0 0 0 0 0 0 
_1.ptx 979 : 9748480 106610592 0 0 0 0 0 0 0 
_1.ptx 980 : 9748480 107329472 0 0 0 0 0 0 0 
_1.ptx 981 : 9748480 88778784 0 0 0 0 0 0 0 
_1.ptx 982 : 9748480 71833664 0 0 0 0 0 0 0 
_1.ptx 984 : 163840 1394976 0 0 0 0 0 0 0 
_1.ptx 985 : 163840 1515072 0 0 0 0 0 0 0 
_1.ptx 986 : 163840 1230912 0 0 0 0 0 0 0 
_1.ptx 989 : 4096 0 0 0 0 0 0 0 0 
_1.ptx 990 : 4096 31808 0 0 0 0 0 0 0 
_1.ptx 991 : 4096 32416 0 0 0 0 0 0 0 
_1.ptx 992 : 4096 32704 0 0 0 0 0 0 0 
_1.ptx 993 : 4096 30496 0 0 0 0 0 0 0 
_1.ptx 994 : 4096 29760 0 0 0 0 0 0 0 
_1.ptx 995 : 4096 43424 0 0 0 0 0 0 0 
_1.ptx 996 : 4096 46432 0 0 0 0 0 0 0 
_1.ptx 997 : 4096 26688 0 0 0 0 0 0 0 
_1.ptx 998 : 4096 29120 0 0 0 0 0 0 0 
_1.ptx 999 : 4096 29952 0 0 0 0 0 0 0 
_1.ptx 1000 : 4096 34016 0 0 0 0 0 0 0 
_1.ptx 1004 : 163840 1281600 0 0 0 0 0 0 0 
_1.ptx 1005 : 163840 1321088 0 0 0 0 0 0 0 
_1.ptx 1006 : 163840 1870048 0 0 0 0 0 0 0 
_1.ptx 1007 : 163840 1260512 0 0 0 0 0 0 0 
_1.ptx 1008 : 163840 1142144 0 0 0 0 0 0 0 
_1.ptx 1009 : 163840 2554112 0 0 0 0 0 0 0 
_1.ptx 1010 : 163840 1272320 0 0 0 0 0 0 0 
_1.ptx 1011 : 163840 7707648 0 0 0 0 0 0 0 
_1.ptx 1013 : 163840 1544608 0 0 0 0 0 0 0 
_1.ptx 1015 : 163840 1494880 655360 0 0 0 0 0 0 
_1.ptx 1017 : 163840 1648576 620544 0 0 0 0 0 0 
_1.ptx 1018 : 163840 1735904 0 0 0 0 0 0 0 
_1.ptx 1019 : 163840 1757792 0 0 0 0 0 0 0 
_1.ptx 1020 : 163840 1759904 0 0 0 0 0 0 0 
_1.ptx 1021 : 163840 1784160 0 0 0 0 0 0 0 
_1.ptx 1022 : 163840 1434080 0 0 0 0 0 0 0 
_1.ptx 1023 : 163840 1081472 0 0 0 0 0 0 0 
_1.ptx 1025 : 4096 0 0 0 0 0 0 0 0 
_1.ptx 1026 : 4096 31712 0 0 0 0 0 0 0 
_1.ptx 1027 : 4096 30336 0 0 0 0 0 0 0 
_1.ptx 1028 : 4096 28768 0 0 0 0 0 0 0 
_1.ptx 1029 : 4096 29280 0 0 0 0 0 0 0 
_1.ptx 1030 : 4096 31648 0 0 0 0 0 0 0 
_1.ptx 1034 : 163840 1105952 0 0 0 0 0 0 0 
_1.ptx 1035 : 163840 3013920 655360 0 0 0 0 0 0 
_1.ptx 1037 : 163840 1080000 0 0 0 0 0 0 0 
_1.ptx 1038 : 163840 3255488 654848 0 0 0 0 0 0 
_1.ptx 1039 : 163840 1716800 0 0 0 0 0 0 0 
_1.ptx 1040 : 163840 1725920 0 0 0 0 0 0 0 
_1.ptx 1041 : 163840 1750112 0 0 0 0 0 0 0 
_1.ptx 1042 : 163840 1388960 0 0 0 0 0 0 0 
_1.ptx 1043 : 163840 1065728 0 0 0 0 0 0 0 
_1.ptx 1045 : 4096 0 0 0 0 0 0 0 0 
_1.ptx 1046 : 4096 30816 0 0 0 0 0 0 0 
_1.ptx 1047 : 4096 30528 0 0 0 0 0 0 0 
_1.ptx 1048 : 4096 32320 0 0 0 0 0 0 0 
_1.ptx 1049 : 4096 29632 0 0 0 0 0 0 0 
_1.ptx 1050 : 4096 29280 0 0 0 0 0 0 0 
_1.ptx 1051 : 4096 31808 0 0 0 0 0 0 0 
_1.ptx 1055 : 61440 403296 0 0 0 0 0 0 0 
_1.ptx 1056 : 61440 372096 0 0 0 0 0 0 0 
_1.ptx 1057 : 61440 456192 0 0 0 0 0 0 0 
_1.ptx 1058 : 61440 781344 0 0 0 0 0 0 0 
_1.ptx 1059 : 61440 692704 0 0 0 0 0 0 0 
_1.ptx 1060 : 61440 6737184 33408 0 0 0 0 0 0 
_1.ptx 1061 : 61440 693472 0 0 0 0 0 0 0 
_1.ptx 1062 : 61440 6291680 26368 0 0 0 0 0 0 
_1.ptx 1063 : 61440 570208 0 0 0 0 0 0 0 
_1.ptx 1064 : 61440 462080 0 0 0 0 0 0 0 
_1.ptx 1065 : 61440 411040 0 0 0 0 0 0 0 
_1.ptx 1066 : 61440 941824 0 0 0 0 0 0 0 
_1.ptx 1067 : 61440 463456 0 0 0 0 0 0 0 
_1.ptx 1068 : 61440 424160 0 0 0 0 0 0 0 
_1.ptx 1069 : 61440 516224 0 0 0 0 0 0 0 
_1.ptx 1070 : 61440 0 0 0 0 0 0 0 0 
_1.ptx 1072 : 61440 404032 0 0 0 0 0 0 0 
_1.ptx 1073 : 61440 574464 0 0 0 0 0 0 0 
_1.ptx 1075 : 61440 705568 0 0 0 0 0 0 0 
_1.ptx 1076 : 61440 4893376 7424 0 0 0 0 0 0 
_1.ptx 1077 : 61440 394208 0 0 0 0 0 0 0 
_1.ptx 1078 : 61440 569344 0 0 0 0 0 0 0 
_1.ptx 1079 : 61440 484288 0 0 0 0 0 0 0 
_1.ptx 1081 : 61440 695104 0 0 0 0 0 0 0 
_1.ptx 1082 : 61440 4865952 7808 0 0 0 0 0 0 
_1.ptx 1083 : 61440 399232 0 0 0 0 0 0 0 
_1.ptx 1084 : 61440 698784 0 0 0 0 0 0 0 
_1.ptx 1085 : 61440 461568 0 0 0 0 0 0 0 
_1.ptx 1087 : 61440 640096 0 0 0 0 0 0 0 
_1.ptx 1088 : 61440 642528 0 0 0 0 0 0 0 
_1.ptx 1089 : 61440 651360 0 0 0 0 0 0 0 
_1.ptx 1090 : 61440 515776 0 0 0 0 0 0 0 
_1.ptx 1091 : 61440 372768 0 0 0 0 0 0 0 
_1.ptx 1092 : 4096 26496 0 0 0 0 0 0 0 
_1.ptx 1096 : 4096 0 0 0 0 0 0 0 0 
_1.ptx 1097 : 4096 30976 0 0 0 0 0 0 0 
_1.ptx 1098 : 4096 46624 0 0 0 0 0 0 0 
_1.ptx 1099 : 4096 32512 0 0 0 0 0 0 0 
_1.ptx 1100 : 4096 56576 0 0 0 0 0 0 0 
_1.ptx 1101 : 4096 46528 0 0 0 0 0 0 0 
_1.ptx 1102 : 4096 46304 0 0 0 0 0 0 0 
_1.ptx 1103 : 4096 47040 0 0 0 0 0 0 0 
_1.ptx 1104 : 4096 32192 0 0 0 0 0 0 0 
_1.ptx 1105 : 4096 46816 0 0 0 0 0 0 0 
_1.ptx 1106 : 4096 45920 0 0 0 0 0 0 0 
_1.ptx 1107 : 4096 23392 0 0 0 0 0 0 0 
_1.ptx 1108 : 4096 31040 0 0 0 0 0 0 0 
_1.ptx 1112 : 163840 693632 0 0 0 0 0 0 0 
_1.ptx 1113 : 163840 1172640 0 0 0 0 0 0 0 
_1.ptx 1114 : 163840 681312 0 0 0 0 0 0 0 
_1.ptx 1115 : 163840 1493376 0 0 0 0 0 0 0 
_1.ptx 1116 : 163840 949984 0 0 0 0 0 0 0 
_1.ptx 1118 : 163840 9318208 53504 0 0 0 0 0 0 
_1.ptx 1119 : 163840 1819712 0 0 0 0 0 0 0 
_1.ptx 1120 : 163840 1177888 0 0 0 0 0 0 0 
_1.ptx 1121 : 163840 1024960 0 0 0 0 0 0 0 
_1.ptx 1122 : 163840 2475232 0 0 0 0 0 0 0 
_1.ptx 1123 : 163840 1176192 0 0 0 0 0 0 0 
_1.ptx 1124 : 163840 12784096 0 0 0 0 0 0 0 
_1.ptx 1125 : 163840 42896640 508288 0 0 0 0 0 0 
_1.ptx 1126 : 163840 1819712 0 0 0 0 0 0 0 
_1.ptx 1127 : 163840 1821408 0 0 0 0 0 0 0 
_1.ptx 1128 : 163840 1173888 0 0 0 0 0 0 0 
_1.ptx 1129 : 163840 880704 0 0 0 0 0 0 0 
_1.ptx 1130 : 163840 1332800 0 0 0 0 0 0 0 
_1.ptx 1131 : 163840 24704 0 0 0 0 0 0 0 
_1.ptx 1133 : 159744 40800096 465024 0 0 0 0 0 0 
_1.ptx 1134 : 159744 1774816 0 0 0 0 0 0 0 
_1.ptx 1135 : 159744 837280 0 0 0 0 0 0 0 
_1.ptx 1137 : 159744 41899680 481024 0 0 0 0 0 0 
_1.ptx 1138 : 159744 1770176 0 0 0 0 0 0 0 
_1.ptx 1139 : 159744 1151616 0 0 0 0 0 0 0 
_1.ptx 1140 : 159744 1021792 0 0 0 0 0 0 0 
_1.ptx 1141 : 159744 2414496 0 0 0 0 0 0 0 
_1.ptx 1142 : 159744 1147264 0 0 0 0 0 0 0 
_1.ptx 1143 : 159744 12217376 0 0 0 0 0 0 0 
_1.ptx 1144 : 159744 1771776 0 0 0 0 0 0 0 
_1.ptx 1145 : 159744 827648 0 0 0 0 0 0 0 
_1.ptx 1147 : 163840 1659616 0 0 0 0 0 0 0 
_1.ptx 1148 : 163840 1667616 0 0 0 0 0 0 0 
_1.ptx 1149 : 163840 1672928 0 0 0 0 0 0 0 
_1.ptx 1150 : 163840 1683648 0 0 0 0 0 0 0 
_1.ptx 1151 : 163840 1682752 0 0 0 0 0 0 0 
_1.ptx 1152 : 163840 1345792 0 0 0 0 0 0 0 
_1.ptx 1153 : 163840 988064 0 0 0 0 0 0 0 
_1.ptx 1155 : 4096 0 0 0 0 0 0 0 0 
_1.ptx 1156 : 4096 29056 0 0 0 0 0 0 0 
_1.ptx 1157 : 4096 25536 0 0 0 0 0 0 0 
_1.ptx 1158 : 4096 12544 0 0 0 0 0 0 0 
_1.ptx 1159 : 4096 24992 0 0 0 0 0 0 0 
_1.ptx 1160 : 4096 24832 0 0 0 0 0 0 0 
_1.ptx 1161 : 4096 29152 0 0 0 0 0 0 0 
_1.ptx 1165 : 163840 1148032 0 0 0 0 0 0 0 
_1.ptx 1166 : 163840 46864224 643328 0 0 0 0 0 0 
_1.ptx 1167 : 163840 1804160 0 0 0 0 0 0 0 
_1.ptx 1168 : 163840 1150464 0 0 0 0 0 0 0 
_1.ptx 1169 : 163840 987232 0 0 0 0 0 0 0 
_1.ptx 1170 : 163840 2460992 0 0 0 0 0 0 0 
_1.ptx 1171 : 163840 104425248 0 0 0 0 0 0 0 
_1.ptx 1172 : 163840 1149632 0 0 0 0 0 0 0 
_1.ptx 1173 : 163840 1640384 0 0 0 0 0 0 0 
_1.ptx 1174 : 163840 1640576 0 0 0 0 0 0 0 
_1.ptx 1175 : 163840 1311744 0 0 0 0 0 0 0 
_1.ptx 1176 : 163840 959328 0 0 0 0 0 0 0 
_1.ptx 1177 : 4096 24576 0 0 0 0 0 0 0 
_1.ptx 1182 : 4096 45056 0 0 0 0 0 0 0 
_1.ptx 1183 : 4096 0 0 0 0 0 0 0 0 
_1.ptx 1184 : 4096 28672 0 0 0 0 0 0 0 
_1.ptx 1185 : 4096 12288 0 0 0 0 0 0 0 
_1.ptx 1186 : 4096 45056 0 0 0 0 0 0 0 
_1.ptx 1187 : 4096 24576 0 0 0 0 0 0 0 
_1.ptx 1188 : 4096 28736 0 0 0 0 0 0 0 
_1.ptx 1189 : 4096 28704 0 0 0 0 0 0 0 
_1.ptx 1190 : 4096 24608 0 0 0 0 0 0 0 
_1.ptx 1191 : 4096 28704 0 0 0 0 0 0 0 
_1.ptx 1195 : 163840 753888 1152 0 0 0 0 0 0 
_1.ptx 1196 : 163840 1802976 0 0 0 0 0 0 0 
_1.ptx 1197 : 163840 1150304 0 0 0 0 0 0 0 
_1.ptx 1198 : 163840 987808 0 0 0 0 0 0 0 
_1.ptx 1199 : 163840 2458048 0 0 0 0 0 0 0 
_1.ptx 1200 : 163840 137136416 0 0 0 0 0 0 0 
_1.ptx 1201 : 163840 1148320 0 0 0 0 0 0 0 
_1.ptx 1202 : 163840 821632 0 0 0 0 0 0 0 
_1.ptx 1203 : 163840 1638848 0 0 0 0 0 0 0 
_1.ptx 1204 : 163840 1639520 0 0 0 0 0 0 0 
_1.ptx 1205 : 163840 1311392 0 0 0 0 0 0 0 
_1.ptx 1206 : 163840 958784 0 0 0 0 0 0 0 
_1.ptx 1209 : 4096 28736 0 0 0 0 0 0 0 
_1.ptx 1210 : 4096 0 0 0 0 0 0 0 0 
_1.ptx 1211 : 4096 28672 0 0 0 0 0 0 0 
_1.ptx 1212 : 4096 28672 0 0 0 0 0 0 0 
_1.ptx 1213 : 4096 730720 0 0 0 0 0 0 0 
_1.ptx 1214 : 4096 45056 0 0 0 0 0 0 0 
_1.ptx 1215 : 4096 28736 0 0 0 0 0 0 0 
_1.ptx 1219 : 163840 25936768 323200 0 0 0 0 0 0 
_1.ptx 1220 : 163840 1806688 0 0 0 0 0 0 0 
_1.ptx 1221 : 163840 824096 0 0 0 0 0 0 0 
_1.ptx 1222 : 163840 1641408 0 0 0 0 0 0 0 
_1.ptx 1223 : 163840 1644704 0 0 0 0 0 0 0 
_1.ptx 1224 : 163840 1315360 0 0 0 0 0 0 0 
_1.ptx 1225 : 163840 961984 0 0 0 0 0 0 0 
_1.ptx 1228 : 4096 20704 16384 0 0 128 128 0 0 
_1.ptx 1230 : 4096 28800 0 0 0 0 0 0 0 
_1.ptx 1231 : 4096 0 0 0 0 0 0 0 0 
_1.ptx 1232 : 4096 28992 0 0 0 0 0 0 0 
_1.ptx 1233 : 4096 41440 0 0 0 0 0 0 0 
_1.ptx 1234 : 4096 28800 0 0 0 0 0 0 0 
_1.ptx 1237 : 163840 1318848 0 0 0 0 0 0 0 
_1.ptx 1238 : 163840 0 0 0 0 0 0 0 0 
_1.ptx 1239 : 163840 1811744 0 0 0 0 0 0 0 
_1.ptx 1240 : 163840 1648768 0 0 0 0 0 0 0 
_1.ptx 1241 : 163840 1812288 0 0 0 0 0 0 0 
_1.ptx 1242 : 163840 2089952 0 0 0 0 0 0 0 
_1.ptx 1243 : 163840 1172512 0 0 0 0 0 0 0 
_1.ptx 1244 : 163840 1894528 0 0 0 0 0 0 0 
_1.ptx 1245 : 163840 1814656 0 0 0 0 0 0 0 
_1.ptx 1246 : 163840 1174080 0 0 0 0 0 0 0 
_1.ptx 1247 : 163840 1959008 0 0 0 0 0 0 0 
_1.ptx 1248 : 163840 1810496 0 0 0 0 0 0 0 
_1.ptx 1249 : 163840 1810656 0 0 0 0 0 0 0 
_1.ptx 1250 : 163840 1160192 0 0 0 0 0 0 0 
_1.ptx 1251 : 163840 1938400 0 0 0 0 0 0 0 
_1.ptx 1252 : 163840 1810272 0 0 0 0 0 0 0 
_1.ptx 1253 : 163840 1812160 0 0 0 0 0 0 0 
_1.ptx 1254 : 163840 1809856 0 0 0 0 0 0 0 
_1.ptx 1255 : 163840 1161408 0 0 0 0 0 0 0 
_1.ptx 1256 : 163840 1925280 0 0 0 0 0 0 0 
_1.ptx 1257 : 163840 1808704 0 0 0 0 0 0 0 
_1.ptx 1258 : 163840 497184 0 0 0 0 0 0 0 
_1.ptx 1259 : 163840 993536 0 0 0 0 0 0 0 
_1.ptx 1260 : 163840 1177216 0 0 0 0 0 0 0 
_1.ptx 1264 : 9748480 2235498784 25560960 0 0 0 0 0 0 
_1.ptx 1265 : 9748480 39527104 0 0 0 0 0 0 0 
_1.ptx 1266 : 9748480 2675385920 35491456 0 0 0 0 0 0 
_1.ptx 1267 : 9748480 107572768 0 0 0 0 0 0 0 
_1.ptx 1268 : 9748480 88046752 0 0 0 0 0 0 0 
_1.ptx 1270 : 9748480 2856184160 38993920 0 0 0 0 0 0 
_1.ptx 1271 : 9748480 69054528 0 0 0 0 0 0 0 
_1.ptx 1272 : 9748480 107620480 0 0 0 0 0 0 0 
_1.ptx 1273 : 9748480 69092960 0 0 0 0 0 0 0 
_1.ptx 1274 : 9748480 60858880 0 0 0 0 0 0 0 
_1.ptx 1275 : 9748480 146608256 0 0 0 0 0 0 0 
_1.ptx 1276 : 9748480 68985856 0 0 0 0 0 0 0 
_1.ptx 1277 : 9748480 451167008 0 0 0 0 0 0 0 
_1.ptx 1279 : 9748480 107615776 0 0 0 0 0 0 0 
_1.ptx 1280 : 9748480 107566816 0 0 0 0 0 0 0 
_1.ptx 1281 : 9748480 107644832 0 0 0 0 0 0 0 
_1.ptx 1282 : 9748480 450639872 0 0 0 0 0 0 0 
_1.ptx 1283 : 9748480 88212736 0 0 0 0 0 0 0 
_1.ptx 1284 : 9748480 49162656 0 0 0 0 0 0 0 
_1.ptx 1285 : 9748480 98018400 0 0 0 0 0 0 0 
_1.ptx 1286 : 9748480 98336192 0 0 0 0 0 0 0 
_1.ptx 1287 : 9748480 98552352 0 0 0 0 0 0 0 
_1.ptx 1288 : 9748480 98663296 0 0 0 0 0 0 0 
_1.ptx 1289 : 9748480 98742816 0 0 0 0 0 0 0 
_1.ptx 1290 : 9748480 60381216 0 0 0 0 0 0 0 
_1.ptx 1291 : 9748480 78580544 0 0 0 0 0 0 0 
_1.ptx 1292 : 9748480 58076512 0 0 0 0 0 0 0 
_1.ptx 1294 : 163840 1648896 0 0 0 0 0 0 0 
_1.ptx 1295 : 163840 996480 0 0 0 0 0 0 0 
_1.ptx 1296 : 163840 1319104 0 0 0 0 0 0 0 
_1.ptx 1297 : 163840 966880 0 0 0 0 0 0 0 
_1.ptx 1300 : 4096 1010976 12032 0 0 0 0 0 0 
_1.ptx 1301 : 4096 20608 16384 0 0 128 128 0 0 
_1.ptx 1302 : 4096 45184 0 0 0 0 0 0 0 
_1.ptx 1303 : 4096 45344 0 0 0 0 0 0 0 
_1.ptx 1304 : 4096 45664 0 0 0 0 0 0 0 
_1.ptx 1305 : 4096 25312 0 0 0 0 0 0 0 
_1.ptx 1306 : 4096 32896 0 0 0 0 0 0 0 
_1.ptx 1307 : 4096 0 0 0 0 0 0 0 0 
_1.ptx 1310 : 4096 24672 0 0 0 0 0 0 0 
_1.ptx 1329 : 4096 24576 0 0 0 0 0 0 0 
_1.ptx 1330 : 4096 24576 0 0 0 0 0 0 0 
_1.ptx 1331 : 4096 60672 0 0 0 0 0 0 0 
_1.ptx 1332 : 4096 24576 0 0 0 0 0 0 0 
_1.ptx 1333 : 4096 45600 0 0 0 0 0 0 0 
_1.ptx 1334 : 4096 28800 0 0 0 0 0 0 0 
_1.ptx 1335 : 4096 24576 0 0 0 0 0 0 0 
_1.ptx 1336 : 4096 33152 0 0 0 0 0 0 0 
_1.ptx 1337 : 4096 0 0 0 0 0 0 0 0 
_1.ptx 1338 : 4096 1040992 128 0 0 0 0 0 0 
_1.ptx 1339 : 4096 24608 0 0 0 0 0 0 0 
_1.ptx 1340 : 4096 32896 0 0 0 0 0 0 0 
_1.ptx 1341 : 4096 12288 0 0 0 0 0 0 0 
_1.ptx 1342 : 4096 25056 0 0 0 0 0 0 0 
_1.ptx 1343 : 4096 33376 0 0 0 0 0 0 0 
_1.ptx 1344 : 4096 34464 0 0 0 0 0 0 0 
_1.ptx 1345 : 4096 1076352 128 0 0 0 0 0 0 
_1.ptx 1346 : 4096 24576 0 0 0 0 0 0 0 
_1.ptx 1347 : 4096 34240 0 0 0 0 0 0 0 
_1.ptx 1348 : 4096 24576 0 0 0 0 0 0 0 
_1.ptx 1349 : 4096 64352 0 0 0 0 0 0 0 
_1.ptx 1350 : 4096 28672 0 0 0 0 0 0 0 
_1.ptx 1351 : 4096 1043680 128 0 0 0 0 0 0 
_1.ptx 1352 : 4096 29024 0 0 0 0 0 0 0 
_1.ptx 1353 : 4096 47904 0 0 0 0 0 0 0 
_1.ptx 1354 : 4096 47072 0 0 0 0 0 0 0 
_1.ptx 1355 : 4096 43488 0 0 0 0 0 0 0 
_1.ptx 1356 : 4096 32640 0 0 0 0 0 0 0 
_1.ptx 1357 : 4096 30976 0 0 0 0 0 0 0 
_1.ptx 1358 : 4096 34688 0 0 0 0 0 0 0 
_1.ptx 1359 : 4096 35840 0 0 0 0 0 0 0 
_1.ptx 1360 : 4096 33056 0 0 0 0 0 0 0 
_1.ptx 1361 : 4096 32800 0 0 0 0 0 0 0 
_1.ptx 1362 : 4096 33056 0 0 0 0 0 0 0 
_1.ptx 1365 : 4096 0 0 0 0 0 0 0 0 
_1.ptx 1366 : 4096 35328 0 0 0 0 0 0 0 
_1.ptx 1367 : 4096 30016 0 0 0 0 0 0 0 
_1.ptx 1368 : 4096 31168 0 0 0 0 0 0 0 
_1.ptx 1369 : 4096 24864 0 0 0 0 0 0 0 
_1.ptx 1370 : 4096 29728 0 0 0 0 0 0 0 
_1.ptx 1374 : 327680 1993600 0 0 0 0 0 0 0 
_1.ptx 1375 : 327680 29928352 1310720 0 0 0 0 0 0 
_1.ptx 1377 : 327680 1990592 0 0 0 0 0 0 0 
_1.ptx 1378 : 327680 30494240 1310720 0 0 0 0 0 0 
_1.ptx 1379 : 327680 3299552 0 0 0 0 0 0 0 
_1.ptx 1380 : 327680 3313856 0 0 0 0 0 0 0 
_1.ptx 1381 : 327680 3318176 0 0 0 0 0 0 0 
_1.ptx 1382 : 327680 2647744 0 0 0 0 0 0 0 
_1.ptx 1383 : 327680 1974240 0 0 0 0 0 0 0 
_1.ptx 1386 : 4096 0 0 0 0 0 0 0 0 
_1.ptx 1387 : 4096 29376 0 0 0 0 0 0 0 
_1.ptx 1388 : 4096 25824 0 0 0 0 0 0 0 
_1.ptx 1389 : 4096 29504 0 0 0 0 0 0 0 
_1.ptx 1393 : 163840 1854784 0 0 0 0 0 0 0 
_1.ptx 1394 : 163840 1433024 0 0 0 0 0 0 0 
_1.ptx 1395 : 163840 1547968 0 0 0 0 0 0 0 
_1.ptx 1396 : 163840 0 0 0 0 0 0 0 0 
_1.ptx 1397 : 163840 2020736 0 0 0 0 0 0 0 
_1.ptx 1398 : 163840 1870688 0 0 0 0 0 0 0 
_1.ptx 1399 : 163840 694176 0 0 0 0 0 0 0 
_1.ptx 1400 : 163840 2783040 0 0 0 0 0 0 0 
_1.ptx 1401 : 163840 1391328 0 0 0 0 0 0 0 
_1.ptx 1402 : 163840 3063456 0 0 0 0 0 0 0 
_1.ptx 1403 : 163840 1958432 0 0 0 0 0 0 0 
_1.ptx 1404 : 163840 1418784 0 0 0 0 0 0 0 
_1.ptx 1405 : 163840 2235776 0 0 0 0 0 0 0 
_1.ptx 1406 : 163840 1953248 0 0 0 0 0 0 0 
_1.ptx 1407 : 163840 46312800 655360 0 0 0 0 0 0 
_1.ptx 1408 : 163840 1958528 0 0 0 0 0 0 0 
_1.ptx 1409 : 163840 1408288 0 0 0 0 0 0 0 
_1.ptx 1410 : 163840 1348480 0 0 0 0 0 0 0 
_1.ptx 1411 : 163840 1422784 0 0 0 0 0 0 0 
_1.ptx 1415 : 9748480 118497792 0 0 0 0 0 0 0 
_1.ptx 1416 : 9748480 82619712 0 0 0 0 0 0 0 
_1.ptx 1417 : 9748480 137239648 0 0 0 0 0 0 0 
_1.ptx 1418 : 9748480 118189536 0 0 0 0 0 0 0 
_1.ptx 1419 : 9748480 42658208 512 0 0 0 0 0 0 
_1.ptx 1421 : 9748480 116870208 0 0 0 0 0 0 0 
_1.ptx 1422 : 9748480 150565920 1245568 0 0 0 0 0 0 
_1.ptx 1423 : 9748480 118918336 0 0 0 0 0 0 0 
_1.ptx 1424 : 9748480 119034944 0 0 0 0 0 0 0 
_1.ptx 1425 : 9748480 83892352 0 0 0 0 0 0 0 
_1.ptx 1426 : 9748480 78471328 0 0 0 0 0 0 0 
_1.ptx 1427 : 9748480 157981280 0 0 0 0 0 0 0 
_1.ptx 1428 : 9748480 83030176 0 0 0 0 0 0 0 
_1.ptx 1429 : 9748480 478647648 0 0 0 0 0 0 0 
_1.ptx 1430 : 9748480 121162432 0 0 0 0 0 0 0 
_1.ptx 1432 : 9748480 122698144 0 0 0 0 0 0 0 
_1.ptx 1433 : 9748480 88538496 0 0 0 0 0 0 0 
_1.ptx 1434 : 9748480 91052192 0 0 0 0 0 0 0 
_1.ptx 1435 : 9748480 91766816 0 0 0 0 0 0 0 
_1.ptx 1436 : 9748480 87406976 0 0 0 0 0 0 0 
_1.ptx 1437 : 9748480 160305248 0 0 0 0 0 0 0 
_1.ptx 1438 : 9748480 157384704 0 0 0 0 0 0 0 
_1.ptx 1439 : 9748480 164558784 0 0 0 0 0 0 0 
_1.ptx 1440 : 9748480 87798368 0 0 0 0 0 0 0 
_1.ptx 1441 : 9748480 80717472 0 0 0 0 0 0 0 
_1.ptx 1442 : 9748480 126296288 0 0 0 0 0 0 0 
_1.ptx 1443 : 9748480 170799296 0 0 0 0 0 0 0 
_1.ptx 1444 : 9748480 120554720 0 0 0 0 0 0 0 
_1.ptx 1445 : 9748480 50945056 0 0 0 0 0 0 0 
_1.ptx 1446 : 9748480 111299072 0 0 0 0 0 0 0 
_1.ptx 1447 : 9748480 113093920 0 0 0 0 0 0 0 
_1.ptx 1448 : 9748480 91352480 0 0 0 0 0 0 0 
_1.ptx 1449 : 9748480 72226816 0 0 0 0 0 0 0 
_1.ptx 1451 : 163840 1428128 0 0 0 0 0 0 0 
_1.ptx 1452 : 163840 1554944 0 0 0 0 0 0 0 
_1.ptx 1453 : 163840 1239872 0 0 0 0 0 0 0 
_1.ptx 1456 : 4096 0 0 0 0 0 0 0 0 
_1.ptx 1457 : 4096 47232 0 0 0 0 0 0 0 
_1.ptx 1458 : 4096 30752 0 0 0 0 0 0 0 
_1.ptx 1459 : 4096 28448 0 0 0 0 0 0 0 
_1.ptx 1460 : 4096 31936 0 0 0 0 0 0 0 
_1.ptx 1461 : 4096 462848 0 0 0 0 0 0 0 
_1.ptx 1462 : 4096 47328 0 0 0 0 0 0 0 
_1.ptx 1463 : 4096 31680 0 0 0 0 0 0 0 
_1.ptx 1464 : 4096 32096 0 0 0 0 0 0 0 
_1.ptx 1465 : 4096 12320 0 0 0 0 0 0 0 
_1.ptx 1466 : 4096 27904 0 0 0 0 0 0 0 
_1.ptx 1467 : 4096 27808 0 0 0 0 0 0 0 
_1.ptx 1468 : 4096 31808 0 0 0 0 0 0 0 
_1.ptx 1472 : 163840 1194592 0 0 0 0 0 0 0 
_1.ptx 1473 : 163840 659264 0 0 0 0 0 0 0 
_1.ptx 1474 : 163840 1824096 0 0 0 0 0 0 0 
_1.ptx 1475 : 163840 1184960 0 0 0 0 0 0 0 
_1.ptx 1476 : 163840 1027872 0 0 0 0 0 0 0 
_1.ptx 1477 : 163840 2485888 0 0 0 0 0 0 0 
_1.ptx 1478 : 163840 75752160 0 0 0 0 0 0 0 
_1.ptx 1479 : 163840 1185568 0 0 0 0 0 0 0 
_1.ptx 1481 : 163840 1494336 0 0 0 0 0 0 0 
_1.ptx 1483 : 163840 835360 655360 0 0 0 0 0 0 
_1.ptx 1485 : 163840 822432 655360 0 0 0 0 0 0 
_1.ptx 1486 : 163840 1662336 0 0 0 0 0 0 0 
_1.ptx 1487 : 163840 1671872 0 0 0 0 0 0 0 
_1.ptx 1488 : 163840 1675872 0 0 0 0 0 0 0 
_1.ptx 1489 : 163840 1690272 0 0 0 0 0 0 0 
_1.ptx 1490 : 163840 1469440 0 0 0 0 0 0 0 
_1.ptx 1491 : 163840 996224 0 0 0 0 0 0 0 
_1.ptx 1493 : 4096 0 0 0 0 0 0 0 0 
_1.ptx 1494 : 4096 29888 0 0 0 0 0 0 0 
_1.ptx 1495 : 4096 29664 0 0 0 0 0 0 0 
_1.ptx 1496 : 4096 29760 0 0 0 0 0 0 0 
_1.ptx 1497 : 4096 26496 0 0 0 0 0 0 0 
_1.ptx 1498 : 4096 25504 0 0 0 0 0 0 0 
_1.ptx 1499 : 4096 29056 0 0 0 0 0 0 0 
_1.ptx 1503 : 61440 325728 256 0 0 0 0 0 0 
_1.ptx 1504 : 61440 433024 0 0 0 0 0 0 0 
_1.ptx 1505 : 61440 10791680 0 0 0 0 0 0 0 
_1.ptx 1506 : 61440 676672 0 0 0 0 0 0 0 
_1.ptx 1507 : 61440 3224096 0 0 0 0 0 0 0 
_1.ptx 1508 : 61440 322720 128 0 0 0 0 0 0 
_1.ptx 1509 : 61440 676928 0 0 0 0 0 0 0 
_1.ptx 1510 : 61440 3222112 0 0 0 0 0 0 0 
_1.ptx 1511 : 61440 556320 0 0 0 0 0 0 0 
_1.ptx 1512 : 61440 437152 0 0 0 0 0 0 0 
_1.ptx 1513 : 61440 378848 0 0 0 0 0 0 0 
_1.ptx 1514 : 61440 929248 0 0 0 0 0 0 0 
_1.ptx 1515 : 61440 441184 0 0 0 0 0 0 0 
_1.ptx 1517 : 61440 443904 0 0 0 0 0 0 0 
_1.ptx 1518 : 61440 447936 0 0 0 0 0 0 0 
_1.ptx 1519 : 61440 398528 0 0 0 0 0 0 0 
_1.ptx 1520 : 61440 993024 0 0 0 0 0 0 0 
_1.ptx 1521 : 61440 445888 0 0 0 0 0 0 0 
_1.ptx 1522 : 61440 385728 0 0 0 0 0 0 0 
_1.ptx 1523 : 61440 503808 0 0 0 0 0 0 0 
_1.ptx 1524 : 61440 563168 0 0 0 0 0 0 0 
_1.ptx 1525 : 61440 626752 0 0 0 0 0 0 0 
_1.ptx 1526 : 61440 633024 0 0 0 0 0 0 0 
_1.ptx 1527 : 61440 633856 0 0 0 0 0 0 0 
_1.ptx 1528 : 61440 495712 0 0 0 0 0 0 0 
_1.ptx 1529 : 61440 348576 0 0 0 0 0 0 0 
_1.ptx 1530 : 4096 25248 0 0 0 0 0 0 0 
_1.ptx 1534 : 4096 0 0 0 0 0 0 0 0 
_1.ptx 1535 : 4096 29216 0 0 0 0 0 0 0 
_1.ptx 1536 : 4096 25024 0 0 0 0 0 0 0 
_1.ptx 1537 : 4096 12320 0 0 0 0 0 0 0 
_1.ptx 1538 : 4096 24896 0 0 0 0 0 0 0 
_1.ptx 1539 : 4096 24928 0 0 0 0 0 0 0 
_1.ptx 1540 : 4096 28896 0 0 0 0 0 0 0 
_1.ptx 1544 : 163840 1161824 0 0 0 0 0 0 0 
_1.ptx 1545 : 163840 11336384 104960 0 0 0 0 0 0 
_1.ptx 1546 : 163840 1810336 0 0 0 0 0 0 0 
_1.ptx 1547 : 163840 1158592 0 0 0 0 0 0 0 
_1.ptx 1548 : 163840 997952 0 0 0 0 0 0 0 
_1.ptx 1549 : 163840 2467808 0 0 0 0 0 0 0 
_1.ptx 1550 : 163840 75727552 0 0 0 0 0 0 0 
_1.ptx 1551 : 163840 1156672 0 0 0 0 0 0 0 
_1.ptx 1552 : 163840 1650176 0 0 0 0 0 0 0 
_1.ptx 1553 : 163840 1650272 0 0 0 0 0 0 0 
_1.ptx 1554 : 163840 1317056 0 0 0 0 0 0 0 
_1.ptx 1555 : 163840 971904 0 0 0 0 0 0 0 
_1.ptx 1556 : 4096 25248 0 0 0 0 0 0 0 
_1.ptx 1561 : 4096 45664 0 0 0 0 0 0 0 
_1.ptx 1563 : 4096 20544 16384 0 0 128 128 0 0 
_1.ptx 1564 : 4096 45248 0 0 0 0 0 0 0 
_1.ptx 1565 : 4096 45280 0 0 0 0 0 0 0 
_1.ptx 1566 : 4096 25440 0 0 0 0 0 0 0 
_1.ptx 1567 : 4096 32896 0 0 0 0 0 0 0 
_1.ptx 1568 : 4096 0 0 0 0 0 0 0 0 
_1.ptx 1571 : 4096 24608 0 0 0 0 0 0 0 
