kernel line : count latency dram_traffic smem_bk_conflicts smem_warp gmem_access_generated gmem_warp exposed_latency warp_divergence
_1.ptx 823 : 4096 24576 0 0 0 0 0 0 0 
_1.ptx 824 : 4096 24576 0 0 0 0 0 0 0 
_1.ptx 825 : 4096 60672 0 0 0 0 0 0 0 
_1.ptx 826 : 4096 24576 0 0 0 0 0 0 0 
_1.ptx 827 : 4096 45504 0 0 0 0 0 0 0 
_1.ptx 828 : 4096 29472 0 0 0 0 0 0 0 
_1.ptx 829 : 4096 24576 0 0 0 0 0 0 0 
_1.ptx 830 : 4096 33344 0 0 0 0 0 0 0 
_1.ptx 831 : 4096 0 0 0 0 0 0 0 0 
_1.ptx 832 : 4096 12288 0 0 0 0 0 0 0 
_1.ptx 833 : 4096 24576 0 0 0 0 0 0 0 
_1.ptx 834 : 4096 32768 0 0 0 0 0 0 0 
_1.ptx 835 : 4096 12288 0 0 0 0 0 0 0 
_1.ptx 836 : 4096 26112 0 0 0 0 0 0 0 
_1.ptx 837 : 4096 34848 0 0 0 0 0 0 0 
_1.ptx 838 : 4096 47328 0 0 0 0 0 0 0 
_1.ptx 839 : 4096 12288 0 0 0 0 0 0 0 
_1.ptx 840 : 4096 30016 0 0 0 0 0 0 0 
_1.ptx 841 : 4096 36800 0 0 0 0 0 0 0 
_1.ptx 842 : 4096 35232 0 0 0 0 0 0 0 
_1.ptx 843 : 4096 45664 0 0 0 0 0 0 0 
_1.ptx 844 : 4096 29632 0 0 0 0 0 0 0 
_1.ptx 845 : 4096 51392 0 0 0 0 0 0 0 
_1.ptx 846 : 4096 30080 0 0 0 0 0 0 0 
_1.ptx 847 : 4096 35488 0 0 0 0 0 0 0 
_1.ptx 848 : 4096 46240 0 0 0 0 0 0 0 
_1.ptx 849 : 4096 32896 0 0 0 0 0 0 0 
_1.ptx 850 : 4096 46272 0 0 0 0 0 0 0 
_1.ptx 851 : 4096 30496 0 0 0 0 0 0 0 
_1.ptx 852 : 4096 25632 0 0 0 0 0 0 0 
_1.ptx 853 : 4096 33888 0 0 0 0 0 0 0 
_1.ptx 854 : 4096 26912 0 0 0 0 0 0 0 
_1.ptx 855 : 4096 34560 0 0 0 0 0 0 0 
_1.ptx 856 : 4096 12288 0 0 0 0 0 0 0 
_1.ptx 857 : 4096 46624 0 0 0 0 0 0 0 
_1.ptx 858 : 4096 44928 0 0 0 0 0 0 0 
_1.ptx 859 : 4096 12288 0 0 0 0 0 0 0 
_1.ptx 860 : 4096 46880 0 0 0 0 0 0 0 
_1.ptx 861 : 4096 28800 0 0 0 0 0 0 0 
_1.ptx 862 : 4096 29408 0 0 0 0 0 0 0 
_1.ptx 863 : 4096 29216 0 0 0 0 0 0 0 
_1.ptx 864 : 4096 30528 0 0 0 0 0 0 0 
_1.ptx 865 : 4096 28096 0 0 0 0 0 0 0 
_1.ptx 866 : 4096 29920 0 0 0 0 0 0 0 
_1.ptx 867 : 4096 24576 0 0 0 0 0 0 0 
_1.ptx 868 : 4096 24576 0 0 0 0 0 0 0 
_1.ptx 869 : 4096 25600 0 0 0 0 0 0 0 
_1.ptx 870 : 4096 25376 0 0 0 0 0 0 0 
_1.ptx 873 : 4096 0 0 0 0 0 0 0 0 
_1.ptx 874 : 4096 28992 0 0 0 0 0 0 0 
_1.ptx 875 : 4096 26400 0 0 0 0 0 0 0 
_1.ptx 876 : 4096 26496 0 0 0 0 0 0 0 
_1.ptx 877 : 4096 25024 0 0 0 0 0 0 0 
_1.ptx 878 : 4096 29632 0 0 0 0 0 0 0 
_1.ptx 882 : 327680 1970848 0 0 0 0 0 0 0 
_1.ptx 883 : 327680 31418464 1310720 0 0 0 0 0 0 
_1.ptx 885 : 327680 1969152 0 0 0 0 0 0 0 
_1.ptx 886 : 327680 32201728 1310720 0 0 0 0 0 0 
_1.ptx 887 : 327680 3285088 0 0 0 0 0 0 0 
_1.ptx 888 : 327680 3286816 0 0 0 0 0 0 0 
_1.ptx 889 : 327680 3295552 0 0 0 0 0 0 0 
_1.ptx 890 : 327680 2630784 0 0 0 0 0 0 0 
_1.ptx 891 : 327680 1951680 0 0 0 0 0 0 0 
_1.ptx 894 : 4096 0 0 0 0 0 0 0 0 
_1.ptx 895 : 4096 28960 0 0 0 0 0 0 0 
_1.ptx 896 : 4096 24800 0 0 0 0 0 0 0 
_1.ptx 897 : 4096 24640 0 0 0 0 0 0 0 
_1.ptx 898 : 4096 24672 0 0 0 0 0 0 0 
_1.ptx 899 : 4096 28736 0 0 0 0 0 0 0 
_1.ptx 903 : 327680 128566336 1309952 0 0 0 0 0 0 
_1.ptx 904 : 327680 4454336 1276416 0 0 0 0 0 0 
_1.ptx 905 : 327680 3285888 0 0 0 0 0 0 0 
_1.ptx 906 : 327680 3284832 0 0 0 0 0 0 0 
_1.ptx 907 : 327680 3306144 0 0 0 0 0 0 0 
_1.ptx 908 : 327680 2629792 0 0 0 0 0 0 0 
_1.ptx 909 : 327680 1953952 0 0 0 0 0 0 0 
_1.ptx 911 : 4096 0 0 0 0 0 0 0 0 
_1.ptx 912 : 4096 29216 0 0 0 0 0 0 0 
_1.ptx 913 : 4096 26304 0 0 0 0 0 0 0 
_1.ptx 914 : 4096 29632 0 0 0 0 0 0 0 
_1.ptx 918 : 163840 1722208 0 0 0 0 0 0 0 
_1.ptx 919 : 163840 1244192 0 0 0 0 0 0 0 
_1.ptx 920 : 163840 1383936 0 0 0 0 0 0 0 
_1.ptx 921 : 163840 0 0 0 0 0 0 0 0 
_1.ptx 922 : 163840 1864224 0 0 0 0 0 0 0 
_1.ptx 923 : 163840 1721248 0 0 0 0 0 0 0 
_1.ptx 924 : 163840 492608 0 0 0 0 0 0 0 
_1.ptx 925 : 163840 2445376 0 0 0 0 0 0 0 
_1.ptx 926 : 163840 2841856 0 0 0 0 0 0 0 
_1.ptx 927 : 163840 1849920 0 0 0 0 0 0 0 
_1.ptx 928 : 163840 1246464 0 0 0 0 0 0 0 
_1.ptx 929 : 163840 1780992 0 0 0 0 0 0 0 
_1.ptx 930 : 163840 1857344 0 0 0 0 0 0 0 
_1.ptx 931 : 163840 1263392 0 0 0 0 0 0 0 
_1.ptx 932 : 163840 1770080 0 0 0 0 0 0 0 
_1.ptx 933 : 163840 1849248 0 0 0 0 0 0 0 
_1.ptx 934 : 163840 50909152 655360 0 0 0 0 0 0 
_1.ptx 935 : 163840 1851072 0 0 0 0 0 0 0 
_1.ptx 936 : 163840 1248608 0 0 0 0 0 0 0 
_1.ptx 937 : 163840 1154592 0 0 0 0 0 0 0 
_1.ptx 938 : 163840 1257184 0 0 0 0 0 0 0 
_1.ptx 942 : 9748480 110216928 0 0 0 0 0 0 0 
_1.ptx 943 : 9748480 73487840 0 0 0 0 0 0 0 
_1.ptx 944 : 9748480 104473664 0 0 0 0 0 0 0 
_1.ptx 945 : 9748480 110599232 0 0 0 0 0 0 0 
_1.ptx 946 : 9748480 39884960 0 0 0 0 0 0 0 
_1.ptx 948 : 9748480 110052928 0 0 0 0 0 0 0 
_1.ptx 949 : 9748480 2585517632 31298176 0 0 0 0 0 0 
_1.ptx 950 : 9748480 110260928 0 0 0 0 0 0 0 
_1.ptx 951 : 9748480 110620608 0 0 0 0 0 0 0 
_1.ptx 952 : 9748480 73532672 0 0 0 0 0 0 0 
_1.ptx 953 : 9748480 65554368 0 0 0 0 0 0 0 
_1.ptx 954 : 9748480 150029088 0 0 0 0 0 0 0 
_1.ptx 955 : 9748480 73059456 0 0 0 0 0 0 0 
_1.ptx 956 : 9748480 456879232 0 0 0 0 0 0 0 
_1.ptx 957 : 9748480 110182528 0 0 0 0 0 0 0 
_1.ptx 959 : 9748480 110620448 0 0 0 0 0 0 0 
_1.ptx 960 : 9748480 73613504 0 0 0 0 0 0 0 
_1.ptx 961 : 9748480 74710656 0 0 0 0 0 0 0 
_1.ptx 962 : 9748480 75341696 0 0 0 0 0 0 0 
_1.ptx 963 : 9748480 69020640 0 0 0 0 0 0 0 
_1.ptx 964 : 9748480 150017088 0 0 0 0 0 0 0 
_1.ptx 965 : 9748480 148913248 0 0 0 0 0 0 0 
_1.ptx 966 : 9748480 157699872 0 0 0 0 0 0 0 
_1.ptx 967 : 9748480 72828768 0 0 0 0 0 0 0 
_1.ptx 968 : 9748480 64282208 0 0 0 0 0 0 0 
_1.ptx 969 : 9748480 111793888 0 0 0 0 0 0 0 
_1.ptx 970 : 9748480 144631744 0 0 0 0 0 0 0 
_1.ptx 971 : 9748480 110577920 0 0 0 0 0 0 0 
_1.ptx 972 : 9748480 49868096 0 0 0 0 0 0 0 
_1.ptx 974 : 9748480 110081472 0 0 0 0 0 0 0 
_1.ptx 975 : 9748480 73558304 0 0 0 0 0 0 0 
_1.ptx 976 : 9748480 105342464 0 0 0 0 0 0 0 
_1.ptx 977 : 9748480 110012224 0 0 0 0 0 0 0 
_1.ptx 978 : 9748480 49476640 38993920 0 0 0 0 0 0 
_1.ptx 979 : 9748480 101017440 0 0 0 0 0 0 0 
_1.ptx 980 : 9748480 101623872 0 0 0 0 0 0 0 
_1.ptx 981 : 9748480 81842240 0 0 0 0 0 0 0 
_1.ptx 982 : 9748480 62506560 0 0 0 0 0 0 0 
_1.ptx 984 : 163840 1241088 0 0 0 0 0 0 0 
_1.ptx 985 : 163840 1382240 0 0 0 0 0 0 0 
_1.ptx 986 : 163840 1051296 0 0 0 0 0 0 0 
_1.ptx 989 : 4096 0 0 0 0 0 0 0 0 
_1.ptx 990 : 4096 30048 0 0 0 0 0 0 0 
_1.ptx 991 : 4096 30400 0 0 0 0 0 0 0 
_1.ptx 992 : 4096 30720 0 0 0 0 0 0 0 
_1.ptx 993 : 4096 28224 0 0 0 0 0 0 0 
_1.ptx 994 : 4096 27456 0 0 0 0 0 0 0 
_1.ptx 995 : 4096 53344 0 0 0 0 0 0 0 
_1.ptx 996 : 4096 45792 0 0 0 0 0 0 0 
_1.ptx 997 : 4096 12416 0 0 0 0 0 0 0 
_1.ptx 998 : 4096 26240 0 0 0 0 0 0 0 
_1.ptx 999 : 4096 27264 0 0 0 0 0 0 0 
_1.ptx 1000 : 4096 30944 0 0 0 0 0 0 0 
_1.ptx 1004 : 163840 1207648 0 0 0 0 0 0 0 
_1.ptx 1005 : 163840 23380992 128256 0 0 0 0 0 0 
_1.ptx 1006 : 163840 1831712 0 0 0 0 0 0 0 
_1.ptx 1007 : 163840 1201728 0 0 0 0 0 0 0 
_1.ptx 1008 : 163840 1056736 0 0 0 0 0 0 0 
_1.ptx 1009 : 163840 2496480 0 0 0 0 0 0 0 
_1.ptx 1010 : 163840 1196704 0 0 0 0 0 0 0 
_1.ptx 1011 : 163840 8783616 0 0 0 0 0 0 0 
_1.ptx 1013 : 163840 1502656 0 0 0 0 0 0 0 
_1.ptx 1015 : 163840 847072 655360 0 0 0 0 0 0 
_1.ptx 1017 : 163840 831232 655360 0 0 0 0 0 0 
_1.ptx 1018 : 163840 1677824 0 0 0 0 0 0 0 
_1.ptx 1019 : 163840 1692032 0 0 0 0 0 0 0 
_1.ptx 1020 : 163840 1694528 0 0 0 0 0 0 0 
_1.ptx 1021 : 163840 1710816 0 0 0 0 0 0 0 
_1.ptx 1022 : 163840 1366560 0 0 0 0 0 0 0 
_1.ptx 1023 : 163840 1006304 0 0 0 0 0 0 0 
_1.ptx 1025 : 4096 0 0 0 0 0 0 0 0 
_1.ptx 1026 : 4096 29472 0 0 0 0 0 0 0 
_1.ptx 1027 : 4096 26688 0 0 0 0 0 0 0 
_1.ptx 1028 : 4096 25664 0 0 0 0 0 0 0 
_1.ptx 1029 : 4096 25792 0 0 0 0 0 0 0 
_1.ptx 1030 : 4096 29632 0 0 0 0 0 0 0 
_1.ptx 1034 : 163840 1026464 0 0 0 0 0 0 0 
_1.ptx 1035 : 163840 897504 655360 0 0 0 0 0 0 
_1.ptx 1037 : 163840 1023136 0 0 0 0 0 0 0 
_1.ptx 1038 : 163840 905632 655360 0 0 0 0 0 0 
_1.ptx 1039 : 163840 1674144 0 0 0 0 0 0 0 
_1.ptx 1040 : 163840 1681824 0 0 0 0 0 0 0 
_1.ptx 1041 : 163840 1692800 0 0 0 0 0 0 0 
_1.ptx 1042 : 163840 1341472 0 0 0 0 0 0 0 
_1.ptx 1043 : 163840 997568 0 0 0 0 0 0 0 
_1.ptx 1045 : 4096 0 0 0 0 0 0 0 0 
_1.ptx 1046 : 4096 30112 0 0 0 0 0 0 0 
_1.ptx 1047 : 4096 30080 0 0 0 0 0 0 0 
_1.ptx 1048 : 4096 29920 0 0 0 0 0 0 0 
_1.ptx 1049 : 4096 26944 0 0 0 0 0 0 0 
_1.ptx 1050 : 4096 25728 0 0 0 0 0 0 0 
_1.ptx 1051 : 4096 29440 0 0 0 0 0 0 0 
_1.ptx 1055 : 61440 253536 0 0 0 0 0 0 0 
_1.ptx 1056 : 61440 253152 0 0 0 0 0 0 0 
_1.ptx 1057 : 61440 442848 0 0 0 0 0 0 0 
_1.ptx 1058 : 61440 1310112 0 0 0 0 0 0 0 
_1.ptx 1059 : 61440 683776 0 0 0 0 0 0 0 
_1.ptx 1060 : 61440 5418464 45440 0 0 0 0 0 0 
_1.ptx 1061 : 61440 683264 0 0 0 0 0 0 0 
_1.ptx 1062 : 61440 5342688 41728 0 0 0 0 0 0 
_1.ptx 1063 : 61440 561408 0 0 0 0 0 0 0 
_1.ptx 1064 : 61440 445184 0 0 0 0 0 0 0 
_1.ptx 1065 : 61440 387616 0 0 0 0 0 0 0 
_1.ptx 1066 : 61440 932832 0 0 0 0 0 0 0 
_1.ptx 1067 : 61440 446624 0 0 0 0 0 0 0 
_1.ptx 1068 : 61440 400320 0 0 0 0 0 0 0 
_1.ptx 1069 : 61440 503648 0 0 0 0 0 0 0 
_1.ptx 1070 : 61440 0 0 0 0 0 0 0 0 
_1.ptx 1072 : 61440 384960 0 0 0 0 0 0 0 
_1.ptx 1073 : 61440 561696 0 0 0 0 0 0 0 
_1.ptx 1075 : 61440 688384 0 0 0 0 0 0 0 
_1.ptx 1076 : 61440 3422720 2432 0 0 0 0 0 0 
_1.ptx 1077 : 61440 379712 0 0 0 0 0 0 0 
_1.ptx 1078 : 61440 561216 0 0 0 0 0 0 0 
_1.ptx 1079 : 61440 316608 0 0 0 0 0 0 0 
_1.ptx 1081 : 61440 685216 0 0 0 0 0 0 0 
_1.ptx 1082 : 61440 3392768 1920 0 0 0 0 0 0 
_1.ptx 1083 : 61440 381056 0 0 0 0 0 0 0 
_1.ptx 1084 : 61440 684512 0 0 0 0 0 0 0 
_1.ptx 1085 : 61440 312384 0 0 0 0 0 0 0 
_1.ptx 1087 : 61440 625472 0 0 0 0 0 0 0 
_1.ptx 1088 : 61440 626880 0 0 0 0 0 0 0 
_1.ptx 1089 : 61440 633280 0 0 0 0 0 0 0 
_1.ptx 1090 : 61440 501280 0 0 0 0 0 0 0 
_1.ptx 1091 : 61440 354816 0 0 0 0 0 0 0 
_1.ptx 1092 : 4096 25696 0 0 0 0 0 0 0 
_1.ptx 1096 : 4096 0 0 0 0 0 0 0 0 
_1.ptx 1097 : 4096 29824 0 0 0 0 0 0 0 
_1.ptx 1098 : 4096 45824 0 0 0 0 0 0 0 
_1.ptx 1099 : 4096 31936 0 0 0 0 0 0 0 
_1.ptx 1100 : 4096 77632 0 0 0 0 0 0 0 
_1.ptx 1101 : 4096 45696 0 0 0 0 0 0 0 
_1.ptx 1102 : 4096 45792 0 0 0 0 0 0 0 
_1.ptx 1103 : 4096 46432 0 0 0 0 0 0 0 
_1.ptx 1104 : 4096 30720 0 0 0 0 0 0 0 
_1.ptx 1105 : 4096 69984 0 0 0 0 0 0 0 
_1.ptx 1106 : 4096 45632 0 0 0 0 0 0 0 
_1.ptx 1107 : 4096 12352 0 0 0 0 0 0 0 
_1.ptx 1108 : 4096 29920 0 0 0 0 0 0 0 
_1.ptx 1112 : 163840 666112 0 0 0 0 0 0 0 
_1.ptx 1113 : 163840 1168992 0 0 0 0 0 0 0 
_1.ptx 1114 : 163840 667936 0 0 0 0 0 0 0 
_1.ptx 1115 : 163840 1489248 0 0 0 0 0 0 0 
_1.ptx 1116 : 163840 946656 0 0 0 0 0 0 0 
_1.ptx 1118 : 163840 42588128 531200 0 0 0 0 0 0 
_1.ptx 1119 : 163840 1815808 0 0 0 0 0 0 0 
_1.ptx 1120 : 163840 1169728 0 0 0 0 0 0 0 
_1.ptx 1121 : 163840 1014752 0 0 0 0 0 0 0 
_1.ptx 1122 : 163840 2473408 0 0 0 0 0 0 0 
_1.ptx 1123 : 163840 1166784 0 0 0 0 0 0 0 
_1.ptx 1124 : 163840 12903136 0 0 0 0 0 0 0 
_1.ptx 1125 : 163840 47687616 595072 0 0 0 0 0 0 
_1.ptx 1126 : 163840 1814976 0 0 0 0 0 0 0 
_1.ptx 1127 : 163840 1815520 0 0 0 0 0 0 0 
_1.ptx 1128 : 163840 1165536 0 0 0 0 0 0 0 
_1.ptx 1129 : 163840 835328 0 0 0 0 0 0 0 
_1.ptx 1130 : 163840 1327136 0 0 0 0 0 0 0 
_1.ptx 1131 : 163840 24608 0 0 0 0 0 0 0 
_1.ptx 1133 : 159744 45394336 545664 0 0 0 0 0 0 
_1.ptx 1134 : 159744 1771040 0 0 0 0 0 0 0 
_1.ptx 1135 : 159744 820128 0 0 0 0 0 0 0 
_1.ptx 1137 : 159744 45468064 541568 0 0 0 0 0 0 
_1.ptx 1138 : 159744 1768128 0 0 0 0 0 0 0 
_1.ptx 1139 : 159744 1141984 0 0 0 0 0 0 0 
_1.ptx 1140 : 159744 1005024 0 0 0 0 0 0 0 
_1.ptx 1141 : 159744 2410272 0 0 0 0 0 0 0 
_1.ptx 1142 : 159744 1138240 0 0 0 0 0 0 0 
_1.ptx 1143 : 159744 12551040 0 0 0 0 0 0 0 
_1.ptx 1144 : 159744 1769792 0 0 0 0 0 0 0 
_1.ptx 1145 : 159744 813376 0 0 0 0 0 0 0 
_1.ptx 1147 : 163840 1653760 0 0 0 0 0 0 0 
_1.ptx 1148 : 163840 1661280 0 0 0 0 0 0 0 
_1.ptx 1149 : 163840 1663968 0 0 0 0 0 0 0 
_1.ptx 1150 : 163840 1674336 0 0 0 0 0 0 0 
_1.ptx 1151 : 163840 1672800 0 0 0 0 0 0 0 
_1.ptx 1152 : 163840 1336096 0 0 0 0 0 0 0 
_1.ptx 1153 : 163840 977824 0 0 0 0 0 0 0 
_1.ptx 1155 : 4096 0 0 0 0 0 0 0 0 
_1.ptx 1156 : 4096 29056 0 0 0 0 0 0 0 
_1.ptx 1157 : 4096 25792 0 0 0 0 0 0 0 
_1.ptx 1158 : 4096 12384 0 0 0 0 0 0 0 
_1.ptx 1159 : 4096 24864 0 0 0 0 0 0 0 
_1.ptx 1160 : 4096 24704 0 0 0 0 0 0 0 
_1.ptx 1161 : 4096 28992 0 0 0 0 0 0 0 
_1.ptx 1165 : 163840 1151616 0 0 0 0 0 0 0 
_1.ptx 1166 : 163840 49002720 655360 0 0 0 0 0 0 
_1.ptx 1167 : 163840 1806048 0 0 0 0 0 0 0 
_1.ptx 1168 : 163840 1153696 0 0 0 0 0 0 0 
_1.ptx 1169 : 163840 991264 0 0 0 0 0 0 0 
_1.ptx 1170 : 163840 2462208 0 0 0 0 0 0 0 
_1.ptx 1171 : 163840 74996032 0 0 0 0 0 0 0 
_1.ptx 1172 : 163840 1153024 0 0 0 0 0 0 0 
_1.ptx 1173 : 163840 1644064 0 0 0 0 0 0 0 
_1.ptx 1174 : 163840 1644384 0 0 0 0 0 0 0 
_1.ptx 1175 : 163840 1315200 0 0 0 0 0 0 0 
_1.ptx 1176 : 163840 963072 0 0 0 0 0 0 0 
_1.ptx 1177 : 4096 24672 0 0 0 0 0 0 0 
_1.ptx 1182 : 4096 45344 0 0 0 0 0 0 0 
_1.ptx 1183 : 4096 0 0 0 0 0 0 0 0 
_1.ptx 1184 : 4096 28960 0 0 0 0 0 0 0 
_1.ptx 1185 : 4096 12352 0 0 0 0 0 0 0 
_1.ptx 1186 : 4096 45088 0 0 0 0 0 0 0 
_1.ptx 1187 : 4096 24672 0 0 0 0 0 0 0 
_1.ptx 1188 : 4096 28704 0 0 0 0 0 0 0 
_1.ptx 1189 : 4096 28864 0 0 0 0 0 0 0 
_1.ptx 1190 : 4096 24768 0 0 0 0 0 0 0 
_1.ptx 1191 : 4096 28832 0 0 0 0 0 0 0 
_1.ptx 1195 : 163840 45637632 620032 0 0 0 0 0 0 
_1.ptx 1196 : 163840 1805888 0 0 0 0 0 0 0 
_1.ptx 1197 : 163840 1154240 0 0 0 0 0 0 0 
_1.ptx 1198 : 163840 1003168 0 0 0 0 0 0 0 
_1.ptx 1199 : 163840 2460960 0 0 0 0 0 0 0 
_1.ptx 1200 : 163840 74764928 0 0 0 0 0 0 0 
_1.ptx 1201 : 163840 1151808 0 0 0 0 0 0 0 
_1.ptx 1202 : 163840 824768 0 0 0 0 0 0 0 
_1.ptx 1203 : 163840 1641728 0 0 0 0 0 0 0 
_1.ptx 1204 : 163840 1643040 0 0 0 0 0 0 0 
_1.ptx 1205 : 163840 1314432 0 0 0 0 0 0 0 
_1.ptx 1206 : 163840 962048 0 0 0 0 0 0 0 
_1.ptx 1209 : 4096 28896 0 0 0 0 0 0 0 
_1.ptx 1210 : 4096 0 0 0 0 0 0 0 0 
_1.ptx 1211 : 4096 28800 0 0 0 0 0 0 0 
_1.ptx 1212 : 4096 28832 0 0 0 0 0 0 0 
_1.ptx 1213 : 4096 356320 0 0 0 0 0 0 0 
_1.ptx 1214 : 4096 45216 0 0 0 0 0 0 0 
_1.ptx 1215 : 4096 28832 0 0 0 0 0 0 0 
_1.ptx 1219 : 163840 47775296 655104 0 0 0 0 0 0 
_1.ptx 1220 : 163840 1805824 0 0 0 0 0 0 0 
_1.ptx 1221 : 163840 823968 0 0 0 0 0 0 0 
_1.ptx 1222 : 163840 1642752 0 0 0 0 0 0 0 
_1.ptx 1223 : 163840 1646624 0 0 0 0 0 0 0 
_1.ptx 1224 : 163840 1314752 0 0 0 0 0 0 0 
_1.ptx 1225 : 163840 963328 0 0 0 0 0 0 0 
_1.ptx 1228 : 4096 20512 16384 0 0 128 128 0 0 
_1.ptx 1230 : 4096 28832 0 0 0 0 0 0 0 
_1.ptx 1231 : 4096 0 0 0 0 0 0 0 0 
_1.ptx 1232 : 4096 29056 0 0 0 0 0 0 0 
_1.ptx 1233 : 4096 41280 0 0 0 0 0 0 0 
_1.ptx 1234 : 4096 28928 0 0 0 0 0 0 0 
_1.ptx 1237 : 163840 1318528 0 0 0 0 0 0 0 
_1.ptx 1238 : 163840 0 0 0 0 0 0 0 0 
_1.ptx 1239 : 163840 1811232 0 0 0 0 0 0 0 
_1.ptx 1240 : 163840 1648704 0 0 0 0 0 0 0 
_1.ptx 1241 : 163840 1811520 0 0 0 0 0 0 0 
_1.ptx 1242 : 163840 2057600 0 0 0 0 0 0 0 
_1.ptx 1243 : 163840 1171328 0 0 0 0 0 0 0 
_1.ptx 1244 : 163840 1959872 0 0 0 0 0 0 0 
_1.ptx 1245 : 163840 1816704 0 0 0 0 0 0 0 
_1.ptx 1246 : 163840 1173184 0 0 0 0 0 0 0 
_1.ptx 1247 : 163840 1866112 0 0 0 0 0 0 0 
_1.ptx 1248 : 163840 1809472 0 0 0 0 0 0 0 
_1.ptx 1249 : 163840 1810880 0 0 0 0 0 0 0 
_1.ptx 1250 : 163840 1160896 0 0 0 0 0 0 0 
_1.ptx 1251 : 163840 1912160 0 0 0 0 0 0 0 
_1.ptx 1252 : 163840 1810368 0 0 0 0 0 0 0 
_1.ptx 1253 : 163840 1810208 0 0 0 0 0 0 0 
_1.ptx 1254 : 163840 1809344 0 0 0 0 0 0 0 
_1.ptx 1255 : 163840 1160832 0 0 0 0 0 0 0 
_1.ptx 1256 : 163840 1876192 0 0 0 0 0 0 0 
_1.ptx 1257 : 163840 1808160 0 0 0 0 0 0 0 
_1.ptx 1258 : 163840 497024 0 0 0 0 0 0 0 
_1.ptx 1259 : 163840 994656 0 0 0 0 0 0 0 
_1.ptx 1260 : 163840 1176736 0 0 0 0 0 0 0 
_1.ptx 1264 : 9748480 2837085248 38545152 0 0 0 0 0 0 
_1.ptx 1265 : 9748480 39540544 0 0 0 0 0 0 0 
_1.ptx 1266 : 9748480 2960878400 38980608 0 0 0 0 0 0 
_1.ptx 1267 : 9748480 107554048 0 0 0 0 0 0 0 
_1.ptx 1268 : 9748480 88030304 0 0 0 0 0 0 0 
_1.ptx 1270 : 9748480 2866822176 38993920 0 0 0 0 0 0 
_1.ptx 1271 : 9748480 68981984 0 0 0 0 0 0 0 
_1.ptx 1272 : 9748480 107614720 0 0 0 0 0 0 0 
_1.ptx 1273 : 9748480 69066080 0 0 0 0 0 0 0 
_1.ptx 1274 : 9748480 60803456 0 0 0 0 0 0 0 
_1.ptx 1275 : 9748480 146584832 0 0 0 0 0 0 0 
_1.ptx 1276 : 9748480 68965184 0 0 0 0 0 0 0 
_1.ptx 1277 : 9748480 454543872 0 0 0 0 0 0 0 
_1.ptx 1279 : 9748480 107616512 0 0 0 0 0 0 0 
_1.ptx 1280 : 9748480 107561312 0 0 0 0 0 0 0 
_1.ptx 1281 : 9748480 107638240 0 0 0 0 0 0 0 
_1.ptx 1282 : 9748480 455763008 0 0 0 0 0 0 0 
_1.ptx 1283 : 9748480 88193248 0 0 0 0 0 0 0 
_1.ptx 1284 : 9748480 49162144 0 0 0 0 0 0 0 
_1.ptx 1285 : 9748480 98004800 0 0 0 0 0 0 0 
_1.ptx 1286 : 9748480 98295168 0 0 0 0 0 0 0 
_1.ptx 1287 : 9748480 98538400 0 0 0 0 0 0 0 
_1.ptx 1288 : 9748480 98620288 0 0 0 0 0 0 0 
_1.ptx 1289 : 9748480 98702208 0 0 0 0 0 0 0 
_1.ptx 1290 : 9748480 60317664 0 0 0 0 0 0 0 
_1.ptx 1291 : 9748480 78568992 0 0 0 0 0 0 0 
_1.ptx 1292 : 9748480 58078720 0 0 0 0 0 0 0 
_1.ptx 1294 : 163840 1648640 0 0 0 0 0 0 0 
_1.ptx 1295 : 163840 996192 0 0 0 0 0 0 0 
_1.ptx 1296 : 163840 1318848 0 0 0 0 0 0 0 
_1.ptx 1297 : 163840 967360 0 0 0 0 0 0 0 
_1.ptx 1300 : 4096 1145088 15488 0 0 0 0 0 0 
_1.ptx 1301 : 4096 20512 16384 0 0 128 128 0 0 
_1.ptx 1302 : 4096 45056 0 0 0 0 0 0 0 
_1.ptx 1303 : 4096 45248 0 0 0 0 0 0 0 
_1.ptx 1304 : 4096 45696 0 0 0 0 0 0 0 
_1.ptx 1305 : 4096 25600 0 0 0 0 0 0 0 
_1.ptx 1306 : 4096 32800 0 0 0 0 0 0 0 
_1.ptx 1307 : 4096 0 0 0 0 0 0 0 0 
_1.ptx 1310 : 4096 24800 0 0 0 0 0 0 0 
_1.ptx 1329 : 4096 24576 0 0 0 0 0 0 0 
_1.ptx 1330 : 4096 24576 0 0 0 0 0 0 0 
_1.ptx 1331 : 4096 60672 0 0 0 0 0 0 0 
_1.ptx 1332 : 4096 24576 0 0 0 0 0 0 0 
_1.ptx 1333 : 4096 45600 0 0 0 0 0 0 0 
_1.ptx 1334 : 4096 28800 0 0 0 0 0 0 0 
_1.ptx 1335 : 4096 24576 0 0 0 0 0 0 0 
_1.ptx 1336 : 4096 33152 0 0 0 0 0 0 0 
_1.ptx 1337 : 4096 0 0 0 0 0 0 0 0 
_1.ptx 1338 : 4096 1040992 128 0 0 0 0 0 0 
_1.ptx 1339 : 4096 24608 0 0 0 0 0 0 0 
_1.ptx 1340 : 4096 32896 0 0 0 0 0 0 0 
_1.ptx 1341 : 4096 12288 0 0 0 0 0 0 0 
_1.ptx 1342 : 4096 25056 0 0 0 0 0 0 0 
_1.ptx 1343 : 4096 33376 0 0 0 0 0 0 0 
_1.ptx 1344 : 4096 34464 0 0 0 0 0 0 0 
_1.ptx 1345 : 4096 1076352 128 0 0 0 0 0 0 
_1.ptx 1346 : 4096 24576 0 0 0 0 0 0 0 
_1.ptx 1347 : 4096 34240 0 0 0 0 0 0 0 
_1.ptx 1348 : 4096 24576 0 0 0 0 0 0 0 
_1.ptx 1349 : 4096 64352 0 0 0 0 0 0 0 
_1.ptx 1350 : 4096 28672 0 0 0 0 0 0 0 
_1.ptx 1351 : 4096 1043680 128 0 0 0 0 0 0 
_1.ptx 1352 : 4096 29024 0 0 0 0 0 0 0 
_1.ptx 1353 : 4096 47904 0 0 0 0 0 0 0 
_1.ptx 1354 : 4096 47072 0 0 0 0 0 0 0 
_1.ptx 1355 : 4096 43488 0 0 0 0 0 0 0 
_1.ptx 1356 : 4096 32640 0 0 0 0 0 0 0 
_1.ptx 1357 : 4096 30976 0 0 0 0 0 0 0 
_1.ptx 1358 : 4096 34688 0 0 0 0 0 0 0 
_1.ptx 1359 : 4096 35840 0 0 0 0 0 0 0 
_1.ptx 1360 : 4096 33056 0 0 0 0 0 0 0 
_1.ptx 1361 : 4096 32800 0 0 0 0 0 0 0 
_1.ptx 1362 : 4096 33056 0 0 0 0 0 0 0 
_1.ptx 1365 : 4096 0 0 0 0 0 0 0 0 
_1.ptx 1366 : 4096 35328 0 0 0 0 0 0 0 
_1.ptx 1367 : 4096 30016 0 0 0 0 0 0 0 
_1.ptx 1368 : 4096 31168 0 0 0 0 0 0 0 
_1.ptx 1369 : 4096 24864 0 0 0 0 0 0 0 
_1.ptx 1370 : 4096 29728 0 0 0 0 0 0 0 
_1.ptx 1374 : 327680 1993600 0 0 0 0 0 0 0 
_1.ptx 1375 : 327680 29928352 1310720 0 0 0 0 0 0 
_1.ptx 1377 : 327680 1990592 0 0 0 0 0 0 0 
_1.ptx 1378 : 327680 30494240 1310720 0 0 0 0 0 0 
_1.ptx 1379 : 327680 3299552 0 0 0 0 0 0 0 
_1.ptx 1380 : 327680 3313856 0 0 0 0 0 0 0 
_1.ptx 1381 : 327680 3318176 0 0 0 0 0 0 0 
_1.ptx 1382 : 327680 2647744 0 0 0 0 0 0 0 
_1.ptx 1383 : 327680 1974240 0 0 0 0 0 0 0 
_1.ptx 1386 : 4096 0 0 0 0 0 0 0 0 
_1.ptx 1387 : 4096 29376 0 0 0 0 0 0 0 
_1.ptx 1388 : 4096 25824 0 0 0 0 0 0 0 
_1.ptx 1389 : 4096 29504 0 0 0 0 0 0 0 
_1.ptx 1393 : 163840 1723872 0 0 0 0 0 0 0 
_1.ptx 1394 : 163840 1255168 0 0 0 0 0 0 0 
_1.ptx 1395 : 163840 1397408 0 0 0 0 0 0 0 
_1.ptx 1396 : 163840 0 0 0 0 0 0 0 0 
_1.ptx 1397 : 163840 1878112 0 0 0 0 0 0 0 
_1.ptx 1398 : 163840 1736160 0 0 0 0 0 0 0 
_1.ptx 1399 : 163840 692096 0 0 0 0 0 0 0 
_1.ptx 1400 : 163840 2671808 0 0 0 0 0 0 0 
_1.ptx 1401 : 163840 1251808 0 0 0 0 0 0 0 
_1.ptx 1402 : 163840 2903936 0 0 0 0 0 0 0 
_1.ptx 1403 : 163840 1874240 0 0 0 0 0 0 0 
_1.ptx 1404 : 163840 1301728 0 0 0 0 0 0 0 
_1.ptx 1405 : 163840 2021952 0 0 0 0 0 0 0 
_1.ptx 1406 : 163840 1871136 0 0 0 0 0 0 0 
_1.ptx 1407 : 163840 49567040 655360 0 0 0 0 0 0 
_1.ptx 1408 : 163840 1874592 0 0 0 0 0 0 0 
_1.ptx 1409 : 163840 1273312 0 0 0 0 0 0 0 
_1.ptx 1410 : 163840 1193440 0 0 0 0 0 0 0 
_1.ptx 1411 : 163840 1284224 0 0 0 0 0 0 0 
_1.ptx 1415 : 9748480 111451488 0 0 0 0 0 0 0 
_1.ptx 1416 : 9748480 73497024 0 0 0 0 0 0 0 
_1.ptx 1417 : 9748480 121642496 0 0 0 0 0 0 0 
_1.ptx 1418 : 9748480 110664928 0 0 0 0 0 0 0 
_1.ptx 1419 : 9748480 41926304 512 0 0 0 0 0 0 
_1.ptx 1421 : 9748480 110403488 0 0 0 0 0 0 0 
_1.ptx 1422 : 9748480 2143411680 21573376 0 0 0 0 0 0 
_1.ptx 1423 : 9748480 111175776 0 0 0 0 0 0 0 
_1.ptx 1424 : 9748480 111524000 0 0 0 0 0 0 0 
_1.ptx 1425 : 9748480 74368704 0 0 0 0 0 0 0 
_1.ptx 1426 : 9748480 66560512 0 0 0 0 0 0 0 
_1.ptx 1427 : 9748480 150459776 0 0 0 0 0 0 0 
_1.ptx 1428 : 9748480 73743232 0 0 0 0 0 0 0 
_1.ptx 1429 : 9748480 474369760 0 0 0 0 0 0 0 
_1.ptx 1430 : 9748480 111259008 0 0 0 0 0 0 0 
_1.ptx 1432 : 9748480 111881376 0 0 0 0 0 0 0 
_1.ptx 1433 : 9748480 75080128 0 0 0 0 0 0 0 
_1.ptx 1434 : 9748480 76462144 0 0 0 0 0 0 0 
_1.ptx 1435 : 9748480 76964032 0 0 0 0 0 0 0 
_1.ptx 1436 : 9748480 70809248 0 0 0 0 0 0 0 
_1.ptx 1437 : 9748480 150887712 0 0 0 0 0 0 0 
_1.ptx 1438 : 9748480 149302560 0 0 0 0 0 0 0 
_1.ptx 1439 : 9748480 158180864 0 0 0 0 0 0 0 
_1.ptx 1440 : 9748480 73775040 0 0 0 0 0 0 0 
_1.ptx 1441 : 9748480 65600160 0 0 0 0 0 0 0 
_1.ptx 1442 : 9748480 113524736 0 0 0 0 0 0 0 
_1.ptx 1443 : 9748480 160203072 0 0 0 0 0 0 0 
_1.ptx 1444 : 9748480 111911168 0 0 0 0 0 0 0 
_1.ptx 1445 : 9748480 50453728 0 0 0 0 0 0 0 
_1.ptx 1446 : 9748480 102440576 0 0 0 0 0 0 0 
_1.ptx 1447 : 9748480 103463552 0 0 0 0 0 0 0 
_1.ptx 1448 : 9748480 82997920 0 0 0 0 0 0 0 
_1.ptx 1449 : 9748480 62834688 0 0 0 0 0 0 0 
_1.ptx 1451 : 163840 1253024 0 0 0 0 0 0 0 
_1.ptx 1452 : 163840 1398176 0 0 0 0 0 0 0 
_1.ptx 1453 : 163840 1050176 0 0 0 0 0 0 0 
_1.ptx 1456 : 4096 0 0 0 0 0 0 0 0 
_1.ptx 1457 : 4096 45792 0 0 0 0 0 0 0 
_1.ptx 1458 : 4096 30048 0 0 0 0 0 0 0 
_1.ptx 1459 : 4096 28032 0 0 0 0 0 0 0 
_1.ptx 1460 : 4096 30144 0 0 0 0 0 0 0 
_1.ptx 1461 : 4096 338464 0 0 0 0 0 0 0 
_1.ptx 1462 : 4096 46656 0 0 0 0 0 0 0 
_1.ptx 1463 : 4096 30560 0 0 0 0 0 0 0 
_1.ptx 1464 : 4096 30496 0 0 0 0 0 0 0 
_1.ptx 1465 : 4096 12288 0 0 0 0 0 0 0 
_1.ptx 1466 : 4096 26400 0 0 0 0 0 0 0 
_1.ptx 1467 : 4096 26656 0 0 0 0 0 0 0 
_1.ptx 1468 : 4096 30816 0 0 0 0 0 0 0 
_1.ptx 1472 : 163840 1195360 0 0 0 0 0 0 0 
_1.ptx 1473 : 163840 16988544 15104 0 0 0 0 0 0 
_1.ptx 1474 : 163840 1836224 0 0 0 0 0 0 0 
_1.ptx 1475 : 163840 1202240 0 0 0 0 0 0 0 
_1.ptx 1476 : 163840 1054944 0 0 0 0 0 0 0 
_1.ptx 1477 : 163840 2491872 0 0 0 0 0 0 0 
_1.ptx 1478 : 163840 72112416 0 0 0 0 0 0 0 
_1.ptx 1479 : 163840 1176448 0 0 0 0 0 0 0 
_1.ptx 1481 : 163840 1493088 0 0 0 0 0 0 0 
_1.ptx 1483 : 163840 836576 655360 0 0 0 0 0 0 
_1.ptx 1485 : 163840 823200 655360 0 0 0 0 0 0 
_1.ptx 1486 : 163840 1663552 0 0 0 0 0 0 0 
_1.ptx 1487 : 163840 1670496 0 0 0 0 0 0 0 
_1.ptx 1488 : 163840 1674432 0 0 0 0 0 0 0 
_1.ptx 1489 : 163840 1685056 0 0 0 0 0 0 0 
_1.ptx 1490 : 163840 1460576 0 0 0 0 0 0 0 
_1.ptx 1491 : 163840 993216 0 0 0 0 0 0 0 
_1.ptx 1493 : 4096 0 0 0 0 0 0 0 0 
_1.ptx 1494 : 4096 29536 0 0 0 0 0 0 0 
_1.ptx 1495 : 4096 29824 0 0 0 0 0 0 0 
_1.ptx 1496 : 4096 30336 0 0 0 0 0 0 0 
_1.ptx 1497 : 4096 26112 0 0 0 0 0 0 0 
_1.ptx 1498 : 4096 25952 0 0 0 0 0 0 0 
_1.ptx 1499 : 4096 29792 0 0 0 0 0 0 0 
_1.ptx 1503 : 61440 326016 256 0 0 0 0 0 0 
_1.ptx 1504 : 61440 434912 0 0 0 0 0 0 0 
_1.ptx 1505 : 61440 6608928 0 0 0 0 0 0 0 
_1.ptx 1506 : 61440 679648 0 0 0 0 0 0 0 
_1.ptx 1507 : 61440 3644800 12032 0 0 0 0 0 0 
_1.ptx 1508 : 61440 327584 256 0 0 0 0 0 0 
_1.ptx 1509 : 61440 679392 0 0 0 0 0 0 0 
_1.ptx 1510 : 61440 3722464 13696 0 0 0 0 0 0 
_1.ptx 1511 : 61440 556608 0 0 0 0 0 0 0 
_1.ptx 1512 : 61440 437824 0 0 0 0 0 0 0 
_1.ptx 1513 : 61440 379360 0 0 0 0 0 0 0 
_1.ptx 1514 : 61440 927488 0 0 0 0 0 0 0 
_1.ptx 1515 : 61440 441696 0 0 0 0 0 0 0 
_1.ptx 1517 : 61440 443616 0 0 0 0 0 0 0 
_1.ptx 1518 : 61440 451104 0 0 0 0 0 0 0 
_1.ptx 1519 : 61440 405920 0 0 0 0 0 0 0 
_1.ptx 1520 : 61440 993984 0 0 0 0 0 0 0 
_1.ptx 1521 : 61440 450144 0 0 0 0 0 0 0 
_1.ptx 1522 : 61440 393696 0 0 0 0 0 0 0 
_1.ptx 1523 : 61440 505056 0 0 0 0 0 0 0 
_1.ptx 1524 : 61440 561760 0 0 0 0 0 0 0 
_1.ptx 1525 : 61440 625472 0 0 0 0 0 0 0 
_1.ptx 1526 : 61440 632064 0 0 0 0 0 0 0 
_1.ptx 1527 : 61440 632352 0 0 0 0 0 0 0 
_1.ptx 1528 : 61440 497088 0 0 0 0 0 0 0 
_1.ptx 1529 : 61440 350528 0 0 0 0 0 0 0 
_1.ptx 1530 : 4096 25248 0 0 0 0 0 0 0 
_1.ptx 1534 : 4096 0 0 0 0 0 0 0 0 
_1.ptx 1535 : 4096 29120 0 0 0 0 0 0 0 
_1.ptx 1536 : 4096 25312 0 0 0 0 0 0 0 
_1.ptx 1537 : 4096 12320 0 0 0 0 0 0 0 
_1.ptx 1538 : 4096 25024 0 0 0 0 0 0 0 
_1.ptx 1539 : 4096 24960 0 0 0 0 0 0 0 
_1.ptx 1540 : 4096 29184 0 0 0 0 0 0 0 
_1.ptx 1544 : 163840 1168576 0 0 0 0 0 0 0 
_1.ptx 1545 : 163840 46176448 650368 0 0 0 0 0 0 
_1.ptx 1546 : 163840 1810848 0 0 0 0 0 0 0 
_1.ptx 1547 : 163840 1161440 0 0 0 0 0 0 0 
_1.ptx 1548 : 163840 1003040 0 0 0 0 0 0 0 
_1.ptx 1549 : 163840 2470144 0 0 0 0 0 0 0 
_1.ptx 1550 : 163840 64712960 0 0 0 0 0 0 0 
_1.ptx 1551 : 163840 1156352 0 0 0 0 0 0 0 
_1.ptx 1552 : 163840 1648832 0 0 0 0 0 0 0 
_1.ptx 1553 : 163840 1649696 0 0 0 0 0 0 0 
_1.ptx 1554 : 163840 1318784 0 0 0 0 0 0 0 
_1.ptx 1555 : 163840 976736 0 0 0 0 0 0 0 
_1.ptx 1556 : 4096 24992 0 0 0 0 0 0 0 
_1.ptx 1561 : 4096 45184 0 0 0 0 0 0 0 
_1.ptx 1563 : 4096 20512 16384 0 0 128 128 0 0 
_1.ptx 1564 : 4096 45408 0 0 0 0 0 0 0 
_1.ptx 1565 : 4096 45376 0 0 0 0 0 0 0 
_1.ptx 1566 : 4096 25216 0 0 0 0 0 0 0 
_1.ptx 1567 : 4096 33024 0 0 0 0 0 0 0 
_1.ptx 1568 : 4096 0 0 0 0 0 0 0 0 
_1.ptx 1571 : 4096 24672 0 0 0 0 0 0 0 
