kernel line : count latency dram_traffic smem_bk_conflicts smem_warp gmem_access_generated gmem_warp exposed_latency warp_divergence
_1.ptx 823 : 4096 24576 0 0 0 0 0 0 0 
_1.ptx 824 : 4096 24576 0 0 0 0 0 0 0 
_1.ptx 825 : 4096 60672 0 0 0 0 0 0 0 
_1.ptx 826 : 4096 24576 0 0 0 0 0 0 0 
_1.ptx 827 : 4096 45632 0 0 0 0 0 0 0 
_1.ptx 828 : 4096 29376 0 0 0 0 0 0 0 
_1.ptx 829 : 4096 24672 0 0 0 0 0 0 0 
_1.ptx 830 : 4096 33248 0 0 0 0 0 0 0 
_1.ptx 831 : 4096 0 0 0 0 0 0 0 0 
_1.ptx 832 : 4096 12288 0 0 0 0 0 0 0 
_1.ptx 833 : 4096 24576 0 0 0 0 0 0 0 
_1.ptx 834 : 4096 32832 0 0 0 0 0 0 0 
_1.ptx 835 : 4096 12288 0 0 0 0 0 0 0 
_1.ptx 836 : 4096 25632 0 0 0 0 0 0 0 
_1.ptx 837 : 4096 35584 0 0 0 0 0 0 0 
_1.ptx 838 : 4096 48608 0 0 0 0 0 0 0 
_1.ptx 839 : 4096 12288 0 0 0 0 0 0 0 
_1.ptx 840 : 4096 30496 0 0 0 0 0 0 0 
_1.ptx 841 : 4096 37504 0 0 0 0 0 0 0 
_1.ptx 842 : 4096 35264 0 0 0 0 0 0 0 
_1.ptx 843 : 4096 46304 0 0 0 0 0 0 0 
_1.ptx 844 : 4096 30528 0 0 0 0 0 0 0 
_1.ptx 845 : 4096 52256 0 0 0 0 0 0 0 
_1.ptx 846 : 4096 30752 0 0 0 0 0 0 0 
_1.ptx 847 : 4096 36032 0 0 0 0 0 0 0 
_1.ptx 848 : 4096 47168 0 0 0 0 0 0 0 
_1.ptx 849 : 4096 32736 0 0 0 0 0 0 0 
_1.ptx 850 : 4096 45760 0 0 0 0 0 0 0 
_1.ptx 851 : 4096 30496 0 0 0 0 0 0 0 
_1.ptx 852 : 4096 26112 0 0 0 0 0 0 0 
_1.ptx 853 : 4096 34080 0 0 0 0 0 0 0 
_1.ptx 854 : 4096 26272 0 0 0 0 0 0 0 
_1.ptx 855 : 4096 35008 0 0 0 0 0 0 0 
_1.ptx 856 : 4096 12288 0 0 0 0 0 0 0 
_1.ptx 857 : 4096 47520 0 0 0 0 0 0 0 
_1.ptx 858 : 4096 43584 0 0 0 0 0 0 0 
_1.ptx 859 : 4096 12288 0 0 0 0 0 0 0 
_1.ptx 860 : 4096 46560 0 0 0 0 0 0 0 
_1.ptx 861 : 4096 30272 0 0 0 0 0 0 0 
_1.ptx 862 : 4096 31232 0 0 0 0 0 0 0 
_1.ptx 863 : 4096 30176 0 0 0 0 0 0 0 
_1.ptx 864 : 4096 30368 0 0 0 0 0 0 0 
_1.ptx 865 : 4096 29568 0 0 0 0 0 0 0 
_1.ptx 866 : 4096 30368 0 0 0 0 0 0 0 
_1.ptx 867 : 4096 24576 0 0 0 0 0 0 0 
_1.ptx 868 : 4096 24576 0 0 0 0 0 0 0 
_1.ptx 869 : 4096 25472 0 0 0 0 0 0 0 
_1.ptx 870 : 4096 25472 0 0 0 0 0 0 0 
_1.ptx 873 : 4096 0 0 0 0 0 0 0 0 
_1.ptx 874 : 4096 29536 0 0 0 0 0 0 0 
_1.ptx 875 : 4096 26912 0 0 0 0 0 0 0 
_1.ptx 876 : 4096 26464 0 0 0 0 0 0 0 
_1.ptx 877 : 4096 25120 0 0 0 0 0 0 0 
_1.ptx 878 : 4096 29824 0 0 0 0 0 0 0 
_1.ptx 882 : 327680 1970848 0 0 0 0 0 0 0 
_1.ptx 883 : 327680 31446336 1310720 0 0 0 0 0 0 
_1.ptx 885 : 327680 1969600 0 0 0 0 0 0 0 
_1.ptx 886 : 327680 31839456 1310720 0 0 0 0 0 0 
_1.ptx 887 : 327680 3284704 0 0 0 0 0 0 0 
_1.ptx 888 : 327680 3284704 0 0 0 0 0 0 0 
_1.ptx 889 : 327680 3295040 0 0 0 0 0 0 0 
_1.ptx 890 : 327680 2630848 0 0 0 0 0 0 0 
_1.ptx 891 : 327680 1951680 0 0 0 0 0 0 0 
_1.ptx 894 : 4096 0 0 0 0 0 0 0 0 
_1.ptx 895 : 4096 28800 0 0 0 0 0 0 0 
_1.ptx 896 : 4096 24960 0 0 0 0 0 0 0 
_1.ptx 897 : 4096 24608 0 0 0 0 0 0 0 
_1.ptx 898 : 4096 24704 0 0 0 0 0 0 0 
_1.ptx 899 : 4096 28768 0 0 0 0 0 0 0 
_1.ptx 903 : 327680 136194208 1309184 0 0 0 0 0 0 
_1.ptx 904 : 327680 4184288 1176576 0 0 0 0 0 0 
_1.ptx 905 : 327680 3286176 0 0 0 0 0 0 0 
_1.ptx 906 : 327680 3285248 0 0 0 0 0 0 0 
_1.ptx 907 : 327680 3303680 0 0 0 0 0 0 0 
_1.ptx 908 : 327680 2630112 0 0 0 0 0 0 0 
_1.ptx 909 : 327680 1952864 0 0 0 0 0 0 0 
_1.ptx 911 : 4096 0 0 0 0 0 0 0 0 
_1.ptx 912 : 4096 29568 0 0 0 0 0 0 0 
_1.ptx 913 : 4096 26208 0 0 0 0 0 0 0 
_1.ptx 914 : 4096 29856 0 0 0 0 0 0 0 
_1.ptx 918 : 163840 1786336 0 0 0 0 0 0 0 
_1.ptx 919 : 163840 1320704 0 0 0 0 0 0 0 
_1.ptx 920 : 163840 1444928 0 0 0 0 0 0 0 
_1.ptx 921 : 163840 0 0 0 0 0 0 0 0 
_1.ptx 922 : 163840 1935648 0 0 0 0 0 0 0 
_1.ptx 923 : 163840 1787392 0 0 0 0 0 0 0 
_1.ptx 924 : 163840 494112 0 0 0 0 0 0 0 
_1.ptx 925 : 163840 2655552 0 0 0 0 0 0 0 
_1.ptx 926 : 163840 3051968 0 0 0 0 0 0 0 
_1.ptx 927 : 163840 1886848 0 0 0 0 0 0 0 
_1.ptx 928 : 163840 1313152 0 0 0 0 0 0 0 
_1.ptx 929 : 163840 1922208 0 0 0 0 0 0 0 
_1.ptx 930 : 163840 1897600 0 0 0 0 0 0 0 
_1.ptx 931 : 163840 1327424 0 0 0 0 0 0 0 
_1.ptx 932 : 163840 1863392 0 0 0 0 0 0 0 
_1.ptx 933 : 163840 1894304 0 0 0 0 0 0 0 
_1.ptx 934 : 163840 50295904 655360 0 0 0 0 0 0 
_1.ptx 935 : 163840 1900416 0 0 0 0 0 0 0 
_1.ptx 936 : 163840 1312288 0 0 0 0 0 0 0 
_1.ptx 937 : 163840 1240832 0 0 0 0 0 0 0 
_1.ptx 938 : 163840 1329760 0 0 0 0 0 0 0 
_1.ptx 942 : 9748480 112906016 0 0 0 0 0 0 0 
_1.ptx 943 : 9748480 77815968 0 0 0 0 0 0 0 
_1.ptx 944 : 9748480 111858752 0 0 0 0 0 0 0 
_1.ptx 945 : 9748480 113488992 0 0 0 0 0 0 0 
_1.ptx 946 : 9748480 40198400 0 0 0 0 0 0 0 
_1.ptx 948 : 9748480 112516640 0 0 0 0 0 0 0 
_1.ptx 949 : 9748480 1050564800 7487616 0 0 0 0 0 0 
_1.ptx 950 : 9748480 113582784 0 0 0 0 0 0 0 
_1.ptx 951 : 9748480 113915296 0 0 0 0 0 0 0 
_1.ptx 952 : 9748480 77291552 0 0 0 0 0 0 0 
_1.ptx 953 : 9748480 70433792 0 0 0 0 0 0 0 
_1.ptx 954 : 9748480 152502720 0 0 0 0 0 0 0 
_1.ptx 955 : 9748480 76301216 0 0 0 0 0 0 0 
_1.ptx 956 : 9748480 466715808 0 0 0 0 0 0 0 
_1.ptx 957 : 9748480 112976992 0 0 0 0 0 0 0 
_1.ptx 959 : 9748480 113922304 0 0 0 0 0 0 0 
_1.ptx 960 : 9748480 78233600 0 0 0 0 0 0 0 
_1.ptx 961 : 9748480 79962752 0 0 0 0 0 0 0 
_1.ptx 962 : 9748480 80564608 0 0 0 0 0 0 0 
_1.ptx 963 : 9748480 75239072 0 0 0 0 0 0 0 
_1.ptx 964 : 9748480 152924576 0 0 0 0 0 0 0 
_1.ptx 965 : 9748480 151079584 0 0 0 0 0 0 0 
_1.ptx 966 : 9748480 159199808 0 0 0 0 0 0 0 
_1.ptx 967 : 9748480 76729792 0 0 0 0 0 0 0 
_1.ptx 968 : 9748480 68842400 0 0 0 0 0 0 0 
_1.ptx 969 : 9748480 116115552 0 0 0 0 0 0 0 
_1.ptx 970 : 9748480 154403296 0 0 0 0 0 0 0 
_1.ptx 971 : 9748480 113569568 0 0 0 0 0 0 0 
_1.ptx 972 : 9748480 50243936 0 0 0 0 0 0 0 
_1.ptx 974 : 9748480 112429824 0 0 0 0 0 0 0 
_1.ptx 975 : 9748480 77753312 0 0 0 0 0 0 0 
_1.ptx 976 : 9748480 113061408 0 0 0 0 0 0 0 
_1.ptx 977 : 9748480 112213248 0 0 0 0 0 0 0 
_1.ptx 978 : 9748480 49741280 38993920 0 0 0 0 0 0 
_1.ptx 979 : 9748480 103492608 0 0 0 0 0 0 0 
_1.ptx 980 : 9748480 104233216 0 0 0 0 0 0 0 
_1.ptx 981 : 9748480 84899136 0 0 0 0 0 0 0 
_1.ptx 982 : 9748480 66311392 0 0 0 0 0 0 0 
_1.ptx 984 : 163840 1309216 0 0 0 0 0 0 0 
_1.ptx 985 : 163840 1443488 0 0 0 0 0 0 0 
_1.ptx 986 : 163840 1138336 0 0 0 0 0 0 0 
_1.ptx 989 : 4096 0 0 0 0 0 0 0 0 
_1.ptx 990 : 4096 31232 0 0 0 0 0 0 0 
_1.ptx 991 : 4096 31616 0 0 0 0 0 0 0 
_1.ptx 992 : 4096 31680 0 0 0 0 0 0 0 
_1.ptx 993 : 4096 28736 0 0 0 0 0 0 0 
_1.ptx 994 : 4096 27936 0 0 0 0 0 0 0 
_1.ptx 995 : 4096 99936 0 0 0 0 0 0 0 
_1.ptx 996 : 4096 46624 0 0 0 0 0 0 0 
_1.ptx 997 : 4096 12352 0 0 0 0 0 0 0 
_1.ptx 998 : 4096 27200 0 0 0 0 0 0 0 
_1.ptx 999 : 4096 28480 0 0 0 0 0 0 0 
_1.ptx 1000 : 4096 32384 0 0 0 0 0 0 0 
_1.ptx 1004 : 163840 1252448 0 0 0 0 0 0 0 
_1.ptx 1005 : 163840 1886304 1408 0 0 0 0 0 0 
_1.ptx 1006 : 163840 1864416 0 0 0 0 0 0 0 
_1.ptx 1007 : 163840 1242528 0 0 0 0 0 0 0 
_1.ptx 1008 : 163840 1110464 0 0 0 0 0 0 0 
_1.ptx 1009 : 163840 2536704 0 0 0 0 0 0 0 
_1.ptx 1010 : 163840 1243264 0 0 0 0 0 0 0 
_1.ptx 1011 : 163840 10460128 0 0 0 0 0 0 0 
_1.ptx 1013 : 163840 1525888 0 0 0 0 0 0 0 
_1.ptx 1015 : 163840 848800 655360 0 0 0 0 0 0 
_1.ptx 1017 : 163840 832640 655360 0 0 0 0 0 0 
_1.ptx 1018 : 163840 1713952 0 0 0 0 0 0 0 
_1.ptx 1019 : 163840 1735776 0 0 0 0 0 0 0 
_1.ptx 1020 : 163840 1739232 0 0 0 0 0 0 0 
_1.ptx 1021 : 163840 1766048 0 0 0 0 0 0 0 
_1.ptx 1022 : 163840 1411552 0 0 0 0 0 0 0 
_1.ptx 1023 : 163840 1051680 0 0 0 0 0 0 0 
_1.ptx 1025 : 4096 0 0 0 0 0 0 0 0 
_1.ptx 1026 : 4096 33408 0 0 0 0 0 0 0 
_1.ptx 1027 : 4096 30208 0 0 0 0 0 0 0 
_1.ptx 1028 : 4096 28704 0 0 0 0 0 0 0 
_1.ptx 1029 : 4096 28896 0 0 0 0 0 0 0 
_1.ptx 1030 : 4096 31968 0 0 0 0 0 0 0 
_1.ptx 1034 : 163840 1087168 0 0 0 0 0 0 0 
_1.ptx 1035 : 163840 850432 655360 0 0 0 0 0 0 
_1.ptx 1037 : 163840 1076160 0 0 0 0 0 0 0 
_1.ptx 1038 : 163840 851296 655360 0 0 0 0 0 0 
_1.ptx 1039 : 163840 1713024 0 0 0 0 0 0 0 
_1.ptx 1040 : 163840 1721984 0 0 0 0 0 0 0 
_1.ptx 1041 : 163840 1741568 0 0 0 0 0 0 0 
_1.ptx 1042 : 163840 1378784 0 0 0 0 0 0 0 
_1.ptx 1043 : 163840 1039104 0 0 0 0 0 0 0 
_1.ptx 1045 : 4096 0 0 0 0 0 0 0 0 
_1.ptx 1046 : 4096 31904 0 0 0 0 0 0 0 
_1.ptx 1047 : 4096 31616 0 0 0 0 0 0 0 
_1.ptx 1048 : 4096 30752 0 0 0 0 0 0 0 
_1.ptx 1049 : 4096 28256 0 0 0 0 0 0 0 
_1.ptx 1050 : 4096 27040 0 0 0 0 0 0 0 
_1.ptx 1051 : 4096 30560 0 0 0 0 0 0 0 
_1.ptx 1055 : 61440 254816 0 0 0 0 0 0 0 
_1.ptx 1056 : 61440 253504 0 0 0 0 0 0 0 
_1.ptx 1057 : 61440 456960 0 0 0 0 0 0 0 
_1.ptx 1058 : 61440 1972512 0 0 0 0 0 0 0 
_1.ptx 1059 : 61440 693184 0 0 0 0 0 0 0 
_1.ptx 1060 : 61440 3829728 14336 0 0 0 0 0 0 
_1.ptx 1061 : 61440 692640 0 0 0 0 0 0 0 
_1.ptx 1062 : 61440 3955168 16000 0 0 0 0 0 0 
_1.ptx 1063 : 61440 571200 0 0 0 0 0 0 0 
_1.ptx 1064 : 61440 462624 0 0 0 0 0 0 0 
_1.ptx 1065 : 61440 412256 0 0 0 0 0 0 0 
_1.ptx 1066 : 61440 945696 0 0 0 0 0 0 0 
_1.ptx 1067 : 61440 467072 0 0 0 0 0 0 0 
_1.ptx 1068 : 61440 427264 0 0 0 0 0 0 0 
_1.ptx 1069 : 61440 519328 0 0 0 0 0 0 0 
_1.ptx 1070 : 61440 0 0 0 0 0 0 0 0 
_1.ptx 1072 : 61440 410112 0 0 0 0 0 0 0 
_1.ptx 1073 : 61440 572992 0 0 0 0 0 0 0 
_1.ptx 1075 : 61440 705088 0 0 0 0 0 0 0 
_1.ptx 1076 : 61440 3312512 1152 0 0 0 0 0 0 
_1.ptx 1077 : 61440 399264 0 0 0 0 0 0 0 
_1.ptx 1078 : 61440 576032 0 0 0 0 0 0 0 
_1.ptx 1079 : 61440 312096 0 0 0 0 0 0 0 
_1.ptx 1081 : 61440 695328 0 0 0 0 0 0 0 
_1.ptx 1082 : 61440 3303200 1024 0 0 0 0 0 0 
_1.ptx 1083 : 61440 398624 0 0 0 0 0 0 0 
_1.ptx 1084 : 61440 696800 0 0 0 0 0 0 0 
_1.ptx 1085 : 61440 312256 0 0 0 0 0 0 0 
_1.ptx 1087 : 61440 638720 0 0 0 0 0 0 0 
_1.ptx 1088 : 61440 642528 0 0 0 0 0 0 0 
_1.ptx 1089 : 61440 649856 0 0 0 0 0 0 0 
_1.ptx 1090 : 61440 514368 0 0 0 0 0 0 0 
_1.ptx 1091 : 61440 375424 0 0 0 0 0 0 0 
_1.ptx 1092 : 4096 27168 0 0 0 0 0 0 0 
_1.ptx 1096 : 4096 0 0 0 0 0 0 0 0 
_1.ptx 1097 : 4096 30464 0 0 0 0 0 0 0 
_1.ptx 1098 : 4096 46368 0 0 0 0 0 0 0 
_1.ptx 1099 : 4096 32960 0 0 0 0 0 0 0 
_1.ptx 1100 : 4096 132288 0 0 0 0 0 0 0 
_1.ptx 1101 : 4096 46848 0 0 0 0 0 0 0 
_1.ptx 1102 : 4096 46752 0 0 0 0 0 0 0 
_1.ptx 1103 : 4096 47136 0 0 0 0 0 0 0 
_1.ptx 1104 : 4096 32576 0 0 0 0 0 0 0 
_1.ptx 1105 : 4096 84480 0 0 0 0 0 0 0 
_1.ptx 1106 : 4096 46720 0 0 0 0 0 0 0 
_1.ptx 1107 : 4096 12480 0 0 0 0 0 0 0 
_1.ptx 1108 : 4096 31264 0 0 0 0 0 0 0 
_1.ptx 1112 : 163840 668224 0 0 0 0 0 0 0 
_1.ptx 1113 : 163840 1198880 0 0 0 0 0 0 0 
_1.ptx 1114 : 163840 670368 0 0 0 0 0 0 0 
_1.ptx 1115 : 163840 1514720 0 0 0 0 0 0 0 
_1.ptx 1116 : 163840 942816 0 0 0 0 0 0 0 
_1.ptx 1118 : 163840 24058752 257664 0 0 0 0 0 0 
_1.ptx 1119 : 163840 1839680 0 0 0 0 0 0 0 
_1.ptx 1120 : 163840 1207456 0 0 0 0 0 0 0 
_1.ptx 1121 : 163840 1064992 0 0 0 0 0 0 0 
_1.ptx 1122 : 163840 2496544 0 0 0 0 0 0 0 
_1.ptx 1123 : 163840 1197920 0 0 0 0 0 0 0 
_1.ptx 1124 : 163840 11998816 0 0 0 0 0 0 0 
_1.ptx 1125 : 163840 43496000 537984 0 0 0 0 0 0 
_1.ptx 1126 : 163840 1838400 0 0 0 0 0 0 0 
_1.ptx 1127 : 163840 1843040 0 0 0 0 0 0 0 
_1.ptx 1128 : 163840 1204192 0 0 0 0 0 0 0 
_1.ptx 1129 : 163840 837184 0 0 0 0 0 0 0 
_1.ptx 1130 : 163840 1351584 0 0 0 0 0 0 0 
_1.ptx 1131 : 163840 25952 0 0 0 0 0 0 0 
_1.ptx 1133 : 159744 41530560 487424 0 0 0 0 0 0 
_1.ptx 1134 : 159744 1794112 0 0 0 0 0 0 0 
_1.ptx 1135 : 159744 824896 0 0 0 0 0 0 0 
_1.ptx 1137 : 159744 41649984 487552 0 0 0 0 0 0 
_1.ptx 1138 : 159744 1786528 0 0 0 0 0 0 0 
_1.ptx 1139 : 159744 1178944 0 0 0 0 0 0 0 
_1.ptx 1140 : 159744 1063904 0 0 0 0 0 0 0 
_1.ptx 1141 : 159744 2439296 0 0 0 0 0 0 0 
_1.ptx 1142 : 159744 1170560 0 0 0 0 0 0 0 
_1.ptx 1143 : 159744 11763424 0 0 0 0 0 0 0 
_1.ptx 1144 : 159744 1793856 0 0 0 0 0 0 0 
_1.ptx 1145 : 159744 809408 0 0 0 0 0 0 0 
_1.ptx 1147 : 163840 1684864 0 0 0 0 0 0 0 
_1.ptx 1148 : 163840 1701024 0 0 0 0 0 0 0 
_1.ptx 1149 : 163840 1701920 0 0 0 0 0 0 0 
_1.ptx 1150 : 163840 1719584 0 0 0 0 0 0 0 
_1.ptx 1151 : 163840 1720992 0 0 0 0 0 0 0 
_1.ptx 1152 : 163840 1378016 0 0 0 0 0 0 0 
_1.ptx 1153 : 163840 1016352 0 0 0 0 0 0 0 
_1.ptx 1155 : 4096 0 0 0 0 0 0 0 0 
_1.ptx 1156 : 4096 29760 0 0 0 0 0 0 0 
_1.ptx 1157 : 4096 26592 0 0 0 0 0 0 0 
_1.ptx 1158 : 4096 12448 0 0 0 0 0 0 0 
_1.ptx 1159 : 4096 26336 0 0 0 0 0 0 0 
_1.ptx 1160 : 4096 25856 0 0 0 0 0 0 0 
_1.ptx 1161 : 4096 29856 0 0 0 0 0 0 0 
_1.ptx 1165 : 163840 1165824 0 0 0 0 0 0 0 
_1.ptx 1166 : 163840 49037696 654720 0 0 0 0 0 0 
_1.ptx 1167 : 163840 1819872 0 0 0 0 0 0 0 
_1.ptx 1168 : 163840 1177184 0 0 0 0 0 0 0 
_1.ptx 1169 : 163840 1019520 0 0 0 0 0 0 0 
_1.ptx 1170 : 163840 2476096 0 0 0 0 0 0 0 
_1.ptx 1171 : 163840 64627776 0 0 0 0 0 0 0 
_1.ptx 1172 : 163840 1170400 0 0 0 0 0 0 0 
_1.ptx 1173 : 163840 1660896 0 0 0 0 0 0 0 
_1.ptx 1174 : 163840 1660736 0 0 0 0 0 0 0 
_1.ptx 1175 : 163840 1323072 0 0 0 0 0 0 0 
_1.ptx 1176 : 163840 975712 0 0 0 0 0 0 0 
_1.ptx 1177 : 4096 24800 0 0 0 0 0 0 0 
_1.ptx 1182 : 4096 45632 0 0 0 0 0 0 0 
_1.ptx 1183 : 4096 0 0 0 0 0 0 0 0 
_1.ptx 1184 : 4096 29440 0 0 0 0 0 0 0 
_1.ptx 1185 : 4096 12352 0 0 0 0 0 0 0 
_1.ptx 1186 : 4096 45280 0 0 0 0 0 0 0 
_1.ptx 1187 : 4096 24800 0 0 0 0 0 0 0 
_1.ptx 1188 : 4096 29216 0 0 0 0 0 0 0 
_1.ptx 1189 : 4096 29312 0 0 0 0 0 0 0 
_1.ptx 1190 : 4096 25376 0 0 0 0 0 0 0 
_1.ptx 1191 : 4096 29248 0 0 0 0 0 0 0 
_1.ptx 1195 : 163840 28604672 380800 0 0 0 0 0 0 
_1.ptx 1196 : 163840 1813472 0 0 0 0 0 0 0 
_1.ptx 1197 : 163840 1169984 0 0 0 0 0 0 0 
_1.ptx 1198 : 163840 1032320 0 0 0 0 0 0 0 
_1.ptx 1199 : 163840 2470976 0 0 0 0 0 0 0 
_1.ptx 1200 : 163840 65807936 0 0 0 0 0 0 0 
_1.ptx 1201 : 163840 1163936 0 0 0 0 0 0 0 
_1.ptx 1202 : 163840 826432 0 0 0 0 0 0 0 
_1.ptx 1203 : 163840 1650752 0 0 0 0 0 0 0 
_1.ptx 1204 : 163840 1650688 0 0 0 0 0 0 0 
_1.ptx 1205 : 163840 1321440 0 0 0 0 0 0 0 
_1.ptx 1206 : 163840 975136 0 0 0 0 0 0 0 
_1.ptx 1209 : 4096 29344 0 0 0 0 0 0 0 
_1.ptx 1210 : 4096 0 0 0 0 0 0 0 0 
_1.ptx 1211 : 4096 28992 0 0 0 0 0 0 0 
_1.ptx 1212 : 4096 29248 0 0 0 0 0 0 0 
_1.ptx 1213 : 4096 276000 0 0 0 0 0 0 0 
_1.ptx 1214 : 4096 45280 0 0 0 0 0 0 0 
_1.ptx 1215 : 4096 29408 0 0 0 0 0 0 0 
_1.ptx 1219 : 163840 47515296 634368 0 0 0 0 0 0 
_1.ptx 1220 : 163840 1811104 0 0 0 0 0 0 0 
_1.ptx 1221 : 163840 825312 0 0 0 0 0 0 0 
_1.ptx 1222 : 163840 1649888 0 0 0 0 0 0 0 
_1.ptx 1223 : 163840 1657504 0 0 0 0 0 0 0 
_1.ptx 1224 : 163840 1323392 0 0 0 0 0 0 0 
_1.ptx 1225 : 163840 974912 0 0 0 0 0 0 0 
_1.ptx 1228 : 4096 20544 16384 0 0 128 128 0 0 
_1.ptx 1230 : 4096 29216 0 0 0 0 0 0 0 
_1.ptx 1231 : 4096 0 0 0 0 0 0 0 0 
_1.ptx 1232 : 4096 29120 0 0 0 0 0 0 0 
_1.ptx 1233 : 4096 41248 0 0 0 0 0 0 0 
_1.ptx 1234 : 4096 29184 0 0 0 0 0 0 0 
_1.ptx 1237 : 163840 1318656 0 0 0 0 0 0 0 
_1.ptx 1238 : 163840 0 0 0 0 0 0 0 0 
_1.ptx 1239 : 163840 1809248 0 0 0 0 0 0 0 
_1.ptx 1240 : 163840 1648064 0 0 0 0 0 0 0 
_1.ptx 1241 : 163840 1811552 0 0 0 0 0 0 0 
_1.ptx 1242 : 163840 2157984 0 0 0 0 0 0 0 
_1.ptx 1243 : 163840 1171488 0 0 0 0 0 0 0 
_1.ptx 1244 : 163840 2002560 0 0 0 0 0 0 0 
_1.ptx 1245 : 163840 1814016 0 0 0 0 0 0 0 
_1.ptx 1246 : 163840 1173760 0 0 0 0 0 0 0 
_1.ptx 1247 : 163840 1895744 0 0 0 0 0 0 0 
_1.ptx 1248 : 163840 1809280 0 0 0 0 0 0 0 
_1.ptx 1249 : 163840 1809152 0 0 0 0 0 0 0 
_1.ptx 1250 : 163840 1158464 0 0 0 0 0 0 0 
_1.ptx 1251 : 163840 1891136 0 0 0 0 0 0 0 
_1.ptx 1252 : 163840 1808992 0 0 0 0 0 0 0 
_1.ptx 1253 : 163840 1809472 0 0 0 0 0 0 0 
_1.ptx 1254 : 163840 1809216 0 0 0 0 0 0 0 
_1.ptx 1255 : 163840 1158912 0 0 0 0 0 0 0 
_1.ptx 1256 : 163840 1953440 0 0 0 0 0 0 0 
_1.ptx 1257 : 163840 1808672 0 0 0 0 0 0 0 
_1.ptx 1258 : 163840 495104 0 0 0 0 0 0 0 
_1.ptx 1259 : 163840 993760 0 0 0 0 0 0 0 
_1.ptx 1260 : 163840 1174176 0 0 0 0 0 0 0 
_1.ptx 1264 : 9748480 2803675104 37549952 0 0 0 0 0 0 
_1.ptx 1265 : 9748480 39514944 0 0 0 0 0 0 0 
_1.ptx 1266 : 9748480 2960906784 38836096 0 0 0 0 0 0 
_1.ptx 1267 : 9748480 107534752 0 0 0 0 0 0 0 
_1.ptx 1268 : 9748480 88031168 0 0 0 0 0 0 0 
_1.ptx 1270 : 9748480 2882683808 38993920 0 0 0 0 0 0 
_1.ptx 1271 : 9748480 68976864 0 0 0 0 0 0 0 
_1.ptx 1272 : 9748480 107589888 0 0 0 0 0 0 0 
_1.ptx 1273 : 9748480 69023552 0 0 0 0 0 0 0 
_1.ptx 1274 : 9748480 60633152 0 0 0 0 0 0 0 
_1.ptx 1275 : 9748480 146563424 0 0 0 0 0 0 0 
_1.ptx 1276 : 9748480 68887968 0 0 0 0 0 0 0 
_1.ptx 1277 : 9748480 457781664 0 0 0 0 0 0 0 
_1.ptx 1279 : 9748480 107592448 0 0 0 0 0 0 0 
_1.ptx 1280 : 9748480 107544896 0 0 0 0 0 0 0 
_1.ptx 1281 : 9748480 107617888 0 0 0 0 0 0 0 
_1.ptx 1282 : 9748480 458637696 0 0 0 0 0 0 0 
_1.ptx 1283 : 9748480 88166880 0 0 0 0 0 0 0 
_1.ptx 1284 : 9748480 49113632 0 0 0 0 0 0 0 
_1.ptx 1285 : 9748480 97922496 0 0 0 0 0 0 0 
_1.ptx 1286 : 9748480 98237984 0 0 0 0 0 0 0 
_1.ptx 1287 : 9748480 98405984 0 0 0 0 0 0 0 
_1.ptx 1288 : 9748480 98559008 0 0 0 0 0 0 0 
_1.ptx 1289 : 9748480 98607616 0 0 0 0 0 0 0 
_1.ptx 1290 : 9748480 60128192 0 0 0 0 0 0 0 
_1.ptx 1291 : 9748480 78507264 0 0 0 0 0 0 0 
_1.ptx 1292 : 9748480 58014048 0 0 0 0 0 0 0 
_1.ptx 1294 : 163840 1646208 0 0 0 0 0 0 0 
_1.ptx 1295 : 163840 993280 0 0 0 0 0 0 0 
_1.ptx 1296 : 163840 1317568 0 0 0 0 0 0 0 
_1.ptx 1297 : 163840 965344 0 0 0 0 0 0 0 
_1.ptx 1300 : 4096 1056608 13440 0 0 0 0 0 0 
_1.ptx 1301 : 4096 20576 16384 0 0 128 128 0 0 
_1.ptx 1302 : 4096 45120 0 0 0 0 0 0 0 
_1.ptx 1303 : 4096 45216 0 0 0 0 0 0 0 
_1.ptx 1304 : 4096 45536 0 0 0 0 0 0 0 
_1.ptx 1305 : 4096 25120 0 0 0 0 0 0 0 
_1.ptx 1306 : 4096 32800 0 0 0 0 0 0 0 
_1.ptx 1307 : 4096 0 0 0 0 0 0 0 0 
_1.ptx 1310 : 4096 24608 0 0 0 0 0 0 0 
_1.ptx 1329 : 4096 24576 0 0 0 0 0 0 0 
_1.ptx 1330 : 4096 24576 0 0 0 0 0 0 0 
_1.ptx 1331 : 4096 60672 0 0 0 0 0 0 0 
_1.ptx 1332 : 4096 24576 0 0 0 0 0 0 0 
_1.ptx 1333 : 4096 45600 0 0 0 0 0 0 0 
_1.ptx 1334 : 4096 28800 0 0 0 0 0 0 0 
_1.ptx 1335 : 4096 24576 0 0 0 0 0 0 0 
_1.ptx 1336 : 4096 33152 0 0 0 0 0 0 0 
_1.ptx 1337 : 4096 0 0 0 0 0 0 0 0 
_1.ptx 1338 : 4096 1040992 128 0 0 0 0 0 0 
_1.ptx 1339 : 4096 24608 0 0 0 0 0 0 0 
_1.ptx 1340 : 4096 32896 0 0 0 0 0 0 0 
_1.ptx 1341 : 4096 12288 0 0 0 0 0 0 0 
_1.ptx 1342 : 4096 25056 0 0 0 0 0 0 0 
_1.ptx 1343 : 4096 33376 0 0 0 0 0 0 0 
_1.ptx 1344 : 4096 34464 0 0 0 0 0 0 0 
_1.ptx 1345 : 4096 1076352 128 0 0 0 0 0 0 
_1.ptx 1346 : 4096 24576 0 0 0 0 0 0 0 
_1.ptx 1347 : 4096 34240 0 0 0 0 0 0 0 
_1.ptx 1348 : 4096 24576 0 0 0 0 0 0 0 
_1.ptx 1349 : 4096 64352 0 0 0 0 0 0 0 
_1.ptx 1350 : 4096 28672 0 0 0 0 0 0 0 
_1.ptx 1351 : 4096 1043680 128 0 0 0 0 0 0 
_1.ptx 1352 : 4096 29024 0 0 0 0 0 0 0 
_1.ptx 1353 : 4096 47904 0 0 0 0 0 0 0 
_1.ptx 1354 : 4096 47072 0 0 0 0 0 0 0 
_1.ptx 1355 : 4096 43488 0 0 0 0 0 0 0 
_1.ptx 1356 : 4096 32640 0 0 0 0 0 0 0 
_1.ptx 1357 : 4096 30976 0 0 0 0 0 0 0 
_1.ptx 1358 : 4096 34688 0 0 0 0 0 0 0 
_1.ptx 1359 : 4096 35840 0 0 0 0 0 0 0 
_1.ptx 1360 : 4096 33056 0 0 0 0 0 0 0 
_1.ptx 1361 : 4096 32800 0 0 0 0 0 0 0 
_1.ptx 1362 : 4096 33056 0 0 0 0 0 0 0 
_1.ptx 1365 : 4096 0 0 0 0 0 0 0 0 
_1.ptx 1366 : 4096 35328 0 0 0 0 0 0 0 
_1.ptx 1367 : 4096 30016 0 0 0 0 0 0 0 
_1.ptx 1368 : 4096 31168 0 0 0 0 0 0 0 
_1.ptx 1369 : 4096 24864 0 0 0 0 0 0 0 
_1.ptx 1370 : 4096 29728 0 0 0 0 0 0 0 
_1.ptx 1374 : 327680 1993600 0 0 0 0 0 0 0 
_1.ptx 1375 : 327680 29928352 1310720 0 0 0 0 0 0 
_1.ptx 1377 : 327680 1990592 0 0 0 0 0 0 0 
_1.ptx 1378 : 327680 30494240 1310720 0 0 0 0 0 0 
_1.ptx 1379 : 327680 3299552 0 0 0 0 0 0 0 
_1.ptx 1380 : 327680 3313856 0 0 0 0 0 0 0 
_1.ptx 1381 : 327680 3318176 0 0 0 0 0 0 0 
_1.ptx 1382 : 327680 2647744 0 0 0 0 0 0 0 
_1.ptx 1383 : 327680 1974240 0 0 0 0 0 0 0 
_1.ptx 1386 : 4096 0 0 0 0 0 0 0 0 
_1.ptx 1387 : 4096 29376 0 0 0 0 0 0 0 
_1.ptx 1388 : 4096 25824 0 0 0 0 0 0 0 
_1.ptx 1389 : 4096 29504 0 0 0 0 0 0 0 
_1.ptx 1393 : 163840 1797920 0 0 0 0 0 0 0 
_1.ptx 1394 : 163840 1341152 0 0 0 0 0 0 0 
_1.ptx 1395 : 163840 1469696 0 0 0 0 0 0 0 
_1.ptx 1396 : 163840 0 0 0 0 0 0 0 0 
_1.ptx 1397 : 163840 1956672 0 0 0 0 0 0 0 
_1.ptx 1398 : 163840 1823136 0 0 0 0 0 0 0 
_1.ptx 1399 : 163840 692928 0 0 0 0 0 0 0 
_1.ptx 1400 : 163840 2896544 0 0 0 0 0 0 0 
_1.ptx 1401 : 163840 1331776 0 0 0 0 0 0 0 
_1.ptx 1402 : 163840 3111136 0 0 0 0 0 0 0 
_1.ptx 1403 : 163840 1923456 0 0 0 0 0 0 0 
_1.ptx 1404 : 163840 1364864 0 0 0 0 0 0 0 
_1.ptx 1405 : 163840 2161376 0 0 0 0 0 0 0 
_1.ptx 1406 : 163840 1918368 0 0 0 0 0 0 0 
_1.ptx 1407 : 163840 48421344 655360 0 0 0 0 0 0 
_1.ptx 1408 : 163840 1933024 0 0 0 0 0 0 0 
_1.ptx 1409 : 163840 1357376 0 0 0 0 0 0 0 
_1.ptx 1410 : 163840 1291488 0 0 0 0 0 0 0 
_1.ptx 1411 : 163840 1375520 0 0 0 0 0 0 0 
_1.ptx 1415 : 9748480 114791712 0 0 0 0 0 0 0 
_1.ptx 1416 : 9748480 77835680 0 0 0 0 0 0 0 
_1.ptx 1417 : 9748480 132981152 0 0 0 0 0 0 0 
_1.ptx 1418 : 9748480 114016000 0 0 0 0 0 0 0 
_1.ptx 1419 : 9748480 42248416 512 0 0 0 0 0 0 
_1.ptx 1421 : 9748480 113332576 0 0 0 0 0 0 0 
_1.ptx 1422 : 9748480 890646688 2579968 0 0 0 0 0 0 
_1.ptx 1423 : 9748480 114894656 0 0 0 0 0 0 0 
_1.ptx 1424 : 9748480 115305184 0 0 0 0 0 0 0 
_1.ptx 1425 : 9748480 79242976 0 0 0 0 0 0 0 
_1.ptx 1426 : 9748480 72863424 0 0 0 0 0 0 0 
_1.ptx 1427 : 9748480 154386240 0 0 0 0 0 0 0 
_1.ptx 1428 : 9748480 78063104 0 0 0 0 0 0 0 
_1.ptx 1429 : 9748480 481376416 0 0 0 0 0 0 0 
_1.ptx 1430 : 9748480 114820768 0 0 0 0 0 0 0 
_1.ptx 1432 : 9748480 115983488 0 0 0 0 0 0 0 
_1.ptx 1433 : 9748480 80692480 0 0 0 0 0 0 0 
_1.ptx 1434 : 9748480 82784704 0 0 0 0 0 0 0 
_1.ptx 1435 : 9748480 83343424 0 0 0 0 0 0 0 
_1.ptx 1436 : 9748480 78239552 0 0 0 0 0 0 0 
_1.ptx 1437 : 9748480 154726048 0 0 0 0 0 0 0 
_1.ptx 1438 : 9748480 152336128 0 0 0 0 0 0 0 
_1.ptx 1439 : 9748480 160433344 0 0 0 0 0 0 0 
_1.ptx 1440 : 9748480 78947520 0 0 0 0 0 0 0 
_1.ptx 1441 : 9748480 71466400 0 0 0 0 0 0 0 
_1.ptx 1442 : 9748480 118791104 0 0 0 0 0 0 0 
_1.ptx 1443 : 9748480 173268768 0 0 0 0 0 0 0 
_1.ptx 1444 : 9748480 115567136 0 0 0 0 0 0 0 
_1.ptx 1445 : 9748480 50693920 0 0 0 0 0 0 0 
_1.ptx 1446 : 9748480 106287456 0 0 0 0 0 0 0 
_1.ptx 1447 : 9748480 107828992 0 0 0 0 0 0 0 
_1.ptx 1448 : 9748480 86817408 0 0 0 0 0 0 0 
_1.ptx 1449 : 9748480 67123808 0 0 0 0 0 0 0 
_1.ptx 1451 : 163840 1339968 0 0 0 0 0 0 0 
_1.ptx 1452 : 163840 1470912 0 0 0 0 0 0 0 
_1.ptx 1453 : 163840 1148800 0 0 0 0 0 0 0 
_1.ptx 1456 : 4096 0 0 0 0 0 0 0 0 
_1.ptx 1457 : 4096 46272 0 0 0 0 0 0 0 
_1.ptx 1458 : 4096 31488 0 0 0 0 0 0 0 
_1.ptx 1459 : 4096 28704 0 0 0 0 0 0 0 
_1.ptx 1460 : 4096 31456 0 0 0 0 0 0 0 
_1.ptx 1461 : 4096 351552 0 0 0 0 0 0 0 
_1.ptx 1462 : 4096 47360 0 0 0 0 0 0 0 
_1.ptx 1463 : 4096 31744 0 0 0 0 0 0 0 
_1.ptx 1464 : 4096 33120 0 0 0 0 0 0 0 
_1.ptx 1465 : 4096 12352 0 0 0 0 0 0 0 
_1.ptx 1466 : 4096 29248 0 0 0 0 0 0 0 
_1.ptx 1467 : 4096 29888 0 0 0 0 0 0 0 
_1.ptx 1468 : 4096 32800 0 0 0 0 0 0 0 
_1.ptx 1472 : 163840 1250432 0 0 0 0 0 0 0 
_1.ptx 1473 : 163840 1244320 0 0 0 0 0 0 0 
_1.ptx 1474 : 163840 1866496 0 0 0 0 0 0 0 
_1.ptx 1475 : 163840 1271520 0 0 0 0 0 0 0 
_1.ptx 1476 : 163840 1137952 0 0 0 0 0 0 0 
_1.ptx 1477 : 163840 2560192 0 0 0 0 0 0 0 
_1.ptx 1478 : 163840 68820320 0 0 0 0 0 0 0 
_1.ptx 1479 : 163840 1219232 0 0 0 0 0 0 0 
_1.ptx 1481 : 163840 1524672 0 0 0 0 0 0 0 
_1.ptx 1483 : 163840 839136 655360 0 0 0 0 0 0 
_1.ptx 1485 : 163840 824224 655360 0 0 0 0 0 0 
_1.ptx 1486 : 163840 1689664 0 0 0 0 0 0 0 
_1.ptx 1487 : 163840 1706400 0 0 0 0 0 0 0 
_1.ptx 1488 : 163840 1714880 0 0 0 0 0 0 0 
_1.ptx 1489 : 163840 1736960 0 0 0 0 0 0 0 
_1.ptx 1490 : 163840 1481632 0 0 0 0 0 0 0 
_1.ptx 1491 : 163840 1039296 0 0 0 0 0 0 0 
_1.ptx 1493 : 4096 0 0 0 0 0 0 0 0 
_1.ptx 1494 : 4096 30784 0 0 0 0 0 0 0 
_1.ptx 1495 : 4096 31104 0 0 0 0 0 0 0 
_1.ptx 1496 : 4096 31200 0 0 0 0 0 0 0 
_1.ptx 1497 : 4096 27936 0 0 0 0 0 0 0 
_1.ptx 1498 : 4096 27360 0 0 0 0 0 0 0 
_1.ptx 1499 : 4096 31072 0 0 0 0 0 0 0 
_1.ptx 1503 : 61440 325536 256 0 0 0 0 0 0 
_1.ptx 1504 : 61440 442912 0 0 0 0 0 0 0 
_1.ptx 1505 : 61440 6329696 0 0 0 0 0 0 0 
_1.ptx 1506 : 61440 684992 0 0 0 0 0 0 0 
_1.ptx 1507 : 61440 3243104 384 0 0 0 0 0 0 
_1.ptx 1508 : 61440 328096 256 0 0 0 0 0 0 
_1.ptx 1509 : 61440 684448 0 0 0 0 0 0 0 
_1.ptx 1510 : 61440 3252480 640 0 0 0 0 0 0 
_1.ptx 1511 : 61440 564544 0 0 0 0 0 0 0 
_1.ptx 1512 : 61440 448864 0 0 0 0 0 0 0 
_1.ptx 1513 : 61440 396672 0 0 0 0 0 0 0 
_1.ptx 1514 : 61440 941664 0 0 0 0 0 0 0 
_1.ptx 1515 : 61440 458880 0 0 0 0 0 0 0 
_1.ptx 1517 : 61440 462240 0 0 0 0 0 0 0 
_1.ptx 1518 : 61440 471136 0 0 0 0 0 0 0 
_1.ptx 1519 : 61440 429952 0 0 0 0 0 0 0 
_1.ptx 1520 : 61440 1007776 0 0 0 0 0 0 0 
_1.ptx 1521 : 61440 463072 0 0 0 0 0 0 0 
_1.ptx 1522 : 61440 407040 0 0 0 0 0 0 0 
_1.ptx 1523 : 61440 520352 0 0 0 0 0 0 0 
_1.ptx 1524 : 61440 572544 0 0 0 0 0 0 0 
_1.ptx 1525 : 61440 637472 0 0 0 0 0 0 0 
_1.ptx 1526 : 61440 647488 0 0 0 0 0 0 0 
_1.ptx 1527 : 61440 649856 0 0 0 0 0 0 0 
_1.ptx 1528 : 61440 505792 0 0 0 0 0 0 0 
_1.ptx 1529 : 61440 358336 0 0 0 0 0 0 0 
_1.ptx 1530 : 4096 24672 0 0 0 0 0 0 0 
_1.ptx 1534 : 4096 0 0 0 0 0 0 0 0 
_1.ptx 1535 : 4096 29056 0 0 0 0 0 0 0 
_1.ptx 1536 : 4096 25024 0 0 0 0 0 0 0 
_1.ptx 1537 : 4096 12288 0 0 0 0 0 0 0 
_1.ptx 1538 : 4096 24928 0 0 0 0 0 0 0 
_1.ptx 1539 : 4096 25184 0 0 0 0 0 0 0 
_1.ptx 1540 : 4096 29216 0 0 0 0 0 0 0 
_1.ptx 1544 : 163840 1174656 0 0 0 0 0 0 0 
_1.ptx 1545 : 163840 40606272 526080 0 0 0 0 0 0 
_1.ptx 1546 : 163840 1828800 0 0 0 0 0 0 0 
_1.ptx 1547 : 163840 1192448 0 0 0 0 0 0 0 
_1.ptx 1548 : 163840 1039808 0 0 0 0 0 0 0 
_1.ptx 1549 : 163840 2499968 0 0 0 0 0 0 0 
_1.ptx 1550 : 163840 65521216 0 0 0 0 0 0 0 
_1.ptx 1551 : 163840 1174848 0 0 0 0 0 0 0 
_1.ptx 1552 : 163840 1667168 0 0 0 0 0 0 0 
_1.ptx 1553 : 163840 1668800 0 0 0 0 0 0 0 
_1.ptx 1554 : 163840 1326464 0 0 0 0 0 0 0 
_1.ptx 1555 : 163840 987264 0 0 0 0 0 0 0 
_1.ptx 1556 : 4096 25248 0 0 0 0 0 0 0 
_1.ptx 1561 : 4096 45472 0 0 0 0 0 0 0 
_1.ptx 1563 : 4096 20512 16384 0 0 128 128 0 0 
_1.ptx 1564 : 4096 45344 0 0 0 0 0 0 0 
_1.ptx 1565 : 4096 45472 0 0 0 0 0 0 0 
_1.ptx 1566 : 4096 25600 0 0 0 0 0 0 0 
_1.ptx 1567 : 4096 33120 0 0 0 0 0 0 0 
_1.ptx 1568 : 4096 0 0 0 0 0 0 0 0 
_1.ptx 1571 : 4096 24896 0 0 0 0 0 0 0 
