kernel line : count latency dram_traffic smem_bk_conflicts smem_warp gmem_access_generated gmem_warp exposed_latency warp_divergence
_1.ptx 200 : 61440 495968 0 0 0 0 0 0 0 
_1.ptx 68 : 61440 432768 0 0 0 0 0 0 0 
_1.ptx 69 : 61440 439616 0 0 0 0 0 0 0 
_1.ptx 70 : 61440 1988288 0 0 0 0 0 0 0 
_1.ptx 71 : 61440 414688 0 0 0 0 0 0 0 
_1.ptx 72 : 61440 725344 0 0 0 0 0 0 0 
_1.ptx 73 : 61440 513632 0 0 0 0 0 0 0 
_1.ptx 74 : 61440 6150208 128 0 0 0 0 0 0 
_1.ptx 75 : 61440 565696 0 0 0 0 0 0 0 
_1.ptx 76 : 61440 0 0 0 0 0 0 0 0 
_1.ptx 77 : 61440 2656736 0 0 0 0 0 0 0 
_1.ptx 78 : 61440 469344 0 0 0 0 0 0 0 
_1.ptx 79 : 61440 955680 0 0 0 0 0 0 0 
_1.ptx 80 : 61440 479232 0 0 0 0 0 0 0 
_1.ptx 81 : 61440 2243680 0 0 0 0 0 0 0 
_1.ptx 82 : 61440 502656 0 0 0 0 0 0 0 
_1.ptx 83 : 61440 2209152 0 0 0 0 0 0 0 
_1.ptx 84 : 61440 491968 0 0 0 0 0 0 0 
_1.ptx 85 : 61440 2649088 0 0 0 0 0 0 0 
_1.ptx 86 : 61440 603904 0 0 0 0 0 0 0 
_1.ptx 87 : 61440 2217248 0 0 0 0 0 0 0 
_1.ptx 88 : 61440 726912 0 0 0 0 0 0 0 
_1.ptx 89 : 61440 2297824 0 0 0 0 0 0 0 
_1.ptx 90 : 61440 2298080 0 0 0 0 0 0 0 
_1.ptx 91 : 61440 731520 0 0 0 0 0 0 0 
_1.ptx 92 : 61440 2468800 0 0 0 0 0 0 0 
_1.ptx 93 : 61440 734656 0 0 0 0 0 0 0 
_1.ptx 94 : 61440 2662144 0 0 0 0 0 0 0 
_1.ptx 95 : 61440 733792 0 0 0 0 0 0 0 
_1.ptx 96 : 61440 2454976 0 0 0 0 0 0 0 
_1.ptx 97 : 61440 730944 0 0 0 0 0 0 0 
_1.ptx 101 : 2000000 1268611680 8000000 0 0 62500 62500 0 0 
_1.ptx 102 : 2000000 1261167136 8000000 0 0 62500 62500 0 0 
_1.ptx 103 : 2000000 1267202784 8000000 0 0 62500 62500 0 0 
_1.ptx 104 : 2000000 25778592 0 0 0 0 0 0 0 
_1.ptx 105 : 2000000 149719296 0 0 0 0 0 0 0 
_1.ptx 106 : 2000000 78000224 0 0 0 0 0 0 0 
_1.ptx 107 : 2000000 16041984 0 0 0 0 0 0 0 
_1.ptx 108 : 2000000 81883264 0 0 0 0 0 0 0 
_1.ptx 109 : 2000000 25560160 0 0 0 0 0 0 0 
_1.ptx 110 : 2000000 13763520 0 0 0 0 0 0 0 
_1.ptx 111 : 2000000 25751072 0 0 0 0 0 0 0 
_1.ptx 112 : 2000000 14049408 0 0 0 0 0 0 0 
_1.ptx 113 : 2000000 25330784 0 0 0 0 0 0 0 
_1.ptx 114 : 2000000 82972736 0 0 0 0 0 0 0 
_1.ptx 115 : 2000000 19031072 0 0 0 0 0 0 0 
_1.ptx 116 : 2000000 24843680 0 0 0 0 0 0 0 
_1.ptx 117 : 2000000 145482560 0 0 0 0 0 0 0 
_1.ptx 118 : 2000000 23818720 0 0 0 0 0 0 0 
_1.ptx 119 : 2000000 23389376 0 0 0 0 0 0 0 
_1.ptx 120 : 2000000 13765728 0 0 0 0 0 0 0 
_1.ptx 121 : 2000000 17651584 0 0 0 0 0 0 0 
_1.ptx 122 : 2000000 14043872 0 0 0 0 0 0 0 
_1.ptx 123 : 2000000 24510112 0 0 0 0 0 0 0 
_1.ptx 124 : 2000000 17147744 0 0 0 0 0 0 0 
_1.ptx 125 : 2000000 14636544 0 0 0 0 0 0 0 
_1.ptx 126 : 2000000 17489952 0 0 0 0 0 0 0 
_1.ptx 127 : 2000000 14262784 0 0 0 0 0 0 0 
_1.ptx 128 : 2000000 24295072 0 0 0 0 0 0 0 
_1.ptx 129 : 2000000 16136928 0 0 0 0 0 0 0 
_1.ptx 130 : 2000000 24476064 0 0 0 0 0 0 0 
_1.ptx 131 : 2000000 14737312 0 0 0 0 0 0 0 
_1.ptx 132 : 2000000 15012160 0 0 0 0 0 0 0 
_1.ptx 133 : 2000000 19369376 0 0 0 0 0 0 0 
_1.ptx 134 : 2000000 24774240 0 0 0 0 0 0 0 
_1.ptx 135 : 2000000 14877536 0 0 0 0 0 0 0 
_1.ptx 136 : 2000000 15226560 0 0 0 0 0 0 0 
_1.ptx 137 : 2000000 19106560 0 0 0 0 0 0 0 
_1.ptx 138 : 2000000 13676800 0 0 0 0 0 0 0 
_1.ptx 139 : 2000000 24659648 0 0 0 0 0 0 0 
_1.ptx 140 : 2000000 81502848 0 0 0 0 0 0 0 
_1.ptx 141 : 2000000 13933024 0 0 0 0 0 0 0 
_1.ptx 142 : 2000000 24696288 0 0 0 0 0 0 0 
_1.ptx 143 : 2000000 94845376 0 0 0 0 0 0 0 
_1.ptx 144 : 2000000 93641280 0 0 0 0 0 0 0 
_1.ptx 145 : 2000000 13805312 0 0 0 0 0 0 0 
_1.ptx 146 : 2000000 14187456 0 0 0 0 0 0 0 
_1.ptx 147 : 2000000 19093440 0 0 0 0 0 0 0 
_1.ptx 148 : 2000000 101720864 0 0 0 0 0 0 0 
_1.ptx 149 : 2000000 14109696 0 0 0 0 0 0 0 
_1.ptx 150 : 2000000 14370848 0 0 0 0 0 0 0 
_1.ptx 151 : 2000000 19093504 0 0 0 0 0 0 0 
_1.ptx 152 : 2000000 13720032 0 0 0 0 0 0 0 
_1.ptx 153 : 2000000 24632640 0 0 0 0 0 0 0 
_1.ptx 154 : 2000000 13702528 0 0 0 0 0 0 0 
_1.ptx 155 : 2000000 19118912 0 0 0 0 0 0 0 
_1.ptx 156 : 2000000 13668800 0 0 0 0 0 0 0 
_1.ptx 157 : 2000000 24598848 0 0 0 0 0 0 0 
_1.ptx 158 : 2000000 13655136 0 0 0 0 0 0 0 
_1.ptx 159 : 2000000 19109568 0 0 0 0 0 0 0 
_1.ptx 160 : 2000000 13626624 0 0 0 0 0 0 0 
_1.ptx 161 : 2000000 19044640 0 0 0 0 0 0 0 
_1.ptx 162 : 2000000 13582720 0 0 0 0 0 0 0 
_1.ptx 163 : 2000000 19183968 0 0 0 0 0 0 0 
_1.ptx 164 : 2000000 13570912 0 0 0 0 0 0 0 
_1.ptx 165 : 2000000 19037088 0 0 0 0 0 0 0 
_1.ptx 166 : 2000000 13592448 0 0 0 0 0 0 0 
_1.ptx 167 : 2000000 18995584 0 0 0 0 0 0 0 
_1.ptx 168 : 2000000 24177568 0 0 0 0 0 0 0 
_1.ptx 169 : 2000000 24384608 0 0 0 0 0 0 0 
_1.ptx 170 : 2000000 24399168 0 0 0 0 0 0 0 
_1.ptx 171 : 2000000 24652832 0 0 0 0 0 0 0 
_1.ptx 172 : 2000000 13782912 0 0 0 0 0 0 0 
_1.ptx 173 : 2000000 23338592 0 0 0 0 0 0 0 
_1.ptx 174 : 2000000 13694816 0 0 0 0 0 0 0 
_1.ptx 175 : 2000000 23071072 0 0 0 0 0 0 0 
_1.ptx 176 : 2000000 19120320 0 0 0 0 0 0 0 
_1.ptx 177 : 2000000 18950400 0 0 0 0 0 0 0 
_1.ptx 178 : 2000000 24099072 0 0 0 0 0 0 0 
_1.ptx 179 : 2000000 24576096 0 0 0 0 0 0 0 
_1.ptx 180 : 2000000 23087296 0 0 0 0 0 0 0 
_1.ptx 181 : 2000000 104687904 8000000 0 0 62500 62500 0 0 
_1.ptx 182 : 2000000 14298112 0 0 0 0 0 0 0 
_1.ptx 183 : 2000000 23927488 0 0 0 0 0 0 0 
_1.ptx 184 : 2000000 27524448 0 0 0 0 0 0 0 
_1.ptx 185 : 2000000 15761056 0 0 0 0 0 0 0 
_1.ptx 186 : 2000000 24102016 0 0 0 0 0 0 0 
_1.ptx 187 : 2000000 26360000 0 0 0 0 0 0 0 
_1.ptx 188 : 2000000 23786592 0 0 0 0 0 0 0 
_1.ptx 189 : 2000000 119282720 8000000 0 0 62500 62500 0 0 
_1.ptx 190 : 2000000 23628192 0 0 0 0 0 0 0 
_1.ptx 191 : 2000000 24027296 0 0 0 0 0 0 0 
_1.ptx 192 : 2000000 24345184 0 0 0 0 0 0 0 
_1.ptx 193 : 2000000 24785920 0 0 0 0 0 0 0 
_1.ptx 194 : 2000000 25286112 0 0 0 0 0 0 0 
_1.ptx 195 : 2000000 25126752 0 0 0 0 0 0 0 
_1.ptx 196 : 2000000 19816992 0 0 0 0 0 0 0 
_1.ptx 197 : 2000000 15307616 0 0 0 0 0 0 0 
