kernel line : count latency dram_traffic smem_bk_conflicts smem_warp gmem_access_generated gmem_warp exposed_latency warp_divergence
_1.ptx 199 : 19456000 114891328 0 0 0 0 0 0 0 
_1.ptx 200 : 3891200 29153376 0 0 0 0 0 0 0 
_1.ptx 205 : 199424 1326144 0 0 0 0 0 0 0 
_1.ptx 207 : 4090624 1334976 0 0 0 0 0 0 0 
_1.ptx 209 : 3891200 13056736 0 0 0 0 0 0 0 
_1.ptx 210 : 3891200 31592800 0 0 0 0 0 0 0 
_1.ptx 211 : 3891200 40967584 0 0 0 0 0 0 0 
_1.ptx 212 : 3891200 46627776 0 0 0 0 0 0 0 
_1.ptx 213 : 3891200 21426144 15564800 0 0 121600 121600 0 0 
_1.ptx 216 : 4090624 30069088 0 0 0 0 0 0 0 
_1.ptx 63 : 215296 1296000 0 0 0 0 0 0 0 
_1.ptx 64 : 215296 1296000 0 0 0 0 0 0 0 
_1.ptx 65 : 215296 3246080 0 0 0 0 0 0 0 
_1.ptx 66 : 215296 1293728 0 0 0 0 0 0 0 
_1.ptx 67 : 215296 2393728 0 0 0 0 0 0 0 
_1.ptx 68 : 215296 85833088 128 0 0 0 0 0 0 
_1.ptx 69 : 215296 1750240 0 0 0 0 0 0 0 
_1.ptx 70 : 215296 68064 0 0 0 0 0 0 0 
_1.ptx 71 : 204800 71585792 0 0 0 0 0 0 0 
_1.ptx 72 : 204800 1296608 0 0 0 0 0 0 0 
_1.ptx 73 : 204800 1671936 0 0 0 0 0 0 0 
_1.ptx 74 : 204800 0 0 0 0 0 0 0 0 
_1.ptx 75 : 204800 1482976 0 0 0 0 0 0 0 
_1.ptx 76 : 204800 2301024 0 0 0 0 0 0 0 
_1.ptx 77 : 204800 1463072 0 0 0 0 0 0 0 
_1.ptx 78 : 204800 2276640 0 0 0 0 0 0 0 
_1.ptx 79 : 204800 1446272 0 0 0 0 0 0 0 
_1.ptx 80 : 204800 2319168 0 0 0 0 0 0 0 
_1.ptx 81 : 204800 76196224 0 0 0 0 0 0 0 
_1.ptx 82 : 204800 1443360 0 0 0 0 0 0 0 
_1.ptx 83 : 204800 2398272 0 0 0 0 0 0 0 
_1.ptx 84 : 204800 2268640 0 0 0 0 0 0 0 
_1.ptx 85 : 204800 102607104 0 0 0 0 0 0 0 
_1.ptx 86 : 204800 1470944 0 0 0 0 0 0 0 
_1.ptx 87 : 204800 2315424 0 0 0 0 0 0 0 
_1.ptx 88 : 204800 2265248 0 0 0 0 0 0 0 
_1.ptx 89 : 204800 1514944 0 0 0 0 0 0 0 
_1.ptx 93 : 6963200 10197218752 28928128 0 0 6963200 217600 0 0 
_1.ptx 94 : 6963200 5439288448 27852800 0 0 217600 217600 0 0 
_1.ptx 95 : 6963200 69871200 0 0 0 0 0 0 0 
_1.ptx 96 : 6963200 69793408 0 0 0 0 0 0 0 
_1.ptx 97 : 6963200 76670080 0 0 0 0 0 0 0 
_1.ptx 98 : 6963200 55957664 0 0 0 0 0 0 0 
_1.ptx 99 : 6963200 40567744 0 0 0 0 0 0 0 
_1.ptx 103 : 215296 1293984 0 0 0 0 0 0 0 
_1.ptx 125 : 4090624 28089952 0 0 0 0 0 0 0 
_1.ptx 126 : 4090624 28263456 0 0 0 0 0 0 0 
_1.ptx 127 : 4090624 55750144 0 0 0 0 0 0 0 
_1.ptx 128 : 4090624 28296832 0 0 0 0 0 0 0 
_1.ptx 129 : 4090624 48864000 0 0 0 0 0 0 0 
_1.ptx 130 : 4090624 28873824 0 0 0 0 0 0 0 
_1.ptx 131 : 4090624 51594528 0 0 0 0 0 0 0 
_1.ptx 132 : 4090624 29058912 0 0 0 0 0 0 0 
_1.ptx 133 : 4090624 53174496 0 0 0 0 0 0 0 
_1.ptx 134 : 4090624 28927424 0 0 0 0 0 0 0 
_1.ptx 135 : 4090624 47744224 0 0 0 0 0 0 0 
_1.ptx 136 : 4090624 12961312 0 0 0 0 0 0 0 
_1.ptx 137 : 4090624 35931200 0 0 0 0 0 0 0 
_1.ptx 138 : 4090624 1337920 0 0 0 0 0 0 0 
_1.ptx 139 : 3891200 12292000 0 0 0 0 0 0 0 
_1.ptx 140 : 3891200 26373504 0 0 0 0 0 0 0 
_1.ptx 141 : 3891200 33702656 0 0 0 0 0 0 0 
_1.ptx 142 : 3891200 0 0 0 0 0 0 0 0 
_1.ptx 143 : 3891200 30165120 0 0 0 0 0 0 0 
_1.ptx 144 : 3891200 12262720 0 0 0 0 0 0 0 
_1.ptx 145 : 3891200 26491936 0 0 0 0 0 0 0 
_1.ptx 146 : 3891200 33872224 0 0 0 0 0 0 0 
_1.ptx 147 : 3891200 27356960 0 0 0 0 0 0 0 
_1.ptx 148 : 3891200 27331968 0 0 0 0 0 0 0 
_1.ptx 149 : 3891200 26885856 0 0 0 0 0 0 0 
_1.ptx 150 : 3891200 27125472 0 0 0 0 0 0 0 
_1.ptx 151 : 3891200 30963872 0 0 0 0 0 0 0 
_1.ptx 154 : 19456000 0 0 0 0 0 0 0 0 
_1.ptx 155 : 19456000 159938656 0 0 0 0 0 0 0 
_1.ptx 156 : 19456000 222387680 0 0 0 0 0 0 0 
_1.ptx 157 : 19456000 161624832 0 0 0 0 0 0 0 
_1.ptx 158 : 19456000 231168544 0 0 0 0 0 0 0 
_1.ptx 159 : 19456000 166837120 0 0 0 0 0 0 0 
_1.ptx 160 : 19456000 206014720 0 0 0 0 0 0 0 
_1.ptx 161 : 19456000 232478720 0 0 0 0 0 0 0 
_1.ptx 162 : 19456000 164440736 0 0 0 0 0 0 0 
_1.ptx 163 : 19456000 146864768 0 0 0 0 0 0 0 
_1.ptx 164 : 19456000 161570656 0 0 0 0 0 0 0 
_1.ptx 168 : 661504000 5785019168 0 0 0 0 0 0 0 
_1.ptx 169 : 661504000 5019804224 0 0 0 0 0 0 0 
_1.ptx 170 : 661504000 5663620608 0 0 0 0 0 0 0 
_1.ptx 171 : 661504000 4949837248 0 0 0 0 0 0 0 
_1.ptx 172 : 661504000 5640360352 0 0 0 0 0 0 0 
_1.ptx 173 : 661504000 4914508384 0 0 0 0 0 0 0 
_1.ptx 174 : 661504000 5507170528 0 0 0 0 0 0 0 
_1.ptx 175 : 661504000 242725941952 2609099392 0 0 0 0 0 0 
_1.ptx 176 : 661504000 5467601728 0 0 0 0 0 0 0 
_1.ptx 178 : 661504000 3096381568 768 0 0 0 0 0 0 
_1.ptx 179 : 661504000 7986595200 0 0 0 0 0 0 0 
_1.ptx 180 : 661504000 6767525632 0 0 0 0 0 0 0 
_1.ptx 181 : 661504000 7734424448 0 0 0 0 0 0 0 
_1.ptx 182 : 661504000 7686908416 0 0 0 0 0 0 0 
_1.ptx 183 : 661504000 8214235872 0 0 0 0 0 0 0 
_1.ptx 184 : 661504000 6242446464 0 0 0 0 0 0 0 
_1.ptx 185 : 661504000 4960906432 0 0 0 0 0 0 0 
_1.ptx 186 : 19456000 153478752 0 0 0 0 0 0 0 
_1.ptx 190 : 19456000 177310368 0 0 0 0 0 0 0 
_1.ptx 191 : 19456000 94359687 0 0 0 0 0 0 10162 
_1.ptx 193 : 6990785 58334576 0 0 0 0 0 0 0 
_1.ptx 195 : 6990785 60137355 0 0 0 0 0 0 0 
_1.ptx 197 : 19456000 221235616 0 0 0 0 0 0 0 
_1.ptx 198 : 19456000 177358208 0 0 0 0 0 0 0 
