kernel line : count latency dram_traffic smem_bk_conflicts smem_warp gmem_access_generated gmem_warp exposed_latency warp_divergence
_1.ptx 823 : 4096 24576 0 0 0 0 0 0 0 
_1.ptx 824 : 4096 24576 0 0 0 0 0 0 0 
_1.ptx 825 : 4096 60672 0 0 0 0 0 0 0 
_1.ptx 826 : 4096 24576 0 0 0 0 0 0 0 
_1.ptx 827 : 4096 45568 0 0 0 0 0 0 0 
_1.ptx 828 : 4096 29440 0 0 0 0 0 0 0 
_1.ptx 829 : 4096 24608 0 0 0 0 0 0 0 
_1.ptx 830 : 4096 33408 0 0 0 0 0 0 0 
_1.ptx 831 : 4096 0 0 0 0 0 0 0 0 
_1.ptx 832 : 4096 12288 0 0 0 0 0 0 0 
_1.ptx 833 : 4096 24576 0 0 0 0 0 0 0 
_1.ptx 834 : 4096 32768 0 0 0 0 0 0 0 
_1.ptx 835 : 4096 12288 0 0 0 0 0 0 0 
_1.ptx 836 : 4096 25824 0 0 0 0 0 0 0 
_1.ptx 837 : 4096 35296 0 0 0 0 0 0 0 
_1.ptx 838 : 4096 47968 0 0 0 0 0 0 0 
_1.ptx 839 : 4096 12288 0 0 0 0 0 0 0 
_1.ptx 840 : 4096 30304 0 0 0 0 0 0 0 
_1.ptx 841 : 4096 37408 0 0 0 0 0 0 0 
_1.ptx 842 : 4096 35488 0 0 0 0 0 0 0 
_1.ptx 843 : 4096 45792 0 0 0 0 0 0 0 
_1.ptx 844 : 4096 30784 0 0 0 0 0 0 0 
_1.ptx 845 : 4096 51744 0 0 0 0 0 0 0 
_1.ptx 846 : 4096 30272 0 0 0 0 0 0 0 
_1.ptx 847 : 4096 36224 0 0 0 0 0 0 0 
_1.ptx 848 : 4096 46848 0 0 0 0 0 0 0 
_1.ptx 849 : 4096 33536 0 0 0 0 0 0 0 
_1.ptx 850 : 4096 46080 0 0 0 0 0 0 0 
_1.ptx 851 : 4096 30496 0 0 0 0 0 0 0 
_1.ptx 852 : 4096 25856 0 0 0 0 0 0 0 
_1.ptx 853 : 4096 34240 0 0 0 0 0 0 0 
_1.ptx 854 : 4096 26720 0 0 0 0 0 0 0 
_1.ptx 855 : 4096 34592 0 0 0 0 0 0 0 
_1.ptx 856 : 4096 12288 0 0 0 0 0 0 0 
_1.ptx 857 : 4096 47200 0 0 0 0 0 0 0 
_1.ptx 858 : 4096 43712 0 0 0 0 0 0 0 
_1.ptx 859 : 4096 12288 0 0 0 0 0 0 0 
_1.ptx 860 : 4096 46816 0 0 0 0 0 0 0 
_1.ptx 861 : 4096 29472 0 0 0 0 0 0 0 
_1.ptx 862 : 4096 30848 0 0 0 0 0 0 0 
_1.ptx 863 : 4096 30080 0 0 0 0 0 0 0 
_1.ptx 864 : 4096 30272 0 0 0 0 0 0 0 
_1.ptx 865 : 4096 29184 0 0 0 0 0 0 0 
_1.ptx 866 : 4096 29472 0 0 0 0 0 0 0 
_1.ptx 867 : 4096 24576 0 0 0 0 0 0 0 
_1.ptx 868 : 4096 24576 0 0 0 0 0 0 0 
_1.ptx 869 : 4096 25472 0 0 0 0 0 0 0 
_1.ptx 870 : 4096 25472 0 0 0 0 0 0 0 
_1.ptx 873 : 4096 0 0 0 0 0 0 0 0 
_1.ptx 874 : 4096 29536 0 0 0 0 0 0 0 
_1.ptx 875 : 4096 26912 0 0 0 0 0 0 0 
_1.ptx 876 : 4096 26464 0 0 0 0 0 0 0 
_1.ptx 877 : 4096 25120 0 0 0 0 0 0 0 
_1.ptx 878 : 4096 29824 0 0 0 0 0 0 0 
_1.ptx 882 : 327680 1971776 0 0 0 0 0 0 0 
_1.ptx 883 : 327680 30738944 1310720 0 0 0 0 0 0 
_1.ptx 885 : 327680 1969696 0 0 0 0 0 0 0 
_1.ptx 886 : 327680 31451328 1310720 0 0 0 0 0 0 
_1.ptx 887 : 327680 3285376 0 0 0 0 0 0 0 
_1.ptx 888 : 327680 3285504 0 0 0 0 0 0 0 
_1.ptx 889 : 327680 3296192 0 0 0 0 0 0 0 
_1.ptx 890 : 327680 2630624 0 0 0 0 0 0 0 
_1.ptx 891 : 327680 1952448 0 0 0 0 0 0 0 
_1.ptx 894 : 4096 0 0 0 0 0 0 0 0 
_1.ptx 895 : 4096 28896 0 0 0 0 0 0 0 
_1.ptx 896 : 4096 24992 0 0 0 0 0 0 0 
_1.ptx 897 : 4096 24672 0 0 0 0 0 0 0 
_1.ptx 898 : 4096 24672 0 0 0 0 0 0 0 
_1.ptx 899 : 4096 28736 0 0 0 0 0 0 0 
_1.ptx 903 : 327680 126096768 1309568 0 0 0 0 0 0 
_1.ptx 904 : 327680 4549152 1305088 0 0 0 0 0 0 
_1.ptx 905 : 327680 3285472 0 0 0 0 0 0 0 
_1.ptx 906 : 327680 3285568 0 0 0 0 0 0 0 
_1.ptx 907 : 327680 3307776 0 0 0 0 0 0 0 
_1.ptx 908 : 327680 2631712 0 0 0 0 0 0 0 
_1.ptx 909 : 327680 1954752 0 0 0 0 0 0 0 
_1.ptx 911 : 4096 0 0 0 0 0 0 0 0 
_1.ptx 912 : 4096 29376 0 0 0 0 0 0 0 
_1.ptx 913 : 4096 26176 0 0 0 0 0 0 0 
_1.ptx 914 : 4096 29216 0 0 0 0 0 0 0 
_1.ptx 918 : 163840 1709792 0 0 0 0 0 0 0 
_1.ptx 919 : 163840 1224992 0 0 0 0 0 0 0 
_1.ptx 920 : 163840 1369984 0 0 0 0 0 0 0 
_1.ptx 921 : 163840 0 0 0 0 0 0 0 0 
_1.ptx 922 : 163840 1858880 0 0 0 0 0 0 0 
_1.ptx 923 : 163840 1708448 0 0 0 0 0 0 0 
_1.ptx 924 : 163840 519712 0 0 0 0 0 0 0 
_1.ptx 925 : 163840 2421664 0 0 0 0 0 0 0 
_1.ptx 926 : 163840 2803776 0 0 0 0 0 0 0 
_1.ptx 927 : 163840 1844544 0 0 0 0 0 0 0 
_1.ptx 928 : 163840 1233248 0 0 0 0 0 0 0 
_1.ptx 929 : 163840 1774400 0 0 0 0 0 0 0 
_1.ptx 930 : 163840 1855200 0 0 0 0 0 0 0 
_1.ptx 931 : 163840 1257216 0 0 0 0 0 0 0 
_1.ptx 932 : 163840 1747968 0 0 0 0 0 0 0 
_1.ptx 933 : 163840 1847392 0 0 0 0 0 0 0 
_1.ptx 934 : 163840 49933760 655360 0 0 0 0 0 0 
_1.ptx 935 : 163840 1848576 0 0 0 0 0 0 0 
_1.ptx 936 : 163840 1238496 0 0 0 0 0 0 0 
_1.ptx 937 : 163840 1147104 0 0 0 0 0 0 0 
_1.ptx 938 : 163840 1243648 0 0 0 0 0 0 0 
_1.ptx 942 : 9748480 109913536 0 0 0 0 0 0 0 
_1.ptx 943 : 9748480 73094176 0 0 0 0 0 0 0 
_1.ptx 944 : 9748480 103374720 0 0 0 0 0 0 0 
_1.ptx 945 : 9748480 110319712 0 0 0 0 0 0 0 
_1.ptx 946 : 9748480 42080288 0 0 0 0 0 0 0 
_1.ptx 948 : 9748480 109798208 0 0 0 0 0 0 0 
_1.ptx 949 : 9748480 2857817504 37864320 0 0 0 0 0 0 
_1.ptx 950 : 9748480 110086560 0 0 0 0 0 0 0 
_1.ptx 951 : 9748480 110418688 0 0 0 0 0 0 0 
_1.ptx 952 : 9748480 73283168 0 0 0 0 0 0 0 
_1.ptx 953 : 9748480 65192448 0 0 0 0 0 0 0 
_1.ptx 954 : 9748480 149835456 0 0 0 0 0 0 0 
_1.ptx 955 : 9748480 72815360 0 0 0 0 0 0 0 
_1.ptx 956 : 9748480 455460032 0 0 0 0 0 0 0 
_1.ptx 957 : 9748480 110032288 0 0 0 0 0 0 0 
_1.ptx 959 : 9748480 110418976 0 0 0 0 0 0 0 
_1.ptx 960 : 9748480 73320640 0 0 0 0 0 0 0 
_1.ptx 961 : 9748480 74395360 0 0 0 0 0 0 0 
_1.ptx 962 : 9748480 75072832 0 0 0 0 0 0 0 
_1.ptx 963 : 9748480 68673920 0 0 0 0 0 0 0 
_1.ptx 964 : 9748480 150036736 0 0 0 0 0 0 0 
_1.ptx 965 : 9748480 149012512 0 0 0 0 0 0 0 
_1.ptx 966 : 9748480 157762400 0 0 0 0 0 0 0 
_1.ptx 967 : 9748480 72839712 0 0 0 0 0 0 0 
_1.ptx 968 : 9748480 64223584 0 0 0 0 0 0 0 
_1.ptx 969 : 9748480 111643456 0 0 0 0 0 0 0 
_1.ptx 970 : 9748480 143677184 0 0 0 0 0 0 0 
_1.ptx 971 : 9748480 110419104 0 0 0 0 0 0 0 
_1.ptx 972 : 9748480 52417952 0 0 0 0 0 0 0 
_1.ptx 974 : 9748480 109905216 0 0 0 0 0 0 0 
_1.ptx 975 : 9748480 73169344 0 0 0 0 0 0 0 
_1.ptx 976 : 9748480 104658112 0 0 0 0 0 0 0 
_1.ptx 977 : 9748480 109779520 0 0 0 0 0 0 0 
_1.ptx 978 : 9748480 52632768 38993920 0 0 0 0 0 0 
_1.ptx 979 : 9748480 100716000 0 0 0 0 0 0 0 
_1.ptx 980 : 9748480 101291040 0 0 0 0 0 0 0 
_1.ptx 981 : 9748480 81484832 0 0 0 0 0 0 0 
_1.ptx 982 : 9748480 62128832 0 0 0 0 0 0 0 
_1.ptx 984 : 163840 1226080 0 0 0 0 0 0 0 
_1.ptx 985 : 163840 1367904 0 0 0 0 0 0 0 
_1.ptx 986 : 163840 1041760 0 0 0 0 0 0 0 
_1.ptx 989 : 4096 0 0 0 0 0 0 0 0 
_1.ptx 990 : 4096 30496 0 0 0 0 0 0 0 
_1.ptx 991 : 4096 30688 0 0 0 0 0 0 0 
_1.ptx 992 : 4096 30592 0 0 0 0 0 0 0 
_1.ptx 993 : 4096 27360 0 0 0 0 0 0 0 
_1.ptx 994 : 4096 26048 0 0 0 0 0 0 0 
_1.ptx 995 : 4096 42976 0 0 0 0 0 0 0 
_1.ptx 996 : 4096 45632 0 0 0 0 0 0 0 
_1.ptx 997 : 4096 16416 0 0 0 0 0 0 0 
_1.ptx 998 : 4096 25632 0 0 0 0 0 0 0 
_1.ptx 999 : 4096 26272 0 0 0 0 0 0 0 
_1.ptx 1000 : 4096 30816 0 0 0 0 0 0 0 
_1.ptx 1004 : 163840 1183168 0 0 0 0 0 0 0 
_1.ptx 1005 : 163840 55873120 515712 0 0 0 0 0 0 
_1.ptx 1006 : 163840 1818048 0 0 0 0 0 0 0 
_1.ptx 1007 : 163840 1181440 0 0 0 0 0 0 0 
_1.ptx 1008 : 163840 1029216 0 0 0 0 0 0 0 
_1.ptx 1009 : 163840 2477056 0 0 0 0 0 0 0 
_1.ptx 1010 : 163840 1175552 0 0 0 0 0 0 0 
_1.ptx 1011 : 163840 7574432 0 0 0 0 0 0 0 
_1.ptx 1013 : 163840 1490240 0 0 0 0 0 0 0 
_1.ptx 1015 : 163840 1146432 655360 0 0 0 0 0 0 
_1.ptx 1017 : 163840 1166400 655360 0 0 0 0 0 0 
_1.ptx 1018 : 163840 1658880 0 0 0 0 0 0 0 
_1.ptx 1019 : 163840 1667680 0 0 0 0 0 0 0 
_1.ptx 1020 : 163840 1669184 0 0 0 0 0 0 0 
_1.ptx 1021 : 163840 1682944 0 0 0 0 0 0 0 
_1.ptx 1022 : 163840 1343072 0 0 0 0 0 0 0 
_1.ptx 1023 : 163840 988640 0 0 0 0 0 0 0 
_1.ptx 1025 : 4096 0 0 0 0 0 0 0 0 
_1.ptx 1026 : 4096 29472 0 0 0 0 0 0 0 
_1.ptx 1027 : 4096 26496 0 0 0 0 0 0 0 
_1.ptx 1028 : 4096 25664 0 0 0 0 0 0 0 
_1.ptx 1029 : 4096 25728 0 0 0 0 0 0 0 
_1.ptx 1030 : 4096 29376 0 0 0 0 0 0 0 
_1.ptx 1034 : 163840 1002016 0 0 0 0 0 0 0 
_1.ptx 1035 : 163840 2319424 655360 0 0 0 0 0 0 
_1.ptx 1037 : 163840 998624 0 0 0 0 0 0 0 
_1.ptx 1038 : 163840 2384064 655360 0 0 0 0 0 0 
_1.ptx 1039 : 163840 1653536 0 0 0 0 0 0 0 
_1.ptx 1040 : 163840 1654688 0 0 0 0 0 0 0 
_1.ptx 1041 : 163840 1664736 0 0 0 0 0 0 0 
_1.ptx 1042 : 163840 1323008 0 0 0 0 0 0 0 
_1.ptx 1043 : 163840 977184 0 0 0 0 0 0 0 
_1.ptx 1045 : 4096 0 0 0 0 0 0 0 0 
_1.ptx 1046 : 4096 28800 0 0 0 0 0 0 0 
_1.ptx 1047 : 4096 29184 0 0 0 0 0 0 0 
_1.ptx 1048 : 4096 29568 0 0 0 0 0 0 0 
_1.ptx 1049 : 4096 25408 0 0 0 0 0 0 0 
_1.ptx 1050 : 4096 25056 0 0 0 0 0 0 0 
_1.ptx 1051 : 4096 29056 0 0 0 0 0 0 0 
_1.ptx 1055 : 61440 331392 0 0 0 0 0 0 0 
_1.ptx 1056 : 61440 316000 0 0 0 0 0 0 0 
_1.ptx 1057 : 61440 437056 0 0 0 0 0 0 0 
_1.ptx 1058 : 61440 627168 0 0 0 0 0 0 0 
_1.ptx 1059 : 61440 680832 0 0 0 0 0 0 0 
_1.ptx 1060 : 61440 7557216 67584 0 0 0 0 0 0 
_1.ptx 1061 : 61440 680448 0 0 0 0 0 0 0 
_1.ptx 1062 : 61440 7622208 68224 0 0 0 0 0 0 
_1.ptx 1063 : 61440 558016 0 0 0 0 0 0 0 
_1.ptx 1064 : 61440 438176 0 0 0 0 0 0 0 
_1.ptx 1065 : 61440 379264 0 0 0 0 0 0 0 
_1.ptx 1066 : 61440 926432 0 0 0 0 0 0 0 
_1.ptx 1067 : 61440 439808 0 0 0 0 0 0 0 
_1.ptx 1068 : 61440 386912 0 0 0 0 0 0 0 
_1.ptx 1069 : 61440 498080 0 0 0 0 0 0 0 
_1.ptx 1070 : 61440 0 0 0 0 0 0 0 0 
_1.ptx 1072 : 61440 376384 0 0 0 0 0 0 0 
_1.ptx 1073 : 61440 557760 0 0 0 0 0 0 0 
_1.ptx 1075 : 61440 680896 0 0 0 0 0 0 0 
_1.ptx 1076 : 61440 4217184 7552 0 0 0 0 0 0 
_1.ptx 1077 : 61440 374816 0 0 0 0 0 0 0 
_1.ptx 1078 : 61440 557024 0 0 0 0 0 0 0 
_1.ptx 1079 : 61440 426240 0 0 0 0 0 0 0 
_1.ptx 1081 : 61440 681984 0 0 0 0 0 0 0 
_1.ptx 1082 : 61440 4172384 7552 0 0 0 0 0 0 
_1.ptx 1083 : 61440 373504 0 0 0 0 0 0 0 
_1.ptx 1084 : 61440 680352 0 0 0 0 0 0 0 
_1.ptx 1085 : 61440 372704 0 0 0 0 0 0 0 
_1.ptx 1087 : 61440 620256 0 0 0 0 0 0 0 
_1.ptx 1088 : 61440 621280 0 0 0 0 0 0 0 
_1.ptx 1089 : 61440 627040 0 0 0 0 0 0 0 
_1.ptx 1090 : 61440 497568 0 0 0 0 0 0 0 
_1.ptx 1091 : 61440 352032 0 0 0 0 0 0 0 
_1.ptx 1092 : 4096 25248 0 0 0 0 0 0 0 
_1.ptx 1096 : 4096 0 0 0 0 0 0 0 0 
_1.ptx 1097 : 4096 29248 0 0 0 0 0 0 0 
_1.ptx 1098 : 4096 45696 0 0 0 0 0 0 0 
_1.ptx 1099 : 4096 31712 0 0 0 0 0 0 0 
_1.ptx 1100 : 4096 41568 0 0 0 0 0 0 0 
_1.ptx 1101 : 4096 45504 0 0 0 0 0 0 0 
_1.ptx 1102 : 4096 45504 0 0 0 0 0 0 0 
_1.ptx 1103 : 4096 45568 0 0 0 0 0 0 0 
_1.ptx 1104 : 4096 29504 0 0 0 0 0 0 0 
_1.ptx 1105 : 4096 41472 0 0 0 0 0 0 0 
_1.ptx 1106 : 4096 45280 0 0 0 0 0 0 0 
_1.ptx 1107 : 4096 12512 0 0 0 0 0 0 0 
_1.ptx 1108 : 4096 29440 0 0 0 0 0 0 0 
_1.ptx 1112 : 163840 1438368 0 0 0 0 0 0 0 
_1.ptx 1113 : 163840 1156576 0 0 0 0 0 0 0 
_1.ptx 1114 : 163840 1008128 0 0 0 0 0 0 0 
_1.ptx 1115 : 163840 1482560 0 0 0 0 0 0 0 
_1.ptx 1116 : 163840 1075904 0 0 0 0 0 0 0 
_1.ptx 1118 : 163840 49489216 633344 0 0 0 0 0 0 
_1.ptx 1119 : 163840 1808864 0 0 0 0 0 0 0 
_1.ptx 1120 : 163840 1160032 0 0 0 0 0 0 0 
_1.ptx 1121 : 163840 997792 0 0 0 0 0 0 0 
_1.ptx 1122 : 163840 2465216 0 0 0 0 0 0 0 
_1.ptx 1123 : 163840 1157888 0 0 0 0 0 0 0 
_1.ptx 1124 : 163840 10177376 0 0 0 0 0 0 0 
_1.ptx 1125 : 163840 48684512 623104 0 0 0 0 0 0 
_1.ptx 1126 : 163840 1807360 0 0 0 0 0 0 0 
_1.ptx 1127 : 163840 1808032 0 0 0 0 0 0 0 
_1.ptx 1128 : 163840 1157312 0 0 0 0 0 0 0 
_1.ptx 1129 : 163840 1009216 128 0 0 0 0 0 0 
_1.ptx 1130 : 163840 1320288 0 0 0 0 0 0 0 
_1.ptx 1131 : 163840 24736 0 0 0 0 0 0 0 
_1.ptx 1133 : 159744 47141696 591744 0 0 0 0 0 0 
_1.ptx 1134 : 159744 1762304 0 0 0 0 0 0 0 
_1.ptx 1135 : 159744 1028608 0 0 0 0 0 0 0 
_1.ptx 1137 : 159744 47478208 592512 0 0 0 0 0 0 
_1.ptx 1138 : 159744 1765600 0 0 0 0 0 0 0 
_1.ptx 1139 : 159744 1131264 0 0 0 0 0 0 0 
_1.ptx 1140 : 159744 986176 0 0 0 0 0 0 0 
_1.ptx 1141 : 159744 2403904 0 0 0 0 0 0 0 
_1.ptx 1142 : 159744 1129024 0 0 0 0 0 0 0 
_1.ptx 1143 : 159744 9687104 0 0 0 0 0 0 0 
_1.ptx 1144 : 159744 1762080 0 0 0 0 0 0 0 
_1.ptx 1145 : 159744 974688 0 0 0 0 0 0 0 
_1.ptx 1147 : 163840 1647264 0 0 0 0 0 0 0 
_1.ptx 1148 : 163840 1652928 0 0 0 0 0 0 0 
_1.ptx 1149 : 163840 1657088 0 0 0 0 0 0 0 
_1.ptx 1150 : 163840 1664448 0 0 0 0 0 0 0 
_1.ptx 1151 : 163840 1663168 0 0 0 0 0 0 0 
_1.ptx 1152 : 163840 1322688 0 0 0 0 0 0 0 
_1.ptx 1153 : 163840 968032 0 0 0 0 0 0 0 
_1.ptx 1155 : 4096 0 0 0 0 0 0 0 0 
_1.ptx 1156 : 4096 28992 0 0 0 0 0 0 0 
_1.ptx 1157 : 4096 25024 0 0 0 0 0 0 0 
_1.ptx 1158 : 4096 12288 0 0 0 0 0 0 0 
_1.ptx 1159 : 4096 24576 0 0 0 0 0 0 0 
_1.ptx 1160 : 4096 24672 0 0 0 0 0 0 0 
_1.ptx 1161 : 4096 28864 0 0 0 0 0 0 0 
_1.ptx 1165 : 163840 1148416 0 0 0 0 0 0 0 
_1.ptx 1166 : 163840 46350528 655360 0 0 0 0 0 0 
_1.ptx 1167 : 163840 1802976 0 0 0 0 0 0 0 
_1.ptx 1168 : 163840 1147488 0 0 0 0 0 0 0 
_1.ptx 1169 : 163840 984064 0 0 0 0 0 0 0 
_1.ptx 1170 : 163840 2458848 0 0 0 0 0 0 0 
_1.ptx 1171 : 163840 110030624 0 0 0 0 0 0 0 
_1.ptx 1172 : 163840 1148448 0 0 0 0 0 0 0 
_1.ptx 1173 : 163840 1639456 0 0 0 0 0 0 0 
_1.ptx 1174 : 163840 1639488 0 0 0 0 0 0 0 
_1.ptx 1175 : 163840 1311360 0 0 0 0 0 0 0 
_1.ptx 1176 : 163840 959104 0 0 0 0 0 0 0 
_1.ptx 1177 : 4096 24576 0 0 0 0 0 0 0 
_1.ptx 1182 : 4096 45056 0 0 0 0 0 0 0 
_1.ptx 1183 : 4096 0 0 0 0 0 0 0 0 
_1.ptx 1184 : 4096 28672 0 0 0 0 0 0 0 
_1.ptx 1185 : 4096 12288 0 0 0 0 0 0 0 
_1.ptx 1186 : 4096 45056 0 0 0 0 0 0 0 
_1.ptx 1187 : 4096 24576 0 0 0 0 0 0 0 
_1.ptx 1188 : 4096 28672 0 0 0 0 0 0 0 
_1.ptx 1189 : 4096 28864 0 0 0 0 0 0 0 
_1.ptx 1190 : 4096 24640 0 0 0 0 0 0 0 
_1.ptx 1191 : 4096 28736 0 0 0 0 0 0 0 
_1.ptx 1195 : 163840 36486944 365440 0 0 0 0 0 0 
_1.ptx 1196 : 163840 1802912 0 0 0 0 0 0 0 
_1.ptx 1197 : 163840 1148544 0 0 0 0 0 0 0 
_1.ptx 1198 : 163840 994368 0 0 0 0 0 0 0 
_1.ptx 1199 : 163840 2458144 0 0 0 0 0 0 0 
_1.ptx 1200 : 163840 118115872 0 0 0 0 0 0 0 
_1.ptx 1201 : 163840 1147424 0 0 0 0 0 0 0 
_1.ptx 1202 : 163840 842400 0 0 0 0 0 0 0 
_1.ptx 1203 : 163840 1639040 0 0 0 0 0 0 0 
_1.ptx 1204 : 163840 1639008 0 0 0 0 0 0 0 
_1.ptx 1205 : 163840 1311136 0 0 0 0 0 0 0 
_1.ptx 1206 : 163840 958656 0 0 0 0 0 0 0 
_1.ptx 1209 : 4096 28800 0 0 0 0 0 0 0 
_1.ptx 1210 : 4096 0 0 0 0 0 0 0 0 
_1.ptx 1211 : 4096 28672 0 0 0 0 0 0 0 
_1.ptx 1212 : 4096 28704 0 0 0 0 0 0 0 
_1.ptx 1213 : 4096 588768 0 0 0 0 0 0 0 
_1.ptx 1214 : 4096 45312 0 0 0 0 0 0 0 
_1.ptx 1215 : 4096 28928 0 0 0 0 0 0 0 
_1.ptx 1219 : 163840 47176320 652800 0 0 0 0 0 0 
_1.ptx 1220 : 163840 1805856 0 0 0 0 0 0 0 
_1.ptx 1221 : 163840 933088 0 0 0 0 0 0 0 
_1.ptx 1222 : 163840 1642016 0 0 0 0 0 0 0 
_1.ptx 1223 : 163840 1644704 0 0 0 0 0 0 0 
_1.ptx 1224 : 163840 1314624 0 0 0 0 0 0 0 
_1.ptx 1225 : 163840 961920 0 0 0 0 0 0 0 
_1.ptx 1228 : 4096 21568 16384 0 0 128 128 0 0 
_1.ptx 1230 : 4096 28896 0 0 0 0 0 0 0 
_1.ptx 1231 : 4096 0 0 0 0 0 0 0 0 
_1.ptx 1232 : 4096 28832 0 0 0 0 0 0 0 
_1.ptx 1233 : 4096 41216 0 0 0 0 0 0 0 
_1.ptx 1234 : 4096 28832 0 0 0 0 0 0 0 
_1.ptx 1237 : 163840 1319328 0 0 0 0 0 0 0 
_1.ptx 1238 : 163840 0 0 0 0 0 0 0 0 
_1.ptx 1239 : 163840 1809216 0 0 0 0 0 0 0 
_1.ptx 1240 : 163840 1648544 0 0 0 0 0 0 0 
_1.ptx 1241 : 163840 1811808 0 0 0 0 0 0 0 
_1.ptx 1242 : 163840 1883456 0 0 0 0 0 0 0 
_1.ptx 1243 : 163840 1168288 0 0 0 0 0 0 0 
_1.ptx 1244 : 163840 1773632 0 0 0 0 0 0 0 
_1.ptx 1245 : 163840 1815776 0 0 0 0 0 0 0 
_1.ptx 1246 : 163840 1173184 0 0 0 0 0 0 0 
_1.ptx 1247 : 163840 1715552 0 0 0 0 0 0 0 
_1.ptx 1248 : 163840 1809184 0 0 0 0 0 0 0 
_1.ptx 1249 : 163840 1810272 0 0 0 0 0 0 0 
_1.ptx 1250 : 163840 1159680 0 0 0 0 0 0 0 
_1.ptx 1251 : 163840 1720448 0 0 0 0 0 0 0 
_1.ptx 1252 : 163840 1808832 0 0 0 0 0 0 0 
_1.ptx 1253 : 163840 1809152 0 0 0 0 0 0 0 
_1.ptx 1254 : 163840 1808704 0 0 0 0 0 0 0 
_1.ptx 1255 : 163840 1159424 0 0 0 0 0 0 0 
_1.ptx 1256 : 163840 1702592 0 0 0 0 0 0 0 
_1.ptx 1257 : 163840 1807648 0 0 0 0 0 0 0 
_1.ptx 1258 : 163840 638272 0 0 0 0 0 0 0 
_1.ptx 1259 : 163840 992448 0 0 0 0 0 0 0 
_1.ptx 1260 : 163840 1173760 0 0 0 0 0 0 0 
_1.ptx 1264 : 9748480 2854698304 38689536 0 0 0 0 0 0 
_1.ptx 1265 : 9748480 52811168 0 0 0 0 0 0 0 
_1.ptx 1266 : 9748480 2966738816 38991488 0 0 0 0 0 0 
_1.ptx 1267 : 9748480 107592736 0 0 0 0 0 0 0 
_1.ptx 1268 : 9748480 88050816 0 0 0 0 0 0 0 
_1.ptx 1270 : 9748480 2860817216 38993920 0 0 0 0 0 0 
_1.ptx 1271 : 9748480 69072352 0 0 0 0 0 0 0 
_1.ptx 1272 : 9748480 107627296 0 0 0 0 0 0 0 
_1.ptx 1273 : 9748480 69081152 0 0 0 0 0 0 0 
_1.ptx 1274 : 9748480 60932672 0 0 0 0 0 0 0 
_1.ptx 1275 : 9748480 146597248 0 0 0 0 0 0 0 
_1.ptx 1276 : 9748480 69004864 0 0 0 0 0 0 0 
_1.ptx 1277 : 9748480 449875776 0 0 0 0 0 0 0 
_1.ptx 1279 : 9748480 107640320 0 0 0 0 0 0 0 
_1.ptx 1280 : 9748480 107584096 0 0 0 0 0 0 0 
_1.ptx 1281 : 9748480 107646080 0 0 0 0 0 0 0 
_1.ptx 1282 : 9748480 449581280 0 0 0 0 0 0 0 
_1.ptx 1283 : 9748480 88219904 0 0 0 0 0 0 0 
_1.ptx 1284 : 9748480 62075776 0 0 0 0 0 0 0 
_1.ptx 1285 : 9748480 98005856 0 0 0 0 0 0 0 
_1.ptx 1286 : 9748480 98338144 0 0 0 0 0 0 0 
_1.ptx 1287 : 9748480 98540640 0 0 0 0 0 0 0 
_1.ptx 1288 : 9748480 98660992 0 0 0 0 0 0 0 
_1.ptx 1289 : 9748480 98744320 0 0 0 0 0 0 0 
_1.ptx 1290 : 9748480 60354656 0 0 0 0 0 0 0 
_1.ptx 1291 : 9748480 78601824 0 0 0 0 0 0 0 
_1.ptx 1292 : 9748480 58109760 0 0 0 0 0 0 0 
_1.ptx 1294 : 163840 1649472 0 0 0 0 0 0 0 
_1.ptx 1295 : 163840 995936 0 0 0 0 0 0 0 
_1.ptx 1296 : 163840 1319744 0 0 0 0 0 0 0 
_1.ptx 1297 : 163840 968032 0 0 0 0 0 0 0 
_1.ptx 1300 : 4096 1170464 16128 0 0 0 0 0 0 
_1.ptx 1301 : 4096 20608 16384 0 0 128 128 0 0 
_1.ptx 1302 : 4096 45088 0 0 0 0 0 0 0 
_1.ptx 1303 : 4096 45376 0 0 0 0 0 0 0 
_1.ptx 1304 : 4096 45600 0 0 0 0 0 0 0 
_1.ptx 1305 : 4096 25024 0 0 0 0 0 0 0 
_1.ptx 1306 : 4096 32864 0 0 0 0 0 0 0 
_1.ptx 1307 : 4096 0 0 0 0 0 0 0 0 
_1.ptx 1310 : 4096 24736 0 0 0 0 0 0 0 
_1.ptx 1329 : 4096 24576 0 0 0 0 0 0 0 
_1.ptx 1330 : 4096 24576 0 0 0 0 0 0 0 
_1.ptx 1331 : 4096 60672 0 0 0 0 0 0 0 
_1.ptx 1332 : 4096 24576 0 0 0 0 0 0 0 
_1.ptx 1333 : 4096 45600 0 0 0 0 0 0 0 
_1.ptx 1334 : 4096 28800 0 0 0 0 0 0 0 
_1.ptx 1335 : 4096 24576 0 0 0 0 0 0 0 
_1.ptx 1336 : 4096 33152 0 0 0 0 0 0 0 
_1.ptx 1337 : 4096 0 0 0 0 0 0 0 0 
_1.ptx 1338 : 4096 1040992 128 0 0 0 0 0 0 
_1.ptx 1339 : 4096 24608 0 0 0 0 0 0 0 
_1.ptx 1340 : 4096 32896 0 0 0 0 0 0 0 
_1.ptx 1341 : 4096 12288 0 0 0 0 0 0 0 
_1.ptx 1342 : 4096 25056 0 0 0 0 0 0 0 
_1.ptx 1343 : 4096 33376 0 0 0 0 0 0 0 
_1.ptx 1344 : 4096 34464 0 0 0 0 0 0 0 
_1.ptx 1345 : 4096 1076352 128 0 0 0 0 0 0 
_1.ptx 1346 : 4096 24576 0 0 0 0 0 0 0 
_1.ptx 1347 : 4096 34240 0 0 0 0 0 0 0 
_1.ptx 1348 : 4096 24576 0 0 0 0 0 0 0 
_1.ptx 1349 : 4096 64352 0 0 0 0 0 0 0 
_1.ptx 1350 : 4096 28672 0 0 0 0 0 0 0 
_1.ptx 1351 : 4096 1043680 128 0 0 0 0 0 0 
_1.ptx 1352 : 4096 29024 0 0 0 0 0 0 0 
_1.ptx 1353 : 4096 47904 0 0 0 0 0 0 0 
_1.ptx 1354 : 4096 47072 0 0 0 0 0 0 0 
_1.ptx 1355 : 4096 43488 0 0 0 0 0 0 0 
_1.ptx 1356 : 4096 32640 0 0 0 0 0 0 0 
_1.ptx 1357 : 4096 30976 0 0 0 0 0 0 0 
_1.ptx 1358 : 4096 34688 0 0 0 0 0 0 0 
_1.ptx 1359 : 4096 35840 0 0 0 0 0 0 0 
_1.ptx 1360 : 4096 33056 0 0 0 0 0 0 0 
_1.ptx 1361 : 4096 32800 0 0 0 0 0 0 0 
_1.ptx 1362 : 4096 33056 0 0 0 0 0 0 0 
_1.ptx 1365 : 4096 0 0 0 0 0 0 0 0 
_1.ptx 1366 : 4096 35328 0 0 0 0 0 0 0 
_1.ptx 1367 : 4096 30016 0 0 0 0 0 0 0 
_1.ptx 1368 : 4096 31168 0 0 0 0 0 0 0 
_1.ptx 1369 : 4096 24864 0 0 0 0 0 0 0 
_1.ptx 1370 : 4096 29728 0 0 0 0 0 0 0 
_1.ptx 1374 : 327680 1992960 0 0 0 0 0 0 0 
_1.ptx 1375 : 327680 29901856 1310720 0 0 0 0 0 0 
_1.ptx 1377 : 327680 1992672 0 0 0 0 0 0 0 
_1.ptx 1378 : 327680 30385280 1310720 0 0 0 0 0 0 
_1.ptx 1379 : 327680 3299488 0 0 0 0 0 0 0 
_1.ptx 1380 : 327680 3312416 0 0 0 0 0 0 0 
_1.ptx 1381 : 327680 3318944 0 0 0 0 0 0 0 
_1.ptx 1382 : 327680 2649568 0 0 0 0 0 0 0 
_1.ptx 1383 : 327680 1974752 0 0 0 0 0 0 0 
_1.ptx 1386 : 4096 0 0 0 0 0 0 0 0 
_1.ptx 1387 : 4096 29312 0 0 0 0 0 0 0 
_1.ptx 1388 : 4096 25856 0 0 0 0 0 0 0 
_1.ptx 1389 : 4096 29472 0 0 0 0 0 0 0 
_1.ptx 1393 : 163840 1714272 0 0 0 0 0 0 0 
_1.ptx 1394 : 163840 1239328 0 0 0 0 0 0 0 
_1.ptx 1395 : 163840 1385088 0 0 0 0 0 0 0 
_1.ptx 1396 : 163840 0 0 0 0 0 0 0 0 
_1.ptx 1397 : 163840 1864160 0 0 0 0 0 0 0 
_1.ptx 1398 : 163840 1728768 0 0 0 0 0 0 0 
_1.ptx 1399 : 163840 727360 0 0 0 0 0 0 0 
_1.ptx 1400 : 163840 2540768 0 0 0 0 0 0 0 
_1.ptx 1401 : 163840 1246560 0 0 0 0 0 0 0 
_1.ptx 1402 : 163840 2750976 0 0 0 0 0 0 0 
_1.ptx 1403 : 163840 1867904 0 0 0 0 0 0 0 
_1.ptx 1404 : 163840 1291392 0 0 0 0 0 0 0 
_1.ptx 1405 : 163840 1890176 0 0 0 0 0 0 0 
_1.ptx 1406 : 163840 1862528 0 0 0 0 0 0 0 
_1.ptx 1407 : 163840 49485280 655360 0 0 0 0 0 0 
_1.ptx 1408 : 163840 1867520 0 0 0 0 0 0 0 
_1.ptx 1409 : 163840 1265024 0 0 0 0 0 0 0 
_1.ptx 1410 : 163840 1173824 0 0 0 0 0 0 0 
_1.ptx 1411 : 163840 1271040 0 0 0 0 0 0 0 
_1.ptx 1415 : 9748480 110973856 0 0 0 0 0 0 0 
_1.ptx 1416 : 9748480 72910368 0 0 0 0 0 0 0 
_1.ptx 1417 : 9748480 116261888 0 0 0 0 0 0 0 
_1.ptx 1418 : 9748480 110213088 0 0 0 0 0 0 0 
_1.ptx 1419 : 9748480 43371296 512 0 0 0 0 0 0 
_1.ptx 1421 : 9748480 110009920 0 0 0 0 0 0 0 
_1.ptx 1422 : 9748480 2391681600 27619712 0 0 0 0 0 0 
_1.ptx 1423 : 9748480 110777024 0 0 0 0 0 0 0 
_1.ptx 1424 : 9748480 111100512 0 0 0 0 0 0 0 
_1.ptx 1425 : 9748480 73713280 0 0 0 0 0 0 0 
_1.ptx 1426 : 9748480 65711968 0 0 0 0 0 0 0 
_1.ptx 1427 : 9748480 149941728 0 0 0 0 0 0 0 
_1.ptx 1428 : 9748480 73081856 0 0 0 0 0 0 0 
_1.ptx 1429 : 9748480 468151392 0 0 0 0 0 0 0 
_1.ptx 1430 : 9748480 110836416 0 0 0 0 0 0 0 
_1.ptx 1432 : 9748480 111431008 0 0 0 0 0 0 0 
_1.ptx 1433 : 9748480 74340448 0 0 0 0 0 0 0 
_1.ptx 1434 : 9748480 75631936 0 0 0 0 0 0 0 
_1.ptx 1435 : 9748480 76167808 0 0 0 0 0 0 0 
_1.ptx 1436 : 9748480 69863840 0 0 0 0 0 0 0 
_1.ptx 1437 : 9748480 150437600 0 0 0 0 0 0 0 
_1.ptx 1438 : 9748480 148935232 0 0 0 0 0 0 0 
_1.ptx 1439 : 9748480 157908704 0 0 0 0 0 0 0 
_1.ptx 1440 : 9748480 73250048 0 0 0 0 0 0 0 
_1.ptx 1441 : 9748480 65011968 0 0 0 0 0 0 0 
_1.ptx 1442 : 9748480 113017728 0 0 0 0 0 0 0 
_1.ptx 1443 : 9748480 153894496 0 0 0 0 0 0 0 
_1.ptx 1444 : 9748480 111498592 0 0 0 0 0 0 0 
_1.ptx 1445 : 9748480 52284256 0 0 0 0 0 0 0 
_1.ptx 1446 : 9748480 101962912 0 0 0 0 0 0 0 
_1.ptx 1447 : 9748480 102896512 0 0 0 0 0 0 0 
_1.ptx 1448 : 9748480 82463104 0 0 0 0 0 0 0 
_1.ptx 1449 : 9748480 62259840 0 0 0 0 0 0 0 
_1.ptx 1451 : 163840 1235328 0 0 0 0 0 0 0 
_1.ptx 1452 : 163840 1385152 0 0 0 0 0 0 0 
_1.ptx 1453 : 163840 1040192 0 0 0 0 0 0 0 
_1.ptx 1456 : 4096 0 0 0 0 0 0 0 0 
_1.ptx 1457 : 4096 46144 0 0 0 0 0 0 0 
_1.ptx 1458 : 4096 29792 0 0 0 0 0 0 0 
_1.ptx 1459 : 4096 27584 0 0 0 0 0 0 0 
_1.ptx 1460 : 4096 30560 0 0 0 0 0 0 0 
_1.ptx 1461 : 4096 384512 0 0 0 0 0 0 0 
_1.ptx 1462 : 4096 46048 0 0 0 0 0 0 0 
_1.ptx 1463 : 4096 30336 0 0 0 0 0 0 0 
_1.ptx 1464 : 4096 30592 0 0 0 0 0 0 0 
_1.ptx 1465 : 4096 12288 0 0 0 0 0 0 0 
_1.ptx 1466 : 4096 26592 0 0 0 0 0 0 0 
_1.ptx 1467 : 4096 26880 0 0 0 0 0 0 0 
_1.ptx 1468 : 4096 30624 0 0 0 0 0 0 0 
_1.ptx 1472 : 163840 1186240 0 0 0 0 0 0 0 
_1.ptx 1473 : 163840 31753184 242176 0 0 0 0 0 0 
_1.ptx 1474 : 163840 1820064 0 0 0 0 0 0 0 
_1.ptx 1475 : 163840 1173888 0 0 0 0 0 0 0 
_1.ptx 1476 : 163840 1016992 0 0 0 0 0 0 0 
_1.ptx 1477 : 163840 2474752 0 0 0 0 0 0 0 
_1.ptx 1478 : 163840 76512672 0 0 0 0 0 0 0 
_1.ptx 1479 : 163840 1161952 0 0 0 0 0 0 0 
_1.ptx 1481 : 163840 1487200 0 0 0 0 0 0 0 
_1.ptx 1483 : 163840 840864 655360 0 0 0 0 0 0 
_1.ptx 1485 : 163840 835392 655360 0 0 0 0 0 0 
_1.ptx 1486 : 163840 1660288 0 0 0 0 0 0 0 
_1.ptx 1487 : 163840 1668064 0 0 0 0 0 0 0 
_1.ptx 1488 : 163840 1672064 0 0 0 0 0 0 0 
_1.ptx 1489 : 163840 1680320 0 0 0 0 0 0 0 
_1.ptx 1490 : 163840 1461952 0 0 0 0 0 0 0 
_1.ptx 1491 : 163840 987872 0 0 0 0 0 0 0 
_1.ptx 1493 : 4096 0 0 0 0 0 0 0 0 
_1.ptx 1494 : 4096 29056 0 0 0 0 0 0 0 
_1.ptx 1495 : 4096 28960 0 0 0 0 0 0 0 
_1.ptx 1496 : 4096 29088 0 0 0 0 0 0 0 
_1.ptx 1497 : 4096 25984 0 0 0 0 0 0 0 
_1.ptx 1498 : 4096 25376 0 0 0 0 0 0 0 
_1.ptx 1499 : 4096 29792 0 0 0 0 0 0 0 
_1.ptx 1503 : 61440 322400 128 0 0 0 0 0 0 
_1.ptx 1504 : 61440 435008 0 0 0 0 0 0 0 
_1.ptx 1505 : 61440 8698112 0 0 0 0 0 0 0 
_1.ptx 1506 : 61440 678048 0 0 0 0 0 0 0 
_1.ptx 1507 : 61440 4200096 27264 0 0 0 0 0 0 
_1.ptx 1508 : 61440 323104 128 0 0 0 0 0 0 
_1.ptx 1509 : 61440 678176 0 0 0 0 0 0 0 
_1.ptx 1510 : 61440 4313696 29568 0 0 0 0 0 0 
_1.ptx 1511 : 61440 555488 0 0 0 0 0 0 0 
_1.ptx 1512 : 61440 435520 0 0 0 0 0 0 0 
_1.ptx 1513 : 61440 377280 0 0 0 0 0 0 0 
_1.ptx 1514 : 61440 927552 0 0 0 0 0 0 0 
_1.ptx 1515 : 61440 438336 0 0 0 0 0 0 0 
_1.ptx 1517 : 61440 439968 0 0 0 0 0 0 0 
_1.ptx 1518 : 61440 448864 0 0 0 0 0 0 0 
_1.ptx 1519 : 61440 401024 0 0 0 0 0 0 0 
_1.ptx 1520 : 61440 994464 0 0 0 0 0 0 0 
_1.ptx 1521 : 61440 441856 0 0 0 0 0 0 0 
_1.ptx 1522 : 61440 381536 0 0 0 0 0 0 0 
_1.ptx 1523 : 61440 498592 0 0 0 0 0 0 0 
_1.ptx 1524 : 61440 558432 0 0 0 0 0 0 0 
_1.ptx 1525 : 61440 621152 0 0 0 0 0 0 0 
_1.ptx 1526 : 61440 625760 0 0 0 0 0 0 0 
_1.ptx 1527 : 61440 626240 0 0 0 0 0 0 0 
_1.ptx 1528 : 61440 495424 0 0 0 0 0 0 0 
_1.ptx 1529 : 61440 348704 0 0 0 0 0 0 0 
_1.ptx 1530 : 4096 24704 0 0 0 0 0 0 0 
_1.ptx 1534 : 4096 0 0 0 0 0 0 0 0 
_1.ptx 1535 : 4096 28864 0 0 0 0 0 0 0 
_1.ptx 1536 : 4096 24800 0 0 0 0 0 0 0 
_1.ptx 1537 : 4096 12288 0 0 0 0 0 0 0 
_1.ptx 1538 : 4096 24864 0 0 0 0 0 0 0 
_1.ptx 1539 : 4096 24736 0 0 0 0 0 0 0 
_1.ptx 1540 : 4096 28928 0 0 0 0 0 0 0 
_1.ptx 1544 : 163840 1156928 0 0 0 0 0 0 0 
_1.ptx 1545 : 163840 46253568 655232 0 0 0 0 0 0 
_1.ptx 1546 : 163840 1806944 0 0 0 0 0 0 0 
_1.ptx 1547 : 163840 1152000 0 0 0 0 0 0 0 
_1.ptx 1548 : 163840 988704 0 0 0 0 0 0 0 
_1.ptx 1549 : 163840 2460928 0 0 0 0 0 0 0 
_1.ptx 1550 : 163840 72828448 0 0 0 0 0 0 0 
_1.ptx 1551 : 163840 1150496 0 0 0 0 0 0 0 
_1.ptx 1552 : 163840 1645536 0 0 0 0 0 0 0 
_1.ptx 1553 : 163840 1643520 0 0 0 0 0 0 0 
_1.ptx 1554 : 163840 1316032 0 0 0 0 0 0 0 
_1.ptx 1555 : 163840 968000 0 0 0 0 0 0 0 
_1.ptx 1556 : 4096 24832 0 0 0 0 0 0 0 
_1.ptx 1561 : 4096 45120 0 0 0 0 0 0 0 
_1.ptx 1563 : 4096 20480 16384 0 0 128 128 0 0 
_1.ptx 1564 : 4096 45056 0 0 0 0 0 0 0 
_1.ptx 1565 : 4096 45088 0 0 0 0 0 0 0 
_1.ptx 1566 : 4096 25184 0 0 0 0 0 0 0 
_1.ptx 1567 : 4096 32768 0 0 0 0 0 0 0 
_1.ptx 1568 : 4096 0 0 0 0 0 0 0 0 
_1.ptx 1571 : 4096 24576 0 0 0 0 0 0 0 
