kernel line : count latency dram_traffic smem_bk_conflicts smem_warp gmem_access_generated gmem_warp exposed_latency warp_divergence
_1.ptx 67 : 11796480 71260800 0 0 0 0 0 0 0 
_1.ptx 68 : 11796480 124535488 0 0 0 0 0 0 0 
_1.ptx 69 : 11796480 72092640 0 0 0 0 0 0 0 
_1.ptx 70 : 11796480 125775552 0 0 0 0 0 0 0 
_1.ptx 71 : 11796480 72921792 0 0 0 0 0 0 0 
_1.ptx 72 : 11796480 74391552 0 0 0 0 0 0 0 
_1.ptx 73 : 11796480 132979616 0 0 0 0 0 0 0 
_1.ptx 74 : 11796480 133180512 0 0 0 0 0 0 0 
_1.ptx 75 : 11796480 76440288 0 0 0 0 0 0 0 
_1.ptx 76 : 11796480 91112928 0 0 0 0 0 0 0 
_1.ptx 77 : 11796480 87090784 0 0 0 0 0 0 0 
_1.ptx 78 : 11796480 124640096 0 0 0 0 0 0 0 
_1.ptx 79 : 11796480 132330016 0 0 0 0 0 0 0 
_1.ptx 80 : 11796480 123407136 0 0 0 0 0 0 0 
_1.ptx 81 : 11796480 131917600 0 0 0 0 0 0 0 
_1.ptx 82 : 11796480 65763936 128 0 0 0 0 0 0 
_1.ptx 83 : 11796480 135762176 0 0 0 0 0 0 0 
_1.ptx 84 : 11796480 132044640 0 0 0 0 0 0 0 
_1.ptx 85 : 11796480 85452288 0 0 0 0 0 0 0 
_1.ptx 86 : 11796480 123699328 0 0 0 0 0 0 0 
_1.ptx 87 : 11796480 65076640 0 0 0 0 0 0 0 
_1.ptx 88 : 11796480 131565760 0 0 0 0 0 0 0 
_1.ptx 89 : 11796480 3694161664 94150400 0 0 737280 368640 0 0 
_1.ptx 90 : 11796480 87731136 0 737280 368640 0 0 0 0 
_1.ptx 91 : 11796480 87634688 0 0 0 737280 368640 0 0 
_1.ptx 92 : 11796480 87168608 0 737280 368640 0 0 0 0 
_1.ptx 93 : 11796480 3670678944 87193472 0 0 737280 368640 0 0 
_1.ptx 94 : 11796480 87231616 0 737280 368640 0 0 0 0 
_1.ptx 95 : 11796480 87425376 0 0 0 737280 368640 0 0 
_1.ptx 96 : 11796480 87360288 0 737280 368640 0 0 0 0 
_1.ptx 97 : 11796480 120343776 0 0 0 0 0 0 0 
_1.ptx 98 : 11796480 71664992 0 0 0 0 0 0 0 
_1.ptx 99 : 11796480 95693760 0 0 0 0 0 0 0 
_1.ptx 100 : 11796480 1482368 0 0 0 0 0 0 0 
_1.ptx 102 : 11550720 2028789856 7178368 0 0 721920 360960 0 0 
_1.ptx 103 : 11550720 69641056 0 0 0 0 0 0 0 
_1.ptx 105 : 245760 1481312 0 0 0 0 0 0 0 
_1.ptx 107 : 11796480 87155648 0 737280 368640 0 0 0 0 
_1.ptx 108 : 11796480 71099840 0 0 0 0 0 0 0 
_1.ptx 109 : 11796480 131415040 0 0 0 0 0 0 0 
_1.ptx 110 : 11796480 120329856 0 0 0 0 0 0 0 
_1.ptx 111 : 11796480 71532288 0 0 0 0 0 0 0 
_1.ptx 112 : 11796480 96089568 0 0 0 0 0 0 0 
_1.ptx 113 : 11796480 1483616 0 0 0 0 0 0 0 
_1.ptx 115 : 11550720 1844707712 221440 0 0 721920 360960 0 0 
_1.ptx 116 : 11550720 69597440 0 0 0 0 0 0 0 
_1.ptx 118 : 245760 1480128 0 0 0 0 0 0 0 
_1.ptx 120 : 11796480 85836000 0 737280 368640 0 0 0 0 
_1.ptx 122 : 11796480 71209536 0 0 0 0 0 0 0 
_1.ptx 124 : 11796480 71396640 0 0 0 0 0 0 0 
_1.ptx 125 : 11796480 70309824 128 0 0 0 0 0 0 
_1.ptx 126 : 11796480 130599552 0 737280 368640 0 0 0 0 
_1.ptx 127 : 11796480 106910720 0 0 0 0 0 0 0 
_1.ptx 128 : 11796480 70519456 0 0 0 0 0 0 0 
_1.ptx 129 : 11796480 129093920 0 737280 368640 0 0 0 0 
_1.ptx 130 : 11796480 107077728 0 0 0 0 0 0 0 
_1.ptx 131 : 11796480 68292832 0 0 0 0 0 0 0 
_1.ptx 132 : 11796480 128334944 0 737280 368640 0 0 0 0 
_1.ptx 133 : 11796480 107042464 0 0 0 0 0 0 0 
_1.ptx 134 : 11796480 69209792 0 0 0 0 0 0 0 
_1.ptx 135 : 11796480 128598816 0 737280 368640 0 0 0 0 
_1.ptx 136 : 11796480 107063200 0 0 0 0 0 0 0 
_1.ptx 137 : 11796480 67663808 0 0 0 0 0 0 0 
_1.ptx 138 : 11796480 127960928 0 737280 368640 0 0 0 0 
_1.ptx 139 : 11796480 106985056 0 0 0 0 0 0 0 
_1.ptx 140 : 11796480 68424320 0 0 0 0 0 0 0 
_1.ptx 141 : 11796480 128774080 0 737280 368640 0 0 0 0 
_1.ptx 142 : 11796480 106960352 0 0 0 0 0 0 0 
_1.ptx 143 : 11796480 67733312 0 0 0 0 0 0 0 
_1.ptx 144 : 11796480 129095040 0 737280 368640 0 0 0 0 
_1.ptx 145 : 11796480 106986528 0 0 0 0 0 0 0 
_1.ptx 146 : 11796480 69794752 0 0 0 0 0 0 0 
_1.ptx 147 : 11796480 129223040 0 737280 368640 0 0 0 0 
_1.ptx 148 : 11796480 107016864 0 0 0 0 0 0 0 
_1.ptx 149 : 11796480 68585312 0 0 0 0 0 0 0 
_1.ptx 150 : 11796480 128574624 0 737280 368640 0 0 0 0 
_1.ptx 151 : 11796480 106987296 0 0 0 0 0 0 0 
_1.ptx 152 : 11796480 69776128 0 0 0 0 0 0 0 
_1.ptx 153 : 11796480 128974016 0 737280 368640 0 0 0 0 
_1.ptx 154 : 11796480 106994912 0 0 0 0 0 0 0 
_1.ptx 155 : 11796480 68200352 0 0 0 0 0 0 0 
_1.ptx 156 : 11796480 128559744 0 737280 368640 0 0 0 0 
_1.ptx 157 : 11796480 106937728 0 0 0 0 0 0 0 
_1.ptx 158 : 11796480 69475936 0 0 0 0 0 0 0 
_1.ptx 159 : 11796480 128930432 0 737280 368640 0 0 0 0 
_1.ptx 160 : 11796480 106995104 0 0 0 0 0 0 0 
_1.ptx 161 : 11796480 67768992 0 0 0 0 0 0 0 
_1.ptx 162 : 11796480 128292512 0 737280 368640 0 0 0 0 
_1.ptx 163 : 11796480 106939744 0 0 0 0 0 0 0 
_1.ptx 164 : 11796480 69297696 0 0 0 0 0 0 0 
_1.ptx 165 : 11796480 128578304 0 737280 368640 0 0 0 0 
_1.ptx 166 : 11796480 106993728 0 0 0 0 0 0 0 
_1.ptx 167 : 11796480 68154912 0 0 0 0 0 0 0 
_1.ptx 168 : 11796480 127927616 0 737280 368640 0 0 0 0 
_1.ptx 169 : 11796480 106930432 0 0 0 0 0 0 0 
_1.ptx 170 : 11796480 68957088 0 0 0 0 0 0 0 
_1.ptx 171 : 11796480 128390176 0 737280 368640 0 0 0 0 
_1.ptx 172 : 11796480 106963392 0 0 0 0 0 0 0 
_1.ptx 173 : 11796480 67396608 0 0 0 0 0 0 0 
_1.ptx 174 : 11796480 128390720 0 737280 368640 0 0 0 0 
_1.ptx 175 : 11796480 106922400 0 0 0 0 0 0 0 
_1.ptx 177 : 11796480 68910272 0 0 0 0 0 0 0 
_1.ptx 178 : 11796480 131586048 0 0 0 0 0 0 0 
_1.ptx 179 : 11796480 86582720 47185920 0 0 737280 368640 0 0 
_1.ptx 181 : 11796480 71244864 0 0 0 0 0 0 0 
_1.ptx 182 : 11796480 72721056 0 0 0 0 0 0 0 
_1.ptx 183 : 11796480 129824096 0 737280 368640 0 0 0 0 
_1.ptx 184 : 11796480 106937344 0 0 0 0 0 0 0 
_1.ptx 185 : 11796480 68434816 0 0 0 0 0 0 0 
_1.ptx 186 : 11796480 127758144 0 737280 368640 0 0 0 0 
_1.ptx 187 : 11796480 106962112 0 0 0 0 0 0 0 
_1.ptx 188 : 11796480 67922848 0 0 0 0 0 0 0 
_1.ptx 189 : 11796480 127775520 0 737280 368640 0 0 0 0 
_1.ptx 190 : 11796480 106980288 0 0 0 0 0 0 0 
_1.ptx 191 : 11796480 66973152 0 0 0 0 0 0 0 
_1.ptx 192 : 11796480 127016800 0 737280 368640 0 0 0 0 
_1.ptx 193 : 11796480 106920704 0 0 0 0 0 0 0 
_1.ptx 194 : 11796480 67615392 0 0 0 0 0 0 0 
_1.ptx 195 : 11796480 128083360 0 737280 368640 0 0 0 0 
_1.ptx 196 : 11796480 106951232 0 0 0 0 0 0 0 
_1.ptx 197 : 11796480 66812992 0 0 0 0 0 0 0 
_1.ptx 198 : 11796480 126974048 0 737280 368640 0 0 0 0 
_1.ptx 199 : 11796480 106935712 0 0 0 0 0 0 0 
_1.ptx 200 : 11796480 67293280 0 0 0 0 0 0 0 
_1.ptx 201 : 11796480 127399808 0 737280 368640 0 0 0 0 
_1.ptx 202 : 11796480 106975264 0 0 0 0 0 0 0 
_1.ptx 203 : 11796480 66793184 0 0 0 0 0 0 0 
_1.ptx 204 : 11796480 126782432 0 737280 368640 0 0 0 0 
_1.ptx 205 : 11796480 106912768 0 0 0 0 0 0 0 
_1.ptx 206 : 11796480 66770816 0 0 0 0 0 0 0 
_1.ptx 207 : 11796480 127624352 0 737280 368640 0 0 0 0 
_1.ptx 208 : 11796480 106921760 0 0 0 0 0 0 0 
_1.ptx 209 : 11796480 67318112 0 0 0 0 0 0 0 
_1.ptx 210 : 11796480 127317568 0 737280 368640 0 0 0 0 
_1.ptx 211 : 11796480 106876352 0 0 0 0 0 0 0 
_1.ptx 212 : 11796480 68036256 0 0 0 0 0 0 0 
_1.ptx 213 : 11796480 128183936 0 737280 368640 0 0 0 0 
_1.ptx 214 : 11796480 106974304 0 0 0 0 0 0 0 
_1.ptx 215 : 11796480 67545152 0 0 0 0 0 0 0 
_1.ptx 216 : 11796480 127356480 0 737280 368640 0 0 0 0 
_1.ptx 217 : 11796480 106915136 0 0 0 0 0 0 0 
_1.ptx 218 : 11796480 68238432 0 0 0 0 0 0 0 
_1.ptx 219 : 11796480 127941632 0 737280 368640 0 0 0 0 
_1.ptx 220 : 11796480 106988384 0 0 0 0 0 0 0 
_1.ptx 221 : 11796480 67711232 0 0 0 0 0 0 0 
_1.ptx 222 : 11796480 127439136 0 737280 368640 0 0 0 0 
_1.ptx 223 : 11796480 106899296 0 0 0 0 0 0 0 
_1.ptx 224 : 11796480 68355744 0 0 0 0 0 0 0 
_1.ptx 225 : 11796480 127991168 0 737280 368640 0 0 0 0 
_1.ptx 226 : 11796480 106946304 0 0 0 0 0 0 0 
_1.ptx 227 : 11796480 67348672 0 0 0 0 0 0 0 
_1.ptx 228 : 11796480 127323392 0 737280 368640 0 0 0 0 
_1.ptx 229 : 11796480 106896384 0 0 0 0 0 0 0 
_1.ptx 230 : 11796480 67721728 0 0 0 0 0 0 0 
_1.ptx 231 : 11796480 127959040 0 737280 368640 0 0 0 0 
_1.ptx 232 : 11796480 106975456 0 0 0 0 0 0 0 
_1.ptx 234 : 11796480 86923328 1128448 0 0 737280 368640 0 0 
_1.ptx 236 : 11796480 71183424 0 0 0 0 0 0 0 
_1.ptx 237 : 11796480 72166464 0 0 0 0 0 0 0 
_1.ptx 238 : 11796480 128786080 0 737280 368640 0 0 0 0 
_1.ptx 239 : 11796480 106851872 0 0 0 0 0 0 0 
_1.ptx 240 : 11796480 68625152 0 0 0 0 0 0 0 
_1.ptx 241 : 11796480 127901120 0 737280 368640 0 0 0 0 
_1.ptx 242 : 11796480 106915520 0 0 0 0 0 0 0 
_1.ptx 243 : 11796480 67263744 0 0 0 0 0 0 0 
_1.ptx 244 : 11796480 127070048 0 737280 368640 0 0 0 0 
_1.ptx 245 : 11796480 106881216 0 0 0 0 0 0 0 
_1.ptx 246 : 11796480 68003232 0 0 0 0 0 0 0 
_1.ptx 247 : 11796480 127589376 0 737280 368640 0 0 0 0 
_1.ptx 248 : 11796480 106923904 0 0 0 0 0 0 0 
_1.ptx 249 : 11796480 66502944 0 0 0 0 0 0 0 
_1.ptx 250 : 11796480 127056224 0 737280 368640 0 0 0 0 
_1.ptx 251 : 11796480 106875360 0 0 0 0 0 0 0 
_1.ptx 252 : 11796480 67990048 0 0 0 0 0 0 0 
_1.ptx 253 : 11796480 127571648 0 737280 368640 0 0 0 0 
_1.ptx 254 : 11796480 106943712 0 0 0 0 0 0 0 
_1.ptx 255 : 11796480 67183776 0 0 0 0 0 0 0 
_1.ptx 256 : 11796480 126953792 0 737280 368640 0 0 0 0 
_1.ptx 257 : 11796480 106861536 0 0 0 0 0 0 0 
_1.ptx 258 : 11796480 68021792 0 0 0 0 0 0 0 
_1.ptx 259 : 11796480 127546240 0 737280 368640 0 0 0 0 
_1.ptx 260 : 11796480 106900064 0 0 0 0 0 0 0 
_1.ptx 261 : 11796480 66975424 0 0 0 0 0 0 0 
_1.ptx 262 : 11796480 127313216 0 737280 368640 0 0 0 0 
_1.ptx 263 : 11796480 106844384 0 0 0 0 0 0 0 
_1.ptx 264 : 11796480 67957888 0 0 0 0 0 0 0 
_1.ptx 265 : 11796480 127520864 0 737280 368640 0 0 0 0 
_1.ptx 266 : 11796480 106880736 0 0 0 0 0 0 0 
_1.ptx 267 : 11796480 66940896 0 0 0 0 0 0 0 
_1.ptx 268 : 11796480 126772960 0 737280 368640 0 0 0 0 
_1.ptx 269 : 11796480 106863328 0 0 0 0 0 0 0 
_1.ptx 270 : 11796480 67813472 0 0 0 0 0 0 0 
_1.ptx 271 : 11796480 127466432 0 737280 368640 0 0 0 0 
_1.ptx 272 : 11796480 106962656 0 0 0 0 0 0 0 
_1.ptx 273 : 11796480 65425152 0 0 0 0 0 0 0 
_1.ptx 274 : 11796480 126585824 0 737280 368640 0 0 0 0 
_1.ptx 275 : 11796480 106847936 0 0 0 0 0 0 0 
_1.ptx 276 : 11796480 68244928 0 0 0 0 0 0 0 
_1.ptx 277 : 11796480 127878208 0 737280 368640 0 0 0 0 
_1.ptx 278 : 11796480 106859328 0 0 0 0 0 0 0 
_1.ptx 279 : 11796480 67576416 0 0 0 0 0 0 0 
_1.ptx 280 : 11796480 127063296 0 737280 368640 0 0 0 0 
_1.ptx 281 : 11796480 106866368 0 0 0 0 0 0 0 
_1.ptx 282 : 11796480 68351904 0 0 0 0 0 0 0 
_1.ptx 283 : 11796480 127956832 0 737280 368640 0 0 0 0 
_1.ptx 284 : 11796480 106873536 0 0 0 0 0 0 0 
_1.ptx 285 : 11796480 67436480 0 0 0 0 0 0 0 
_1.ptx 286 : 11796480 127050016 0 737280 368640 0 0 0 0 
_1.ptx 287 : 11796480 106880768 0 0 0 0 0 0 0 
_1.ptx 289 : 11796480 86448608 47185920 0 0 737280 368640 0 0 
_1.ptx 291 : 11796480 71089216 0 0 0 0 0 0 0 
_1.ptx 292 : 11796480 73064608 0 0 0 0 0 0 0 
_1.ptx 293 : 11796480 129678144 0 737280 368640 0 0 0 0 
_1.ptx 294 : 11796480 106795456 0 0 0 0 0 0 0 
_1.ptx 295 : 11796480 68460480 0 0 0 0 0 0 0 
_1.ptx 296 : 11796480 127076224 0 737280 368640 0 0 0 0 
_1.ptx 297 : 11796480 106803520 0 0 0 0 0 0 0 
_1.ptx 298 : 11796480 68248896 0 0 0 0 0 0 0 
_1.ptx 299 : 11796480 127595424 0 737280 368640 0 0 0 0 
_1.ptx 300 : 11796480 106904768 0 0 0 0 0 0 0 
_1.ptx 301 : 11796480 67273824 0 0 0 0 0 0 0 
_1.ptx 302 : 11796480 126733344 0 737280 368640 0 0 0 0 
_1.ptx 303 : 11796480 106828256 0 0 0 0 0 0 0 
_1.ptx 304 : 11796480 68055392 0 0 0 0 0 0 0 
_1.ptx 305 : 11796480 127483296 0 737280 368640 0 0 0 0 
_1.ptx 306 : 11796480 106913248 0 0 0 0 0 0 0 
_1.ptx 307 : 11796480 67417312 0 0 0 0 0 0 0 
_1.ptx 308 : 11796480 126663808 0 737280 368640 0 0 0 0 
_1.ptx 309 : 11796480 106822432 0 0 0 0 0 0 0 
_1.ptx 310 : 11796480 68103936 0 0 0 0 0 0 0 
_1.ptx 311 : 11796480 127453504 0 737280 368640 0 0 0 0 
_1.ptx 312 : 11796480 106874304 0 0 0 0 0 0 0 
_1.ptx 313 : 11796480 67465984 0 0 0 0 0 0 0 
_1.ptx 314 : 11796480 126561088 0 737280 368640 0 0 0 0 
_1.ptx 315 : 11796480 106821888 0 0 0 0 0 0 0 
_1.ptx 316 : 11796480 67484864 0 0 0 0 0 0 0 
_1.ptx 317 : 11796480 127471648 0 737280 368640 0 0 0 0 
_1.ptx 318 : 11796480 106900704 0 0 0 0 0 0 0 
_1.ptx 319 : 11796480 67153312 0 0 0 0 0 0 0 
_1.ptx 320 : 11796480 126557376 0 737280 368640 0 0 0 0 
_1.ptx 321 : 11796480 106871680 0 0 0 0 0 0 0 
_1.ptx 322 : 11796480 68077312 0 0 0 0 0 0 0 
_1.ptx 323 : 11796480 127455968 0 737280 368640 0 0 0 0 
_1.ptx 324 : 11796480 106897056 0 0 0 0 0 0 0 
_1.ptx 325 : 11796480 67463776 0 0 0 0 0 0 0 
_1.ptx 326 : 11796480 126608288 0 737280 368640 0 0 0 0 
_1.ptx 327 : 11796480 106830368 0 0 0 0 0 0 0 
_1.ptx 328 : 11796480 68242176 0 0 0 0 0 0 0 
_1.ptx 329 : 11796480 128046528 0 737280 368640 0 0 0 0 
_1.ptx 330 : 11796480 106881888 0 0 0 0 0 0 0 
_1.ptx 331 : 11796480 67123040 0 0 0 0 0 0 0 
_1.ptx 332 : 11796480 126664416 0 737280 368640 0 0 0 0 
_1.ptx 333 : 11796480 106827264 0 0 0 0 0 0 0 
_1.ptx 334 : 11796480 68149760 0 0 0 0 0 0 0 
_1.ptx 335 : 11796480 127454688 0 737280 368640 0 0 0 0 
_1.ptx 336 : 11796480 106904640 0 0 0 0 0 0 0 
_1.ptx 337 : 11796480 67510272 0 0 0 0 0 0 0 
_1.ptx 338 : 11796480 129229824 0 737280 368640 0 0 0 0 
_1.ptx 339 : 11796480 106854304 0 0 0 0 0 0 0 
_1.ptx 340 : 11796480 68344352 0 0 0 0 0 0 0 
_1.ptx 341 : 11796480 127554208 0 737280 368640 0 0 0 0 
_1.ptx 342 : 11796480 106865440 0 0 0 0 0 0 0 
_1.ptx 344 : 11796480 87201376 1470720 0 0 737280 368640 0 0 
_1.ptx 346 : 11796480 71020384 0 0 0 0 0 0 0 
_1.ptx 365 : 11796480 72248928 0 0 0 0 0 0 0 
_1.ptx 366 : 11796480 130869792 0 0 0 0 0 0 0 
_1.ptx 367 : 11796480 72974496 0 0 0 0 0 0 0 
_1.ptx 368 : 11796480 131219360 0 0 0 0 0 0 0 
_1.ptx 369 : 11796480 59109792 0 0 0 0 0 0 0 
_1.ptx 370 : 11796480 72931744 0 0 0 0 0 0 0 
_1.ptx 371 : 11796480 72591232 0 0 0 0 0 0 0 
_1.ptx 372 : 11796480 131752192 0 0 0 0 0 0 0 
_1.ptx 373 : 11796480 121158688 0 0 0 0 0 0 0 
_1.ptx 374 : 11796480 129449920 0 0 0 0 0 0 0 
_1.ptx 375 : 11796480 86887808 0 0 0 0 0 0 0 
_1.ptx 376 : 11796480 132775584 0 0 0 0 0 0 0 
_1.ptx 377 : 11796480 74096896 0 0 0 0 0 0 0 
_1.ptx 378 : 11796480 87271680 0 0 0 0 0 0 0 
_1.ptx 379 : 11796480 86705984 0 0 0 0 0 0 0 
_1.ptx 380 : 11796480 131879584 0 0 0 0 0 0 0 
_1.ptx 381 : 11796480 132481568 0 0 0 0 0 0 0 
_1.ptx 382 : 11796480 130618336 0 0 0 0 0 0 0 
_1.ptx 383 : 11796480 132363904 0 0 0 0 0 0 0 
_1.ptx 384 : 11796480 139451200 0 0 0 0 0 0 0 
_1.ptx 385 : 11796480 132955360 0 0 0 0 0 0 0 
_1.ptx 386 : 11796480 132674080 0 0 0 0 0 0 0 
_1.ptx 387 : 11796480 86874688 0 0 0 0 0 0 0 
_1.ptx 388 : 11796480 128178016 0 0 0 0 0 0 0 
_1.ptx 389 : 11796480 62306080 0 0 0 0 0 0 0 
_1.ptx 390 : 11796480 131993504 0 0 0 0 0 0 0 
_1.ptx 391 : 11796480 131740800 0 0 0 0 0 0 0 
_1.ptx 392 : 11796480 2264956800 1073792 0 0 737280 368640 0 0 
_1.ptx 393 : 11796480 94312416 0 737280 368640 0 0 0 0 
_1.ptx 394 : 11796480 121386400 0 0 0 0 0 0 0 
_1.ptx 395 : 11796480 84832608 0 0 0 0 0 0 0 
_1.ptx 396 : 11796480 122432896 0 0 0 0 0 0 0 
_1.ptx 397 : 11796480 131370016 0 0 0 0 0 0 0 
_1.ptx 398 : 11796480 3413386624 47185920 0 0 737280 368640 0 0 
_1.ptx 399 : 11796480 94961184 0 737280 368640 0 0 0 0 
_1.ptx 400 : 11796480 121208480 0 0 0 0 0 0 0 
_1.ptx 401 : 11796480 84707328 0 0 0 0 0 0 0 
_1.ptx 402 : 11796480 122109056 0 0 0 0 0 0 0 
_1.ptx 403 : 11796480 131365760 0 0 0 0 0 0 0 
_1.ptx 404 : 11796480 3447394624 47185920 0 0 737280 368640 0 0 
_1.ptx 405 : 11796480 93232512 0 737280 368640 0 0 0 0 
_1.ptx 406 : 11796480 121267040 0 0 0 0 0 0 0 
_1.ptx 407 : 11796480 84628128 0 0 0 0 0 0 0 
_1.ptx 408 : 11796480 122013632 0 0 0 0 0 0 0 
_1.ptx 409 : 11796480 131341376 0 0 0 0 0 0 0 
_1.ptx 410 : 11796480 3477260512 47186816 0 0 737280 368640 0 0 
_1.ptx 411 : 11796480 91553472 0 737280 368640 0 0 0 0 
_1.ptx 412 : 11796480 71580064 0 0 0 0 0 0 0 
_1.ptx 413 : 11796480 96394880 0 0 0 0 0 0 0 
_1.ptx 414 : 11796480 1496192 0 0 0 0 0 0 0 
_1.ptx 416 : 11550720 3393694944 46045952 0 0 721920 360960 0 0 
_1.ptx 417 : 11550720 69991072 0 0 0 0 0 0 0 
_1.ptx 419 : 245760 1492736 0 0 0 0 0 0 0 
_1.ptx 421 : 11796480 92077728 0 737280 368640 0 0 0 0 
_1.ptx 422 : 11796480 72384448 0 0 0 0 0 0 0 
_1.ptx 423 : 11796480 131305344 0 0 0 0 0 0 0 
_1.ptx 424 : 11796480 120365728 0 0 0 0 0 0 0 
_1.ptx 425 : 11796480 72029664 0 0 0 0 0 0 0 
_1.ptx 426 : 11796480 96580384 0 0 0 0 0 0 0 
_1.ptx 427 : 11796480 1489984 0 0 0 0 0 0 0 
_1.ptx 429 : 11550720 118680288 0 0 0 0 0 0 0 
_1.ptx 430 : 11550720 83567360 0 0 0 0 0 0 0 
_1.ptx 431 : 11550720 120830176 0 0 0 0 0 0 0 
_1.ptx 432 : 11550720 128883200 0 0 0 0 0 0 0 
_1.ptx 433 : 11550720 3441322784 46204160 0 0 721920 360960 0 0 
_1.ptx 434 : 11550720 70076000 0 0 0 0 0 0 0 
_1.ptx 436 : 245760 1485728 0 0 0 0 0 0 0 
_1.ptx 438 : 11796480 89494688 0 737280 368640 0 0 0 0 
_1.ptx 440 : 11796480 71567136 0 0 0 0 0 0 0 
_1.ptx 442 : 11796480 72074720 0 0 0 0 0 0 0 
_1.ptx 443 : 11796480 66611104 0 0 0 0 0 0 0 
_1.ptx 444 : 11796480 129409184 0 737280 368640 0 0 0 0 
_1.ptx 445 : 11796480 107545088 0 0 0 0 0 0 0 
_1.ptx 446 : 11796480 69847296 0 0 0 0 0 0 0 
_1.ptx 447 : 11796480 131364928 0 737280 368640 0 0 0 0 
_1.ptx 448 : 11796480 107398592 0 0 0 0 0 0 0 
_1.ptx 449 : 11796480 68370176 0 0 0 0 0 0 0 
_1.ptx 450 : 11796480 130228352 0 737280 368640 0 0 0 0 
_1.ptx 451 : 11796480 107389536 0 0 0 0 0 0 0 
_1.ptx 452 : 11796480 70638400 0 0 0 0 0 0 0 
_1.ptx 453 : 11796480 129615616 0 737280 368640 0 0 0 0 
_1.ptx 454 : 11796480 107347744 0 0 0 0 0 0 0 
_1.ptx 455 : 11796480 68436352 0 0 0 0 0 0 0 
_1.ptx 456 : 11796480 129112320 0 737280 368640 0 0 0 0 
_1.ptx 457 : 11796480 107268608 0 0 0 0 0 0 0 
_1.ptx 458 : 11796480 69375424 0 0 0 0 0 0 0 
_1.ptx 459 : 11796480 128847840 0 737280 368640 0 0 0 0 
_1.ptx 460 : 11796480 107276992 0 0 0 0 0 0 0 
_1.ptx 461 : 11796480 66292384 0 0 0 0 0 0 0 
_1.ptx 462 : 11796480 133324864 0 737280 368640 0 0 0 0 
_1.ptx 463 : 11796480 107417312 0 0 0 0 0 0 0 
_1.ptx 464 : 11796480 71107456 0 0 0 0 0 0 0 
_1.ptx 465 : 11796480 130277856 0 737280 368640 0 0 0 0 
_1.ptx 466 : 11796480 107311872 0 0 0 0 0 0 0 
_1.ptx 467 : 11796480 68937952 0 0 0 0 0 0 0 
_1.ptx 468 : 11796480 129541408 0 737280 368640 0 0 0 0 
_1.ptx 469 : 11796480 107298688 0 0 0 0 0 0 0 
_1.ptx 470 : 11796480 70604544 0 0 0 0 0 0 0 
_1.ptx 471 : 11796480 129496416 0 737280 368640 0 0 0 0 
_1.ptx 472 : 11796480 107262432 0 0 0 0 0 0 0 
_1.ptx 473 : 11796480 68589568 0 0 0 0 0 0 0 
_1.ptx 474 : 11796480 129151616 0 737280 368640 0 0 0 0 
_1.ptx 475 : 11796480 107216192 0 0 0 0 0 0 0 
_1.ptx 476 : 11796480 69912160 0 0 0 0 0 0 0 
_1.ptx 477 : 11796480 129252288 0 737280 368640 0 0 0 0 
_1.ptx 478 : 11796480 107210656 0 0 0 0 0 0 0 
_1.ptx 479 : 11796480 67732256 0 0 0 0 0 0 0 
_1.ptx 480 : 11796480 129027104 0 737280 368640 0 0 0 0 
_1.ptx 481 : 11796480 107174944 0 0 0 0 0 0 0 
_1.ptx 482 : 11796480 69117920 0 0 0 0 0 0 0 
_1.ptx 483 : 11796480 128690560 0 737280 368640 0 0 0 0 
_1.ptx 484 : 11796480 107162112 0 0 0 0 0 0 0 
_1.ptx 485 : 11796480 67654624 0 0 0 0 0 0 0 
_1.ptx 486 : 11796480 128146528 0 737280 368640 0 0 0 0 
_1.ptx 487 : 11796480 107142400 0 0 0 0 0 0 0 
_1.ptx 488 : 11796480 68606720 0 0 0 0 0 0 0 
_1.ptx 489 : 11796480 128146752 0 737280 368640 0 0 0 0 
_1.ptx 490 : 11796480 107146848 0 0 0 0 0 0 0 
_1.ptx 491 : 11796480 67010144 0 0 0 0 0 0 0 
_1.ptx 492 : 11796480 127852256 0 737280 368640 0 0 0 0 
_1.ptx 493 : 11796480 107162656 0 0 0 0 0 0 0 
_1.ptx 495 : 11796480 65956896 0 0 0 0 0 0 0 
_1.ptx 496 : 11796480 132944128 0 0 0 0 0 0 0 
_1.ptx 497 : 11796480 131753664 0 0 0 0 0 0 0 
_1.ptx 498 : 11796480 88740160 29734528 0 0 737280 368640 0 0 
_1.ptx 500 : 11796480 71700736 0 0 0 0 0 0 0 
_1.ptx 501 : 11796480 73265792 0 0 0 0 0 0 0 
_1.ptx 502 : 11796480 130401728 0 737280 368640 0 0 0 0 
_1.ptx 503 : 11796480 107135104 0 0 0 0 0 0 0 
_1.ptx 504 : 11796480 69553632 0 0 0 0 0 0 0 
_1.ptx 505 : 11796480 128884032 0 737280 368640 0 0 0 0 
_1.ptx 506 : 11796480 107166048 0 0 0 0 0 0 0 
_1.ptx 507 : 11796480 67317088 0 0 0 0 0 0 0 
_1.ptx 508 : 11796480 127875936 0 737280 368640 0 0 0 0 
_1.ptx 509 : 11796480 107119968 0 0 0 0 0 0 0 
_1.ptx 510 : 11796480 68057344 0 0 0 0 0 0 0 
_1.ptx 511 : 11796480 127884512 0 737280 368640 0 0 0 0 
_1.ptx 512 : 11796480 107322080 0 0 0 0 0 0 0 
_1.ptx 513 : 11796480 66111104 0 0 0 0 0 0 0 
_1.ptx 514 : 11796480 128857856 0 737280 368640 0 0 0 0 
_1.ptx 515 : 11796480 107125952 0 0 0 0 0 0 0 
_1.ptx 516 : 11796480 68328928 0 0 0 0 0 0 0 
_1.ptx 517 : 11796480 129175264 0 737280 368640 0 0 0 0 
_1.ptx 518 : 11796480 107137216 0 0 0 0 0 0 0 
_1.ptx 519 : 11796480 66837824 0 0 0 0 0 0 0 
_1.ptx 520 : 11796480 128199040 0 737280 368640 0 0 0 0 
_1.ptx 521 : 11796480 107152096 0 0 0 0 0 0 0 
_1.ptx 522 : 11796480 68587712 0 0 0 0 0 0 0 
_1.ptx 523 : 11796480 128352768 0 737280 368640 0 0 0 0 
_1.ptx 524 : 11796480 107127808 0 0 0 0 0 0 0 
_1.ptx 525 : 11796480 66918112 0 0 0 0 0 0 0 
_1.ptx 526 : 11796480 127545152 0 737280 368640 0 0 0 0 
_1.ptx 527 : 11796480 107089472 0 0 0 0 0 0 0 
_1.ptx 528 : 11796480 69120288 0 0 0 0 0 0 0 
_1.ptx 529 : 11796480 129451776 0 737280 368640 0 0 0 0 
_1.ptx 530 : 11796480 107109728 0 0 0 0 0 0 0 
_1.ptx 531 : 11796480 66647008 0 0 0 0 0 0 0 
_1.ptx 532 : 11796480 129375264 0 737280 368640 0 0 0 0 
_1.ptx 533 : 11796480 107162080 0 0 0 0 0 0 0 
_1.ptx 534 : 11796480 69343200 0 0 0 0 0 0 0 
_1.ptx 535 : 11796480 128897216 0 737280 368640 0 0 0 0 
_1.ptx 536 : 11796480 107197856 0 0 0 0 0 0 0 
_1.ptx 537 : 11796480 67362848 0 0 0 0 0 0 0 
_1.ptx 538 : 11796480 128385408 0 737280 368640 0 0 0 0 
_1.ptx 539 : 11796480 107140000 0 0 0 0 0 0 0 
_1.ptx 540 : 11796480 69058848 0 0 0 0 0 0 0 
_1.ptx 541 : 11796480 128564864 0 737280 368640 0 0 0 0 
_1.ptx 542 : 11796480 107100096 0 0 0 0 0 0 0 
_1.ptx 543 : 11796480 67547936 0 0 0 0 0 0 0 
_1.ptx 544 : 11796480 128322336 0 737280 368640 0 0 0 0 
_1.ptx 545 : 11796480 107081440 0 0 0 0 0 0 0 
_1.ptx 546 : 11796480 68966208 0 0 0 0 0 0 0 
_1.ptx 547 : 11796480 128592832 0 737280 368640 0 0 0 0 
_1.ptx 548 : 11796480 107110464 0 0 0 0 0 0 0 
_1.ptx 549 : 11796480 67277440 0 0 0 0 0 0 0 
_1.ptx 550 : 11796480 128262144 0 737280 368640 0 0 0 0 
_1.ptx 551 : 11796480 107181920 0 0 0 0 0 0 0 
_1.ptx 553 : 11796480 131859808 0 0 0 0 0 0 0 
_1.ptx 554 : 11796480 88526016 29044544 0 0 737280 368640 0 0 
_1.ptx 556 : 11796480 71480992 0 0 0 0 0 0 0 
_1.ptx 557 : 11796480 71547584 0 0 0 0 0 0 0 
_1.ptx 558 : 11796480 128892128 0 737280 368640 0 0 0 0 
_1.ptx 559 : 11796480 107065952 0 0 0 0 0 0 0 
_1.ptx 560 : 11796480 69145504 0 0 0 0 0 0 0 
_1.ptx 561 : 11796480 128288960 0 737280 368640 0 0 0 0 
_1.ptx 562 : 11796480 107216352 0 0 0 0 0 0 0 
_1.ptx 563 : 11796480 65838016 0 0 0 0 0 0 0 
_1.ptx 564 : 11796480 128556768 0 737280 368640 0 0 0 0 
_1.ptx 565 : 11796480 107094944 0 0 0 0 0 0 0 
_1.ptx 566 : 11796480 69100672 0 0 0 0 0 0 0 
_1.ptx 567 : 11796480 128796032 0 737280 368640 0 0 0 0 
_1.ptx 568 : 11796480 107058816 0 0 0 0 0 0 0 
_1.ptx 569 : 11796480 67479552 0 0 0 0 0 0 0 
_1.ptx 570 : 11796480 128250688 0 737280 368640 0 0 0 0 
_1.ptx 571 : 11796480 107075616 0 0 0 0 0 0 0 
_1.ptx 572 : 11796480 69004864 0 0 0 0 0 0 0 
_1.ptx 573 : 11796480 128593504 0 737280 368640 0 0 0 0 
_1.ptx 574 : 11796480 107044576 0 0 0 0 0 0 0 
_1.ptx 575 : 11796480 67471008 0 0 0 0 0 0 0 
_1.ptx 576 : 11796480 127677696 0 737280 368640 0 0 0 0 
_1.ptx 577 : 11796480 107037344 0 0 0 0 0 0 0 
_1.ptx 578 : 11796480 69024512 0 0 0 0 0 0 0 
_1.ptx 579 : 11796480 128650176 0 737280 368640 0 0 0 0 
_1.ptx 580 : 11796480 106981824 0 0 0 0 0 0 0 
_1.ptx 581 : 11796480 67449504 0 0 0 0 0 0 0 
_1.ptx 582 : 11796480 127945024 0 737280 368640 0 0 0 0 
_1.ptx 583 : 11796480 107031328 0 0 0 0 0 0 0 
_1.ptx 584 : 11796480 69063872 0 0 0 0 0 0 0 
_1.ptx 585 : 11796480 129054752 0 737280 368640 0 0 0 0 
_1.ptx 586 : 11796480 107037024 0 0 0 0 0 0 0 
_1.ptx 587 : 11796480 67125888 0 0 0 0 0 0 0 
_1.ptx 588 : 11796480 127865312 0 737280 368640 0 0 0 0 
_1.ptx 589 : 11796480 106992672 0 0 0 0 0 0 0 
_1.ptx 590 : 11796480 68826688 0 0 0 0 0 0 0 
_1.ptx 591 : 11796480 128020992 0 737280 368640 0 0 0 0 
_1.ptx 592 : 11796480 107001248 0 0 0 0 0 0 0 
_1.ptx 593 : 11796480 66988672 0 0 0 0 0 0 0 
_1.ptx 594 : 11796480 133231456 0 737280 368640 0 0 0 0 
_1.ptx 595 : 11796480 107038112 0 0 0 0 0 0 0 
_1.ptx 596 : 11796480 70167904 0 0 0 0 0 0 0 
_1.ptx 597 : 11796480 129626048 0 737280 368640 0 0 0 0 
_1.ptx 598 : 11796480 107051328 0 0 0 0 0 0 0 
_1.ptx 599 : 11796480 67908320 0 0 0 0 0 0 0 
_1.ptx 600 : 11796480 129888576 0 737280 368640 0 0 0 0 
_1.ptx 601 : 11796480 107074784 0 0 0 0 0 0 0 
_1.ptx 602 : 11796480 70488544 0 0 0 0 0 0 0 
_1.ptx 603 : 11796480 129369056 0 737280 368640 0 0 0 0 
_1.ptx 604 : 11796480 107082112 0 0 0 0 0 0 0 
_1.ptx 605 : 11796480 68471936 0 0 0 0 0 0 0 
_1.ptx 606 : 11796480 128803968 0 737280 368640 0 0 0 0 
_1.ptx 607 : 11796480 107102624 0 0 0 0 0 0 0 
_1.ptx 609 : 11796480 131226912 0 0 0 0 0 0 0 
_1.ptx 610 : 11796480 87988608 28388608 0 0 737280 368640 0 0 
_1.ptx 612 : 11796480 71395776 0 0 0 0 0 0 0 
_1.ptx 613 : 11796480 72731872 0 0 0 0 0 0 0 
_1.ptx 614 : 11796480 129736640 0 737280 368640 0 0 0 0 
_1.ptx 615 : 11796480 106976192 0 0 0 0 0 0 0 
_1.ptx 616 : 11796480 70423200 0 0 0 0 0 0 0 
_1.ptx 617 : 11796480 128918912 0 737280 368640 0 0 0 0 
_1.ptx 618 : 11796480 106983232 0 0 0 0 0 0 0 
_1.ptx 619 : 11796480 67409120 0 0 0 0 0 0 0 
_1.ptx 620 : 11796480 128934688 0 737280 368640 0 0 0 0 
_1.ptx 621 : 11796480 107008352 0 0 0 0 0 0 0 
_1.ptx 622 : 11796480 69343712 0 0 0 0 0 0 0 
_1.ptx 623 : 11796480 128347616 0 737280 368640 0 0 0 0 
_1.ptx 624 : 11796480 107017536 0 0 0 0 0 0 0 
_1.ptx 625 : 11796480 67761056 0 0 0 0 0 0 0 
_1.ptx 626 : 11796480 127604864 0 737280 368640 0 0 0 0 
_1.ptx 627 : 11796480 107015680 0 0 0 0 0 0 0 
_1.ptx 628 : 11796480 68973728 0 0 0 0 0 0 0 
_1.ptx 629 : 11796480 128425120 0 737280 368640 0 0 0 0 
_1.ptx 630 : 11796480 106932992 0 0 0 0 0 0 0 
_1.ptx 631 : 11796480 67387296 0 0 0 0 0 0 0 
_1.ptx 632 : 11796480 127752160 0 737280 368640 0 0 0 0 
_1.ptx 633 : 11796480 106997280 0 0 0 0 0 0 0 
_1.ptx 634 : 11796480 69743392 0 0 0 0 0 0 0 
_1.ptx 635 : 11796480 128705792 0 737280 368640 0 0 0 0 
_1.ptx 636 : 11796480 106983584 0 0 0 0 0 0 0 
_1.ptx 637 : 11796480 67337600 0 0 0 0 0 0 0 
_1.ptx 638 : 11796480 127728768 0 737280 368640 0 0 0 0 
_1.ptx 639 : 11796480 106971904 0 0 0 0 0 0 0 
_1.ptx 640 : 11796480 68451392 0 0 0 0 0 0 0 
_1.ptx 641 : 11796480 127988544 0 737280 368640 0 0 0 0 
_1.ptx 642 : 11796480 106970144 0 0 0 0 0 0 0 
_1.ptx 643 : 11796480 66825440 0 0 0 0 0 0 0 
_1.ptx 644 : 11796480 133286752 0 737280 368640 0 0 0 0 
_1.ptx 645 : 11796480 106982816 0 0 0 0 0 0 0 
_1.ptx 646 : 11796480 69993440 0 0 0 0 0 0 0 
_1.ptx 647 : 11796480 129579040 0 737280 368640 0 0 0 0 
_1.ptx 648 : 11796480 106942752 0 0 0 0 0 0 0 
_1.ptx 649 : 11796480 68302560 0 0 0 0 0 0 0 
_1.ptx 650 : 11796480 128662592 0 737280 368640 0 0 0 0 
_1.ptx 651 : 11796480 106965664 0 0 0 0 0 0 0 
_1.ptx 652 : 11796480 69781056 0 0 0 0 0 0 0 
_1.ptx 653 : 11796480 129457120 0 737280 368640 0 0 0 0 
_1.ptx 654 : 11796480 106970240 0 0 0 0 0 0 0 
_1.ptx 655 : 11796480 67414944 0 0 0 0 0 0 0 
_1.ptx 656 : 11796480 127895680 0 737280 368640 0 0 0 0 
_1.ptx 657 : 11796480 106953280 0 0 0 0 0 0 0 
_1.ptx 658 : 11796480 69532800 0 0 0 0 0 0 0 
_1.ptx 659 : 11796480 128430848 0 737280 368640 0 0 0 0 
_1.ptx 660 : 11796480 107255360 0 0 0 0 0 0 0 
_1.ptx 661 : 11796480 64150016 0 0 0 0 0 0 0 
_1.ptx 662 : 11796480 128727232 0 737280 368640 0 0 0 0 
_1.ptx 663 : 11796480 107353888 0 0 0 0 0 0 0 
_1.ptx 665 : 11796480 131797280 0 0 0 0 0 0 0 
_1.ptx 666 : 11796480 91234656 28313792 0 0 737280 368640 0 0 
_1.ptx 668 : 11796480 71861344 0 0 0 0 0 0 0 
