kernel line : count latency dram_traffic smem_bk_conflicts smem_warp gmem_access_generated gmem_warp exposed_latency warp_divergence
_1.ptx 411 : 680306 6921527 0 0 0 0 0 0 0 
_1.ptx 412 : 680306 6932179 0 0 0 0 0 0 0 
_1.ptx 414 : 680306 6887469 0 0 0 0 0 0 0 
_1.ptx 417 : 944772 10509285 0 0 0 0 0 0 0 
_1.ptx 418 : 944772 1013366334 14306176 0 0 814531 54873 0 0 
_1.ptx 420 : 944772 5733955 0 0 0 0 0 0 0 
_1.ptx 421 : 944772 7685546 0 0 0 0 0 0 0 
_1.ptx 422 : 944772 7730191 0 0 0 0 0 0 0 
_1.ptx 423 : 944772 4331650 0 0 0 0 0 0 28734 
_1.ptx 424 : 227467 410859 0 0 0 0 0 0 21519 
_1.ptx 427 : 365074 2614961 0 0 0 0 0 0 0 
_1.ptx 428 : 365074 2619946 0 0 0 0 0 0 0 
_1.ptx 429 : 365074 2605207 0 0 0 0 0 0 0 
_1.ptx 430 : 365074 2602810 0 0 0 0 0 0 0 
_1.ptx 431 : 365074 2607826 0 0 0 0 0 0 0 
_1.ptx 432 : 365074 2626701 0 0 0 0 0 0 0 
_1.ptx 433 : 365074 2609788 0 0 0 0 0 0 0 
_1.ptx 434 : 365074 4072265 0 0 0 0 0 0 0 
_1.ptx 435 : 365074 2606407 0 0 0 0 0 0 0 
_1.ptx 436 : 365074 2602058 0 0 0 0 0 0 0 
_1.ptx 437 : 365074 2210551 0 0 0 0 0 0 0 
_1.ptx 438 : 365074 2603592 0 0 0 0 0 0 0 
_1.ptx 439 : 365074 2208988 0 0 0 0 0 0 0 
_1.ptx 440 : 365074 2602339 0 0 0 0 0 0 0 
_1.ptx 441 : 365074 286954314 21634560 0 0 0 0 0 0 
_1.ptx 442 : 365074 2777101 0 0 0 0 0 0 0 
_1.ptx 444 : 365074 2728234 0 0 0 0 0 0 0 
_1.ptx 445 : 365074 3060822 0 0 0 0 0 0 0 
_1.ptx 446 : 365074 1391804 0 0 0 0 0 0 25273 
_1.ptx 447 : 139434 33151094 535584 0 0 0 0 0 0 
_1.ptx 448 : 139434 845531 0 0 0 0 0 0 0 
_1.ptx 451 : 225640 2297510 0 0 0 0 0 0 0 
_1.ptx 452 : 225640 2300674 0 0 0 0 0 0 0 
_1.ptx 454 : 225640 2328631 0 0 0 0 0 0 0 
_1.ptx 456 : 225640 2521628 0 0 0 0 0 0 0 
_1.ptx 457 : 225640 159086912 6241280 0 0 224018 131156 0 0 
_1.ptx 459 : 225640 1868597 0 0 0 0 0 0 0 
_1.ptx 460 : 225640 44776 0 0 0 0 0 0 4414 
_1.ptx 461 : 218341 1351430 0 0 0 0 0 0 0 
_1.ptx 462 : 218341 1783979 0 0 0 0 0 0 0 
_1.ptx 463 : 218341 1563783 0 0 0 0 0 0 0 
_1.ptx 464 : 218341 1578926 0 0 0 0 0 0 0 
_1.ptx 465 : 218341 1260054 0 0 0 0 0 0 0 
_1.ptx 466 : 13455 81910 0 0 0 0 0 0 0 
_1.ptx 468 : 7299 44684 0 0 0 0 0 0 0 
_1.ptx 469 : 7299 59536 0 0 0 0 0 0 0 
_1.ptx 473 : 805338 4373536 0 0 0 0 0 0 29 
_1.ptx 474 : 80771 18496019 781568 0 0 0 0 0 0 
_1.ptx 475 : 80771 490533 0 0 0 0 0 0 0 
_1.ptx 483 : 220205 2478995 0 0 0 0 0 0 0 
_1.ptx 484 : 220205 1814600 0 0 0 0 0 0 0 
_1.ptx 485 : 220205 856004 0 0 0 0 0 0 5 
_1.ptx 487 : 80784 581957 0 0 0 0 0 0 0 
_1.ptx 488 : 80784 581757 0 0 0 0 0 0 0 
_1.ptx 489 : 80784 818979 0 0 0 0 0 0 0 
_1.ptx 490 : 80784 910388 0 0 0 0 0 0 0 
_1.ptx 491 : 80784 585210 0 0 0 0 0 0 0 
_1.ptx 492 : 80784 585885 0 0 0 0 0 0 0 
_1.ptx 493 : 80784 578786 0 0 0 0 0 0 0 
_1.ptx 494 : 80784 576018 0 0 0 0 0 0 0 
_1.ptx 495 : 80784 900690 0 0 0 0 0 0 0 
_1.ptx 496 : 80784 576710 0 0 0 0 0 0 0 
_1.ptx 497 : 80784 575356 0 0 0 0 0 0 0 
_1.ptx 498 : 80784 900694 0 0 0 0 0 0 0 
_1.ptx 499 : 80784 25230127 2603904 0 0 74800 31928 0 0 
_1.ptx 501 : 80784 23085001 1764768 0 0 78993 31928 0 0 
_1.ptx 504 : 220205 1599935 0 0 0 0 0 0 0 
_1.ptx 506 : 220205 2477842 0 0 0 0 0 0 0 
_1.ptx 507 : 220205 2244288 0 0 0 0 0 0 0 
_1.ptx 508 : 220205 1584562 0 0 0 0 0 0 0 
_1.ptx 509 : 220205 1583955 0 0 0 0 0 0 0 
_1.ptx 510 : 220205 1577957 0 0 0 0 0 0 0 
_1.ptx 511 : 220205 1580581 0 0 0 0 0 0 0 
_1.ptx 514 : 300000 2154912 0 0 0 0 0 0 0 
_1.ptx 515 : 300000 2155776 0 0 0 0 0 0 0 
_1.ptx 516 : 300000 2148304 0 0 0 0 0 0 0 
_1.ptx 517 : 300000 2152048 0 0 0 0 0 0 0 
_1.ptx 518 : 300000 1839520 0 0 0 0 0 0 0 
_1.ptx 519 : 300000 2150864 0 0 0 0 0 0 0 
_1.ptx 520 : 300000 1830560 0 0 0 0 0 0 0 
_1.ptx 521 : 300000 2140160 0 0 0 0 0 0 0 
_1.ptx 522 : 300000 321924768 36763136 0 0 0 0 0 0 
_1.ptx 523 : 300000 2499488 0 0 0 0 0 0 0 
_1.ptx 524 : 300000 2426832 0 0 0 0 0 0 0 
_1.ptx 525 : 300000 2411344 0 0 0 0 0 0 0 
_1.ptx 526 : 300000 69387584 1030016 0 0 0 0 0 0 
_1.ptx 527 : 300000 65571536 1042688 0 0 0 0 0 0 
_1.ptx 529 : 300000 2180144 0 0 0 0 0 0 0 
_1.ptx 530 : 300000 3091872 0 0 0 0 0 0 0 
_1.ptx 531 : 300000 3090000 0 0 0 0 0 0 0 
_1.ptx 532 : 300000 2483712 0 0 0 0 0 0 0 
_1.ptx 533 : 300000 1537728 0 0 0 0 0 0 0 
_1.ptx 536 : 50176 309248 0 0 0 0 0 0 0 
_1.ptx 204 : 50176 306048 0 0 0 0 0 0 0 
_1.ptx 205 : 50176 307008 0 0 0 0 0 0 0 
_1.ptx 206 : 50176 415840 0 0 0 0 0 0 0 
_1.ptx 207 : 50176 306368 0 0 0 0 0 0 0 
_1.ptx 208 : 50176 567104 0 0 0 0 0 0 0 
_1.ptx 209 : 50176 11106944 128 0 0 0 0 0 0 
_1.ptx 210 : 50176 423168 0 0 0 0 0 0 0 
_1.ptx 211 : 50176 318080 0 0 0 0 0 0 1 
_1.ptx 212 : 176 1088 0 0 0 0 0 0 0 
_1.ptx 215 : 50000 362160 0 0 0 0 0 0 0 
_1.ptx 216 : 50000 568224 0 0 0 0 0 0 0 
_1.ptx 217 : 50000 7348928 0 0 0 0 0 0 0 
_1.ptx 218 : 50000 569904 0 0 0 0 0 0 0 
_1.ptx 219 : 50000 36777264 200064 0 0 1563 1563 0 0 
_1.ptx 221 : 50000 311680 0 0 0 0 0 0 0 
_1.ptx 223 : 50000 11097520 0 0 0 0 0 0 0 
_1.ptx 224 : 50000 564784 0 0 0 0 0 0 0 
_1.ptx 225 : 50000 39135456 200064 0 0 1563 1563 0 0 
_1.ptx 227 : 50000 358768 0 0 0 0 0 0 0 
_1.ptx 228 : 50000 10385296 0 0 0 0 0 0 0 
_1.ptx 229 : 50000 8924976 0 0 0 0 0 0 0 
_1.ptx 230 : 50000 519648 0 0 0 0 0 0 0 
_1.ptx 231 : 50000 572624 0 0 0 0 0 0 0 
_1.ptx 232 : 50000 528640 0 0 0 0 0 0 0 
_1.ptx 233 : 50000 423072 0 0 0 0 0 0 0 
_1.ptx 234 : 50000 378192 0 0 0 0 0 0 0 
_1.ptx 235 : 50000 520416 0 0 0 0 0 0 0 
_1.ptx 236 : 50000 570704 0 0 0 0 0 0 0 
_1.ptx 237 : 50000 578768 0 0 0 0 0 0 0 
_1.ptx 238 : 50000 335984 0 0 0 0 0 0 0 
_1.ptx 239 : 50000 420224 0 0 0 0 0 0 0 
_1.ptx 240 : 50000 0 0 0 0 0 0 0 0 
_1.ptx 241 : 50000 518528 0 0 0 0 0 0 0 
_1.ptx 242 : 50000 369360 0 0 0 0 0 0 0 
_1.ptx 243 : 50000 320384 0 0 0 0 0 0 0 
_1.ptx 244 : 50000 11683392 0 0 0 0 0 0 0 
_1.ptx 245 : 50000 573360 0 0 0 0 0 0 0 
_1.ptx 246 : 50000 323840 0 0 0 0 0 0 0 
_1.ptx 247 : 50000 325824 0 0 0 0 0 0 0 
_1.ptx 248 : 50000 323344 0 0 0 0 0 0 0 
_1.ptx 249 : 50000 383472 0 0 0 0 0 0 0 
_1.ptx 252 : 300000 1854528 0 0 0 0 0 0 0 
_1.ptx 253 : 300000 2489344 0 0 0 0 0 0 0 
_1.ptx 254 : 300000 2194672 0 0 0 0 0 0 0 
_1.ptx 255 : 300000 1880336 0 0 0 0 0 0 0 
_1.ptx 256 : 300000 2479104 0 0 0 0 0 0 0 
_1.ptx 257 : 300000 2164448 0 0 0 0 0 0 0 
_1.ptx 258 : 300000 2461920 0 0 0 0 0 0 0 
_1.ptx 259 : 300000 1822432 0 0 0 0 0 0 0 
_1.ptx 260 : 300000 2460880 0 0 0 0 0 0 0 
_1.ptx 261 : 300000 1513792 0 0 0 0 0 0 0 
_1.ptx 263 : 50000 308544 0 0 0 0 0 0 0 
_1.ptx 264 : 50000 359920 0 0 0 0 0 0 0 
_1.ptx 265 : 50000 367920 0 0 0 0 0 0 0 
_1.ptx 266 : 50000 313888 0 0 0 0 0 0 0 
_1.ptx 267 : 50000 361824 0 0 0 0 0 0 0 
_1.ptx 268 : 50000 367200 0 0 0 0 0 0 0 
_1.ptx 269 : 50000 316256 0 0 0 0 0 0 0 
_1.ptx 270 : 50000 316128 0 0 0 0 0 0 0 
_1.ptx 273 : 300000 2149280 0 0 0 0 0 0 0 
_1.ptx 274 : 300000 3357824 0 0 0 0 0 0 0 
_1.ptx 275 : 300000 3343776 0 0 0 0 0 0 0 
_1.ptx 276 : 300000 330289360 7577856 0 0 253075 9378 0 0 
_1.ptx 277 : 300000 1821824 0 0 0 0 0 0 0 
_1.ptx 278 : 300000 2436704 0 0 0 0 0 0 0 
_1.ptx 279 : 300000 0 0 0 0 0 0 0 0 
_1.ptx 282 : 1024567 7291652 0 0 0 0 0 0 0 
_1.ptx 283 : 1024567 7316178 0 0 0 0 0 0 0 
_1.ptx 284 : 1024567 7274597 0 0 0 0 0 0 0 
_1.ptx 285 : 1024567 7297507 0 0 0 0 0 0 0 
_1.ptx 286 : 1024567 7284485 0 0 0 0 0 0 0 
_1.ptx 287 : 1024567 7299040 0 0 0 0 0 0 0 
_1.ptx 288 : 1024567 7281880 0 0 0 0 0 0 0 
_1.ptx 289 : 1024567 7286530 0 0 0 0 0 0 0 
_1.ptx 290 : 1024567 6205408 0 0 0 0 0 0 0 
_1.ptx 291 : 1024567 7296414 0 0 0 0 0 0 0 
_1.ptx 292 : 1024567 6202205 0 0 0 0 0 0 0 
_1.ptx 293 : 1024567 7282886 0 0 0 0 0 0 0 
_1.ptx 294 : 1024567 1035986709 90567808 0 0 0 0 0 0 
_1.ptx 295 : 1024567 8121508 0 0 0 0 0 0 0 
_1.ptx 296 : 1024567 7909502 0 0 0 0 0 0 0 
_1.ptx 297 : 1024567 8195442 0 0 0 0 0 0 0 
_1.ptx 298 : 1024567 8109048 0 0 0 0 0 0 0 
_1.ptx 300 : 1024567 7855606 0 0 0 0 0 0 0 
_1.ptx 302 : 1024567 6301091 0 0 0 0 0 0 0 
_1.ptx 303 : 1024567 8722007 0 0 0 0 0 0 0 
_1.ptx 304 : 1024567 1912938 0 0 0 0 0 0 43918 
_1.ptx 305 : 709345 4333215 0 0 0 0 0 0 0 
_1.ptx 306 : 709345 5838368 0 0 0 0 0 0 0 
_1.ptx 307 : 709345 1217265 0 0 0 0 0 0 40686 
_1.ptx 308 : 509031 3079371 0 0 0 0 0 0 0 
_1.ptx 309 : 509031 4149099 0 0 0 0 0 0 0 
_1.ptx 310 : 509031 1138810 0 0 0 0 0 0 39804 
_1.ptx 311 : 320487 1932822 0 0 0 0 0 0 0 
_1.ptx 312 : 320487 2612200 0 0 0 0 0 0 0 
_1.ptx 313 : 320487 1932779 0 0 0 0 0 0 0 
_1.ptx 317 : 315222 2322655 0 0 0 0 0 0 0 
_1.ptx 318 : 315222 1941388 0 0 0 0 0 0 0 
_1.ptx 321 : 200314 1446419 0 0 0 0 0 0 0 
_1.ptx 322 : 200314 1231563 0 0 0 0 0 0 0 
_1.ptx 325 : 188544 1349083 0 0 0 0 0 0 0 
_1.ptx 326 : 188544 1148594 0 0 0 0 0 0 0 
_1.ptx 329 : 320487 2290186 0 0 0 0 0 0 0 
_1.ptx 330 : 320487 1948549 0 0 0 0 0 0 0 
_1.ptx 336 : 1024567 6174469 0 0 0 0 0 0 0 
_1.ptx 337 : 1024567 8380211 0 0 0 0 0 0 0 
_1.ptx 338 : 1024567 5695165 0 0 0 0 0 0 28514 
_1.ptx 340 : 79795 18495635 159456 0 0 0 0 0 0 
_1.ptx 341 : 79795 578386 0 0 0 0 0 0 0 
_1.ptx 342 : 79795 576436 0 0 0 0 0 0 0 
_1.ptx 343 : 79795 654100 0 0 0 0 0 0 0 
_1.ptx 344 : 79795 488227 0 0 0 0 0 0 2 
_1.ptx 346 : 2 20 0 0 0 0 0 0 0 
_1.ptx 347 : 2 23 0 0 0 0 0 0 0 
_1.ptx 348 : 2 14 0 0 0 0 0 0 0 
_1.ptx 349 : 2 18 0 0 0 0 0 0 0 
_1.ptx 350 : 2 22 0 0 0 0 0 0 0 
_1.ptx 351 : 2 15 0 0 0 0 0 0 0 
_1.ptx 352 : 2 15 0 0 0 0 0 0 0 
_1.ptx 353 : 2 24 0 0 0 0 0 0 0 
_1.ptx 354 : 2 570 64 0 0 2 2 0 0 
_1.ptx 356 : 2 14 0 0 0 0 0 0 0 
_1.ptx 357 : 2 551 64 0 0 2 2 0 0 
_1.ptx 360 : 79795 816968 0 0 0 0 0 0 0 
_1.ptx 362 : 79795 492489 0 0 0 0 0 0 0 
_1.ptx 363 : 79795 496159 0 0 0 0 0 0 0 
_1.ptx 366 : 944772 6698999 0 0 0 0 0 0 0 
_1.ptx 367 : 944772 6729209 0 0 0 0 0 0 0 
_1.ptx 368 : 944772 6715733 0 0 0 0 0 0 0 
_1.ptx 369 : 944772 6714721 0 0 0 0 0 0 0 
_1.ptx 370 : 944772 6715171 0 0 0 0 0 0 0 
_1.ptx 371 : 944772 6732625 0 0 0 0 0 0 0 
_1.ptx 372 : 944772 5698995 0 0 0 0 0 0 0 
_1.ptx 373 : 944772 6740193 0 0 0 0 0 0 0 
_1.ptx 374 : 944772 5702649 0 0 0 0 0 0 0 
_1.ptx 375 : 944772 6726398 0 0 0 0 0 0 0 
_1.ptx 376 : 944772 970722798 88314368 0 0 0 0 0 0 
_1.ptx 377 : 944772 7373700 0 0 0 0 0 0 0 
_1.ptx 378 : 944772 7234356 0 0 0 0 0 0 0 
_1.ptx 379 : 944772 276224600 1938144 0 0 0 0 0 0 
_1.ptx 380 : 944772 264308277 2277440 0 0 0 0 0 0 
_1.ptx 381 : 944772 687128663 213248 0 0 0 0 0 0 
_1.ptx 382 : 944772 712508194 156544 0 0 0 0 0 0 
_1.ptx 383 : 944772 5734418 0 0 0 0 0 0 0 
_1.ptx 384 : 944772 7843707 0 0 0 0 0 0 0 
_1.ptx 385 : 944772 4177594 0 0 0 0 0 0 23523 
_1.ptx 386 : 264466 2957540 0 0 0 0 0 0 0 
_1.ptx 387 : 264466 2682729 0 0 0 0 0 0 0 
_1.ptx 388 : 264466 2164194 0 0 0 0 0 0 0 
_1.ptx 389 : 264466 634659 0 0 0 0 0 0 18301 
_1.ptx 391 : 159532 1618132 0 0 0 0 0 0 0 
_1.ptx 393 : 159532 1783438 0 0 0 0 0 0 0 
_1.ptx 394 : 159532 1616278 0 0 0 0 0 0 0 
_1.ptx 396 : 159532 1777740 0 0 0 0 0 0 0 
_1.ptx 397 : 159532 1619930 0 0 0 0 0 0 0 
_1.ptx 398 : 159532 968660 0 0 0 0 0 0 0 
_1.ptx 401 : 104934 1167960 0 0 0 0 0 0 0 
_1.ptx 403 : 104934 1175728 0 0 0 0 0 0 0 
_1.ptx 405 : 104934 651318 0 0 0 0 0 0 0 
_1.ptx 407 : 264466 1890306 0 0 0 0 0 0 0 
_1.ptx 408 : 264466 1611364 0 0 0 0 0 0 0 
