kernel line : count latency dram_traffic smem_bk_conflicts smem_warp gmem_access_generated gmem_warp exposed_latency warp_divergence
_1.ptx 823 : 509868 3003989 0 0 0 0 0 0 1125 
_1.ptx 825 : 74702 591024 0 0 0 0 0 0 0 
_1.ptx 827 : 74702 605646 0 0 0 0 0 0 0 
_1.ptx 829 : 509868 5533835 0 0 0 0 0 0 0 
_1.ptx 830 : 509868 5565938 0 0 0 0 0 0 0 
_1.ptx 831 : 509868 3728623 0 0 0 0 0 0 0 
_1.ptx 832 : 509868 4440882 0 0 0 0 0 0 0 
_1.ptx 833 : 509868 2632663 0 0 0 0 0 0 0 
_1.ptx 834 : 127467 898892 0 0 0 0 0 0 0 
_1.ptx 835 : 127467 1098888 0 0 0 0 0 0 0 
_1.ptx 836 : 127467 1015221 0 0 0 0 0 0 0 
_1.ptx 837 : 127467 880318 0 0 0 0 0 0 0 
_1.ptx 838 : 127467 1094645 0 0 0 0 0 0 0 
_1.ptx 839 : 127467 999635 0 0 0 0 0 0 0 
_1.ptx 840 : 127467 1094480 0 0 0 0 0 0 0 
_1.ptx 841 : 127467 879662 0 0 0 0 0 0 0 
_1.ptx 842 : 127467 1086579 0 0 0 0 0 0 0 
_1.ptx 843 : 127467 439252 0 0 0 0 0 0 631 
_1.ptx 845 : 62282 683195 0 0 0 0 0 0 0 
_1.ptx 847 : 62282 509199 0 0 0 0 0 0 0 
_1.ptx 848 : 62282 495780 0 0 0 0 0 0 0 
_1.ptx 849 : 62282 780171 0 0 0 0 0 0 0 
_1.ptx 850 : 62282 718300 0 0 0 0 0 0 0 
_1.ptx 851 : 62282 747834 0 0 0 2349 2349 0 0 
_1.ptx 852 : 62282 654200 0 0 0 2349 2349 0 0 
_1.ptx 853 : 62282 660582 0 0 0 2544 2349 0 0 
_1.ptx 854 : 62282 603333 0 0 0 2544 2349 0 0 
_1.ptx 855 : 62282 541202 0 0 0 2544 2349 0 0 
_1.ptx 856 : 62282 515968 0 0 0 2544 2349 0 0 
_1.ptx 857 : 62282 504259 0 0 0 2544 2349 0 0 
_1.ptx 859 : 62282 702789 0 0 0 0 0 0 0 
_1.ptx 860 : 62282 709197 0 0 0 0 0 0 0 
_1.ptx 861 : 62282 711480 0 0 0 0 0 0 0 
_1.ptx 862 : 62282 723959 0 0 0 0 0 0 0 
_1.ptx 863 : 62282 724657 0 0 0 0 0 0 0 
_1.ptx 864 : 62282 725443 0 0 0 0 0 0 0 
_1.ptx 865 : 62282 783626 0 0 0 2544 2349 0 0 
_1.ptx 866 : 62282 445856 0 0 0 0 0 0 0 
_1.ptx 867 : 62282 538741 0 0 0 0 0 0 0 
_1.ptx 868 : 62282 130020 0 0 0 0 0 0 305 
_1.ptx 870 : 43133 307027 0 0 0 0 0 0 0 
_1.ptx 871 : 43133 299569 0 0 0 0 0 0 0 
_1.ptx 872 : 43133 305894 0 0 0 0 0 0 0 
_1.ptx 873 : 43133 296362 0 0 0 0 0 0 0 
_1.ptx 875 : 19149 132964 0 0 0 0 0 0 0 
_1.ptx 876 : 19149 221265 0 0 0 0 0 0 0 
_1.ptx 877 : 19149 222390 0 0 0 0 0 0 0 
_1.ptx 878 : 19149 225103 0 0 0 0 0 0 0 
_1.ptx 879 : 19149 226103 0 0 0 0 0 0 0 
_1.ptx 880 : 19149 232240 0 0 0 0 0 0 0 
_1.ptx 881 : 19149 182926 0 0 0 0 0 0 0 
_1.ptx 882 : 19149 182865 0 0 0 0 0 0 0 
_1.ptx 883 : 19149 576136 0 0 0 0 0 0 0 
_1.ptx 884 : 19149 249721 0 0 0 0 0 0 0 
_1.ptx 885 : 19149 234352 0 0 0 0 0 0 0 
_1.ptx 886 : 19149 237269 0 0 0 0 0 0 0 
_1.ptx 888 : 62282 731377 0 0 0 0 0 0 0 
_1.ptx 889 : 62282 733031 0 0 0 0 0 0 0 
_1.ptx 890 : 62282 753746 0 0 0 0 0 0 0 
_1.ptx 891 : 62282 785865 0 0 0 0 0 0 0 
_1.ptx 892 : 62282 619242 0 0 0 0 0 0 0 
_1.ptx 893 : 62282 608861 0 0 0 0 0 0 0 
_1.ptx 894 : 62282 1870855 0 0 0 0 0 0 0 
_1.ptx 895 : 62282 728643 0 0 0 0 0 0 0 
_1.ptx 896 : 62282 727577 0 0 0 0 0 0 0 
_1.ptx 897 : 62282 735104 0 0 0 0 0 0 0 
_1.ptx 898 : 62282 714032 0 0 0 0 0 0 0 
_1.ptx 899 : 62282 595151 0 0 0 0 0 0 0 
_1.ptx 900 : 62282 596721 0 0 0 0 0 0 0 
_1.ptx 901 : 62282 428107 0 0 0 0 0 0 0 
_1.ptx 902 : 62282 537811 0 0 0 0 0 0 0 
_1.ptx 903 : 62282 429751 0 0 0 0 0 0 0 
_1.ptx 910 : 62282 486033 0 0 0 0 0 0 0 
_1.ptx 911 : 62282 488988 0 0 0 0 0 0 0 
_1.ptx 912 : 62282 496203 0 0 0 0 0 0 0 
_1.ptx 915 : 62282 441698 0 0 0 0 0 0 0 
_1.ptx 916 : 62282 719436 0 0 0 0 0 0 0 
_1.ptx 917 : 62282 481523 0 0 0 0 0 0 0 
_1.ptx 918 : 62282 910630 0 0 0 0 0 0 0 
_1.ptx 919 : 62282 709100 0 0 0 0 0 0 0 
_1.ptx 920 : 62282 1381338 29408 0 0 0 0 0 0 
_1.ptx 921 : 62282 412804 0 0 0 0 0 0 0 
_1.ptx 922 : 62282 712004 0 0 0 0 0 0 0 
_1.ptx 923 : 62282 1552400 53312 0 0 0 0 0 0 
_1.ptx 924 : 62282 414158 0 0 0 0 0 0 0 
_1.ptx 925 : 62282 711505 0 0 0 0 0 0 0 
_1.ptx 926 : 62282 1693407 32960 0 0 0 0 0 0 
_1.ptx 927 : 62282 409397 0 0 0 0 0 0 0 
_1.ptx 928 : 62282 713988 0 0 0 0 0 0 0 
_1.ptx 929 : 62282 1721874 24832 0 0 0 0 0 0 
_1.ptx 931 : 62282 406062 0 0 0 0 0 0 0 
_1.ptx 932 : 62282 712539 0 0 0 0 0 0 0 
_1.ptx 933 : 62282 415705 0 0 0 0 0 0 0 
_1.ptx 934 : 62282 709438 0 0 0 0 0 0 0 
_1.ptx 935 : 62282 425123 0 0 0 0 0 0 0 
_1.ptx 936 : 62282 725867 0 0 0 0 0 0 0 
_1.ptx 937 : 62282 749241 0 0 0 0 0 0 0 
_1.ptx 938 : 62282 603507 0 0 0 0 0 0 0 
_1.ptx 939 : 62282 595799 0 0 0 0 0 0 0 
_1.ptx 940 : 62282 1976387 0 0 0 0 0 0 0 
_1.ptx 941 : 62282 759969 0 0 0 0 0 0 0 
_1.ptx 942 : 62282 758558 0 0 0 0 0 0 0 
_1.ptx 943 : 62282 777564 0 0 0 0 0 0 0 
_1.ptx 944 : 62282 762401 0 0 0 0 0 0 0 
_1.ptx 945 : 62282 598459 0 0 0 0 0 0 0 
_1.ptx 946 : 62282 599727 0 0 0 0 0 0 0 
_1.ptx 947 : 62282 436499 0 0 0 0 0 0 0 
_1.ptx 948 : 62282 542174 0 0 0 0 0 0 0 
_1.ptx 949 : 62282 36822 0 0 0 0 0 0 318 
_1.ptx 951 : 56815 447024 0 0 0 0 0 0 0 
_1.ptx 952 : 56815 361493 0 0 0 0 0 0 0 
_1.ptx 955 : 220903 2525503 0 0 0 8579 8579 0 0 
_1.ptx 956 : 220903 2764778 0 0 0 8579 8579 0 0 
_1.ptx 957 : 220903 2492609 0 0 0 8579 8579 0 0 
_1.ptx 958 : 220903 2259828 0 0 0 8579 8579 0 0 
_1.ptx 959 : 220903 1474014 0 0 0 0 0 0 0 
_1.ptx 960 : 220903 1892175 0 0 0 0 0 0 0 
_1.ptx 961 : 220903 1136854 0 0 0 0 0 0 0 
_1.ptx 963 : 56815 436330 0 0 0 0 0 0 0 
_1.ptx 964 : 56815 383208 0 0 0 0 0 0 0 
_1.ptx 965 : 56815 480383 0 0 0 0 0 0 0 
_1.ptx 966 : 56815 372854 0 0 0 0 0 0 0 
_1.ptx 971 : 56815 364598 0 0 0 0 0 0 0 
_1.ptx 972 : 56815 527533 0 0 0 0 0 0 0 
_1.ptx 973 : 56815 646036 0 0 0 0 0 0 0 
_1.ptx 974 : 56815 3204596 0 0 0 0 0 0 0 
_1.ptx 976 : 56815 380139 0 0 0 0 0 0 0 
_1.ptx 977 : 56815 383287 0 0 0 0 0 0 0 
_1.ptx 978 : 56815 489933 0 0 0 0 0 0 0 
_1.ptx 979 : 56815 531668 0 0 0 0 0 0 0 
_1.ptx 982 : 56815 443443 0 0 0 0 0 0 0 
_1.ptx 983 : 56815 387383 0 0 0 0 0 0 0 
_1.ptx 986 : 164088 1192210 0 0 0 6402 6402 0 0 
_1.ptx 987 : 164088 798743 0 0 0 0 0 0 0 
_1.ptx 988 : 164088 1942015 0 0 0 0 0 0 0 
_1.ptx 989 : 164088 1154887 0 0 0 0 0 0 0 
_1.ptx 990 : 164088 1951653 0 0 0 0 0 0 0 
_1.ptx 991 : 164088 1186359 0 0 0 0 0 0 0 
_1.ptx 992 : 164088 1965275 0 0 0 0 0 0 0 
_1.ptx 993 : 164088 1201254 0 0 0 0 0 0 0 
_1.ptx 994 : 164088 1966678 0 0 0 0 0 0 0 
_1.ptx 995 : 164088 1951647 0 0 0 0 0 0 0 
_1.ptx 996 : 164088 1992785 0 0 0 0 0 0 0 
_1.ptx 997 : 164088 1984591 0 0 0 0 0 0 0 
_1.ptx 998 : 164088 1989127 0 0 0 0 0 0 0 
_1.ptx 999 : 164088 1984050 0 0 0 0 0 0 0 
_1.ptx 1000 : 164088 2016330 0 0 0 0 0 0 0 
_1.ptx 1001 : 164088 2017284 0 0 0 0 0 0 0 
_1.ptx 1002 : 164088 1671395 0 0 0 0 0 0 0 
_1.ptx 1003 : 164088 1662896 0 0 0 0 0 0 0 
_1.ptx 1004 : 164088 1995177 0 0 0 0 0 0 0 
_1.ptx 1005 : 164088 1631238 0 0 0 0 0 0 0 
_1.ptx 1006 : 164088 1634282 0 0 0 0 0 0 0 
_1.ptx 1007 : 164088 2002097 0 0 0 0 0 0 0 
_1.ptx 1008 : 164088 1488342 0 0 0 0 0 0 0 
_1.ptx 1009 : 164088 1378805 0 0 0 0 0 0 0 
_1.ptx 1010 : 164088 1170261 0 0 0 0 0 0 0 
_1.ptx 1011 : 164088 1456574 0 0 0 0 0 0 0 
_1.ptx 1012 : 164088 1353725 0 0 0 0 0 0 0 
_1.ptx 1013 : 164088 1463987 0 0 0 0 0 0 0 
_1.ptx 1014 : 164088 1200185 0 0 0 0 0 0 0 
_1.ptx 1015 : 164088 1455574 0 0 0 0 0 0 0 
_1.ptx 1016 : 164088 828490 0 0 0 0 0 0 965 
_1.ptx 1017 : 50431 366693 0 0 0 0 0 0 0 
_1.ptx 1018 : 50431 364576 0 0 0 0 0 0 0 
_1.ptx 1020 : 113657 1345615 0 0 0 0 0 0 0 
_1.ptx 1021 : 113657 1347233 0 0 0 0 0 0 0 
_1.ptx 1022 : 113657 1010368 0 0 0 0 0 0 0 
_1.ptx 1023 : 113657 44020 0 0 0 0 0 0 344 
_1.ptx 1024 : 107587 790850 0 0 0 0 0 0 0 
_1.ptx 1025 : 107587 800500 0 0 0 0 0 0 0 
_1.ptx 1028 : 6070 71159 0 0 0 0 0 0 0 
_1.ptx 1029 : 6070 104615 0 0 0 0 0 0 0 
_1.ptx 1030 : 6070 72554 0 0 0 0 0 0 0 
_1.ptx 1031 : 6070 73920 0 0 0 0 0 0 0 
_1.ptx 1032 : 6070 59696 0 0 0 0 0 0 0 
_1.ptx 1036 : 164088 1355588 0 0 0 0 0 0 0 
_1.ptx 1039 : 220903 1576214 0 0 0 0 0 0 0 
_1.ptx 1040 : 220903 1918359 0 0 0 0 0 0 0 
_1.ptx 1041 : 220903 1495522 0 0 0 0 0 0 370 
_1.ptx 1042 : 6068 74320 0 0 0 0 0 0 0 
_1.ptx 1043 : 6068 73236 0 0 0 0 0 0 0 
_1.ptx 1044 : 6068 73063 0 0 0 0 0 0 0 
_1.ptx 1045 : 6068 72659 0 0 0 0 0 0 0 
_1.ptx 1046 : 6068 72338 0 0 0 0 0 0 0 
_1.ptx 1047 : 6068 73099 0 0 0 0 0 0 0 
_1.ptx 1048 : 6068 74619 0 0 0 0 0 0 0 
_1.ptx 1049 : 6068 59553 0 0 0 0 0 0 0 
_1.ptx 1050 : 6068 59786 0 0 0 0 0 0 0 
_1.ptx 1051 : 6068 55412 0 0 0 0 0 0 0 
_1.ptx 1052 : 6068 45581 0 0 0 0 0 0 0 
_1.ptx 1057 : 220903 2418729 0 0 0 0 0 0 0 
_1.ptx 1058 : 220903 2426472 0 0 0 0 0 0 0 
_1.ptx 1059 : 220903 1662038 0 0 0 0 0 0 0 
_1.ptx 1060 : 220903 1944742 0 0 0 0 0 0 0 
_1.ptx 1061 : 220903 370337 0 0 0 0 0 0 0 
_1.ptx 1062 : 169119 1220551 0 0 0 0 0 0 0 
_1.ptx 1063 : 169119 1453279 0 0 0 0 0 0 0 
_1.ptx 1064 : 169119 1125656 0 0 0 0 0 0 295 
_1.ptx 1065 : 5031 35891 0 0 0 0 0 0 0 
_1.ptx 1067 : 51784 370079 0 0 0 0 0 0 0 
_1.ptx 1068 : 51784 458245 0 0 0 0 0 0 0 
_1.ptx 1071 : 56815 42772 0 0 0 0 0 0 318 
_1.ptx 1073 : 50745 603360 0 0 0 0 0 0 0 
_1.ptx 1074 : 50745 607497 0 0 0 0 0 0 0 
_1.ptx 1075 : 50745 607493 0 0 0 0 0 0 0 
_1.ptx 1076 : 50745 644542 0 0 0 0 0 0 0 
_1.ptx 1077 : 50745 503382 0 0 0 0 0 0 0 
_1.ptx 1078 : 50745 499569 0 0 0 0 0 0 0 
_1.ptx 1079 : 50745 1258846 0 0 0 0 0 0 0 
_1.ptx 1081 : 50745 375202 0 0 0 0 0 0 0 
_1.ptx 1082 : 50745 1079350 0 0 0 0 0 0 0 
_1.ptx 1083 : 50745 408740 0 0 0 0 0 0 0 
_1.ptx 1084 : 50745 734367 0 0 0 0 0 0 0 
_1.ptx 1085 : 50745 664386 0 0 0 0 0 0 0 
_1.ptx 1086 : 50745 600591 0 0 0 0 0 0 0 
_1.ptx 1087 : 50745 517508 128 0 0 0 0 0 0 
_1.ptx 1088 : 50745 358893 0 0 0 0 0 0 0 
_1.ptx 1089 : 50745 586814 0 0 0 0 0 0 0 
_1.ptx 1090 : 50745 598605 0 0 0 0 0 0 0 
_1.ptx 1091 : 50745 595668 0 0 0 0 0 0 0 
_1.ptx 1092 : 50745 550811 0 0 0 0 0 0 0 
_1.ptx 1093 : 50745 361906 0 0 0 0 0 0 0 
_1.ptx 1094 : 50745 591232 0 0 0 0 0 0 0 
_1.ptx 1095 : 50745 595096 0 0 0 0 0 0 0 
_1.ptx 1096 : 50745 599890 0 0 0 0 0 0 0 
_1.ptx 1097 : 50745 805198 0 0 0 0 0 0 0 
_1.ptx 1098 : 50745 360472 0 0 0 0 0 0 0 
_1.ptx 1099 : 50745 593538 0 0 0 0 0 0 0 
_1.ptx 1100 : 50745 489237 0 0 0 0 0 0 0 
_1.ptx 1101 : 50745 990676 128 0 0 0 0 0 0 
_1.ptx 1103 : 50745 586028 0 0 0 0 0 0 0 
_1.ptx 1104 : 50745 590941 0 0 0 0 0 0 0 
_1.ptx 1105 : 50745 590163 0 0 0 0 0 0 0 
_1.ptx 1106 : 50745 493609 0 0 0 0 0 0 0 
_1.ptx 1107 : 50745 604796 0 0 0 0 0 0 0 
_1.ptx 1108 : 50745 512374 0 0 0 0 0 0 0 
_1.ptx 1109 : 50745 392774 0 0 0 0 0 0 0 
_1.ptx 1110 : 50745 1095816 0 0 0 0 0 0 0 
_1.ptx 1111 : 50745 417004 0 0 0 0 0 0 0 
_1.ptx 1112 : 50745 1097391 0 0 0 0 0 0 0 
_1.ptx 1113 : 50745 413437 0 0 0 0 0 0 0 
_1.ptx 1114 : 50745 467184 0 0 0 0 0 0 0 
_1.ptx 1115 : 50745 375713 0 0 0 0 0 0 0 
_1.ptx 1121 : 50745 416974 0 0 0 0 0 0 0 
_1.ptx 1122 : 50745 369349 0 0 0 0 0 0 0 
_1.ptx 1123 : 50745 436011 0 0 0 0 0 0 0 
_1.ptx 1124 : 50745 0 0 0 0 0 0 0 0 
_1.ptx 1125 : 50745 323995 0 0 0 0 0 0 0 
_1.ptx 1133 : 50745 326695 0 0 0 0 0 0 0 
_1.ptx 1134 : 50745 422095 0 0 0 0 0 0 0 
_1.ptx 1135 : 50745 329397 0 0 0 0 0 0 0 
_1.ptx 1140 : 50745 330840 0 0 0 0 0 0 0 
_1.ptx 1141 : 50745 420090 0 0 0 0 0 0 0 
_1.ptx 1142 : 50745 323864 0 0 0 0 0 0 0 
_1.ptx 1157 : 50745 328930 0 0 0 0 0 0 0 
_1.ptx 1158 : 50745 425206 0 0 0 0 0 0 0 
_1.ptx 1159 : 50745 329029 0 0 0 0 0 0 0 
_1.ptx 1181 : 50745 326494 0 0 0 0 0 0 0 
_1.ptx 1182 : 50745 426265 0 0 0 0 0 0 0 
_1.ptx 1183 : 50745 331006 0 0 0 0 0 0 0 
_1.ptx 1196 : 50745 374107 0 0 0 0 0 0 0 
_1.ptx 1197 : 50745 377340 0 0 0 0 0 0 0 
_1.ptx 1198 : 50745 379713 0 0 0 0 0 0 0 
_1.ptx 1199 : 50745 384882 0 0 0 0 0 0 0 
_1.ptx 1200 : 50745 341919 0 0 0 0 0 0 0 
_1.ptx 1201 : 50745 425512 0 0 0 0 0 0 0 
_1.ptx 1202 : 50745 332746 0 0 0 0 0 0 0 
_1.ptx 1213 : 50745 420200 0 0 0 0 0 0 0 
_1.ptx 1216 : 50745 574094 0 0 0 0 0 0 0 
_1.ptx 1218 : 50745 425226 0 0 0 0 0 0 0 
_1.ptx 1219 : 50745 405208 0 0 0 0 0 0 0 
_1.ptx 1220 : 50745 399863 0 0 0 0 0 0 0 
_1.ptx 1221 : 50745 405687 0 0 0 0 0 0 0 
_1.ptx 1222 : 50745 361250 0 0 0 0 0 0 0 
_1.ptx 1223 : 50745 443671 0 0 0 0 0 0 0 
_1.ptx 1224 : 50745 210418 0 0 0 0 0 0 727 
_1.ptx 1226 : 21083 157419 0 0 0 0 0 0 0 
_1.ptx 1227 : 21083 248303 0 0 0 0 0 0 0 
_1.ptx 1229 : 21083 240321 0 0 0 0 0 0 0 
_1.ptx 1232 : 50745 388043 0 0 0 0 0 0 0 
_1.ptx 1233 : 50745 593650 0 0 0 0 0 0 0 
_1.ptx 1234 : 50745 345596 0 0 0 0 0 0 0 
_1.ptx 1235 : 50745 594232 0 0 0 0 0 0 0 
_1.ptx 1236 : 50745 612832 0 0 0 0 0 0 0 
_1.ptx 1237 : 50745 471650 0 0 0 0 0 0 0 
_1.ptx 1238 : 50745 2337661 0 0 0 0 0 0 0 
_1.ptx 1239 : 50745 414052 0 0 0 0 0 0 0 
_1.ptx 1240 : 50745 623053 0 0 0 0 0 0 0 
_1.ptx 1241 : 50745 409422 0 0 0 0 0 0 0 
_1.ptx 1242 : 50745 411594 0 0 0 0 0 0 0 
_1.ptx 1243 : 50745 410906 0 0 0 0 0 0 0 
_1.ptx 1244 : 50745 409005 0 0 0 0 0 0 0 
_1.ptx 1245 : 50745 408623 0 0 0 0 0 0 0 
_1.ptx 1246 : 50745 590431 0 0 0 0 0 0 0 
_1.ptx 1247 : 50745 590231 0 0 0 0 0 0 0 
_1.ptx 1248 : 50745 600503 0 0 0 0 0 0 0 
_1.ptx 1249 : 50745 481764 0 0 0 0 0 0 0 
_1.ptx 1250 : 50745 493397 0 0 0 0 0 0 0 
_1.ptx 1252 : 50745 617649 0 0 0 0 0 0 0 
_1.ptx 1253 : 50745 641812 0 0 0 0 0 0 0 
_1.ptx 1254 : 50745 424831 0 0 0 0 0 0 0 
_1.ptx 1255 : 50745 436881 0 0 0 0 0 0 0 
_1.ptx 1256 : 50745 524567 0 0 0 0 0 0 0 
_1.ptx 1257 : 50745 402615 0 0 0 0 0 0 0 
_1.ptx 1258 : 50745 512664 0 0 0 0 0 0 0 
_1.ptx 1259 : 50745 623512 0 0 0 0 0 0 0 
_1.ptx 1260 : 50745 623774 0 0 0 0 0 0 0 
_1.ptx 1261 : 50745 616317 0 0 0 0 0 0 0 
_1.ptx 1262 : 50745 609111 0 0 0 0 0 0 0 
_1.ptx 1263 : 50745 603030 0 0 0 0 0 0 0 
_1.ptx 1264 : 50745 596432 0 0 0 0 0 0 0 
_1.ptx 1265 : 50745 595153 0 0 0 0 0 0 0 
_1.ptx 1266 : 50745 595652 0 0 0 0 0 0 0 
_1.ptx 1267 : 50745 573208 0 0 0 0 0 0 0 
_1.ptx 1269 : 50745 582469 0 0 0 0 0 0 0 
_1.ptx 1271 : 50745 596556 0 0 0 0 0 0 0 
_1.ptx 1272 : 50745 622409 0 0 0 0 0 0 0 
_1.ptx 1274 : 50745 481283 0 0 0 0 0 0 0 
_1.ptx 1275 : 50745 437159 0 0 0 0 0 0 0 
_1.ptx 1276 : 50745 623437 0 0 0 0 0 0 0 
_1.ptx 1277 : 50745 626083 0 0 0 0 0 0 0 
_1.ptx 1279 : 50745 419294 0 0 0 0 0 0 0 
_1.ptx 1280 : 50745 614262 0 0 0 0 0 0 0 
_1.ptx 1281 : 50745 621919 0 0 0 0 0 0 0 
_1.ptx 1282 : 50745 610048 0 0 0 0 0 0 0 
_1.ptx 1283 : 50745 602965 0 0 0 0 0 0 0 
_1.ptx 1284 : 50745 600327 0 0 0 0 0 0 0 
_1.ptx 1286 : 50745 599837 0 0 0 0 0 0 0 
_1.ptx 1288 : 50745 362828 0 0 0 0 0 0 0 
_1.ptx 1289 : 50745 598515 0 0 0 0 0 0 0 
_1.ptx 1290 : 50745 616097 0 0 0 0 0 0 0 
_1.ptx 1291 : 50745 465065 0 0 0 0 0 0 0 
_1.ptx 1292 : 50745 637118 0 0 0 0 0 0 0 
_1.ptx 1293 : 50745 413804 0 0 0 0 0 0 0 
_1.ptx 1294 : 50745 501424 0 0 0 0 0 0 0 
_1.ptx 1295 : 50745 373313 0 0 0 0 0 0 0 
_1.ptx 1296 : 50745 494744 0 0 0 0 0 0 0 
_1.ptx 1297 : 50745 358569 0 0 0 0 0 0 0 
_1.ptx 1298 : 50745 494002 0 0 0 0 0 0 0 
_1.ptx 1299 : 50745 357308 0 0 0 0 0 0 0 
_1.ptx 1300 : 50745 492554 0 0 0 0 0 0 0 
_1.ptx 1301 : 50745 603377 0 0 0 0 0 0 0 
_1.ptx 1303 : 50745 416709 0 0 0 0 0 0 0 
_1.ptx 1304 : 50745 594983 0 0 0 0 0 0 0 
_1.ptx 1305 : 50745 585813 0 0 0 0 0 0 0 
_1.ptx 1307 : 50745 380899 0 0 0 0 0 0 0 
_1.ptx 1308 : 50745 393706 0 0 0 0 0 0 0 
_1.ptx 1309 : 50745 404386 0 0 0 0 0 0 0 
_1.ptx 1310 : 50745 351295 0 0 0 0 0 0 0 
_1.ptx 1311 : 50745 424213 0 0 0 0 0 0 0 
_1.ptx 1312 : 50745 334440 0 0 0 0 0 0 0 
_1.ptx 1321 : 50745 399076 0 0 0 0 0 0 0 
_1.ptx 1322 : 50745 352665 0 0 0 0 0 0 0 
_1.ptx 1323 : 50745 580062 0 0 0 0 0 0 0 
_1.ptx 1324 : 50745 400859 0 0 0 0 0 0 0 
_1.ptx 1325 : 50745 356412 0 0 0 0 0 0 0 
_1.ptx 1326 : 50745 354954 0 0 0 0 0 0 0 
_1.ptx 1327 : 50745 2574990 0 0 0 0 0 0 0 
_1.ptx 1328 : 50745 317946 0 0 0 0 0 0 0 
_1.ptx 1329 : 50745 331100 0 0 0 0 0 0 0 
_1.ptx 1330 : 50745 476763 0 0 0 0 0 0 0 
_1.ptx 1331 : 50745 482764 0 0 0 0 0 0 0 
_1.ptx 1332 : 50745 343653 0 0 0 0 0 0 0 
_1.ptx 1333 : 50745 609384 0 0 0 0 0 0 0 
_1.ptx 1334 : 50745 3537315 0 0 0 0 0 0 0 
_1.ptx 1335 : 50745 593230 0 0 0 0 0 0 0 
_1.ptx 1336 : 50745 326382 0 0 0 0 0 0 0 
_1.ptx 1337 : 50745 431936 0 0 0 0 0 0 0 
_1.ptx 1338 : 50745 473308 0 0 0 0 0 0 0 
_1.ptx 1339 : 50745 330951 0 0 0 0 0 0 0 
_1.ptx 1340 : 50745 428164 0 0 0 0 0 0 0 
_1.ptx 1341 : 50745 468564 0 0 0 0 0 0 0 
_1.ptx 1343 : 50745 382049 0 0 0 0 0 0 0 
_1.ptx 1344 : 50745 326676 0 0 0 0 0 0 0 
_1.ptx 1345 : 50745 430976 0 0 0 0 0 0 0 
_1.ptx 1346 : 50745 0 0 0 0 0 0 0 0 
_1.ptx 1348 : 50745 482168 0 0 0 0 0 0 0 
_1.ptx 1351 : 50745 420321 0 0 0 0 0 0 0 
_1.ptx 1352 : 50745 366323 0 0 0 0 0 0 0 
_1.ptx 1353 : 50745 415108 0 0 0 0 0 0 0 
_1.ptx 1354 : 50745 417777 0 0 0 0 0 0 0 
_1.ptx 1355 : 50745 371672 0 0 0 0 0 0 0 
_1.ptx 1356 : 50745 608532 0 0 0 0 0 0 0 
_1.ptx 1357 : 50745 599763 0 0 0 0 0 0 0 
_1.ptx 1358 : 50745 418540 0 0 0 0 0 0 0 
_1.ptx 1359 : 50745 359621 0 0 0 0 0 0 0 
_1.ptx 1360 : 50745 439446 0 0 0 0 0 0 0 
_1.ptx 1361 : 50745 397206 0 0 0 0 0 0 0 
_1.ptx 1362 : 50745 427528 0 0 0 0 0 0 0 
_1.ptx 1363 : 50745 317977 0 0 0 0 0 0 0 
_1.ptx 1364 : 50745 419312 0 0 0 0 0 0 0 
_1.ptx 1365 : 50745 333218 0 0 0 0 0 0 0 
_1.ptx 1372 : 50745 395219 0 0 0 0 0 0 0 
_1.ptx 1375 : 50745 354429 0 0 0 0 0 0 0 
_1.ptx 1376 : 50745 575596 0 0 0 0 0 0 0 
_1.ptx 1377 : 50745 580862 0 0 0 0 0 0 0 
_1.ptx 1378 : 50745 1207586 0 0 0 0 0 0 0 
_1.ptx 1380 : 50745 573772 0 0 0 0 0 0 0 
_1.ptx 1381 : 50745 1426782 0 0 0 0 0 0 0 
_1.ptx 1383 : 50745 583344 0 0 0 0 0 0 0 
_1.ptx 1384 : 50745 1663280 0 0 0 0 0 0 0 
_1.ptx 1388 : 62282 715425 0 0 0 0 0 0 0 
_1.ptx 1389 : 62282 734955 0 0 0 0 0 0 0 
_1.ptx 1390 : 62282 725633 0 0 0 0 0 0 0 
_1.ptx 1391 : 62282 766429 0 0 0 0 0 0 0 
_1.ptx 1392 : 62282 742442 0 0 0 0 0 0 0 
_1.ptx 1393 : 62282 792237 0 0 0 0 0 0 0 
_1.ptx 1395 : 62282 739661 0 0 0 0 0 0 0 
_1.ptx 1396 : 62282 756677 0 0 0 0 0 0 0 
_1.ptx 1397 : 62282 751972 0 0 0 0 0 0 0 
_1.ptx 1398 : 62282 817654 0 0 0 0 0 0 0 
_1.ptx 1399 : 62282 635744 0 0 0 0 0 0 0 
_1.ptx 1400 : 62282 620501 0 0 0 0 0 0 0 
_1.ptx 1401 : 62282 2134597 0 0 0 0 0 0 0 
_1.ptx 1402 : 62282 739632 0 0 0 0 0 0 0 
_1.ptx 1403 : 62282 737954 0 0 0 0 0 0 0 
_1.ptx 1404 : 62282 761250 0 0 0 0 0 0 0 
_1.ptx 1405 : 62282 494034 0 0 0 0 0 0 0 
_1.ptx 1406 : 62282 497222 0 0 0 0 0 0 0 
_1.ptx 1408 : 62282 435791 0 0 0 0 0 0 0 
_1.ptx 1409 : 62282 593682 0 0 0 0 0 0 0 
_1.ptx 1410 : 62282 424193 0 0 0 0 0 0 0 
_1.ptx 1411 : 62282 600387 0 0 0 0 0 0 0 
_1.ptx 1412 : 62282 437367 0 0 0 0 0 0 0 
_1.ptx 1413 : 62282 602633 0 0 0 0 0 0 0 
_1.ptx 1416 : 127467 1393430 0 0 0 0 0 0 0 
_1.ptx 1417 : 127467 915657 0 0 0 0 0 0 0 
_1.ptx 1418 : 127467 1100235 0 0 0 0 0 0 0 
_1.ptx 1419 : 127467 6730 0 0 0 0 0 0 0 
_1.ptx 1420 : 126435 1084750 0 0 0 0 0 0 0 
_1.ptx 1421 : 126435 416458 0 0 0 0 0 0 550 
_1.ptx 1424 : 65536 701792 0 0 0 0 0 0 0 
_1.ptx 1425 : 65536 505248 0 0 0 0 0 0 0 
_1.ptx 1426 : 65536 425216 0 0 0 0 0 0 0 
_1.ptx 1427 : 65536 548736 0 0 0 0 0 0 0 
_1.ptx 604 : 65536 407872 0 0 0 0 0 0 0 
_1.ptx 1428 : 65536 361487 0 0 0 0 0 0 218 
_1.ptx 605 : 65536 1204832 42240 0 0 0 0 0 0 
_1.ptx 1429 : 10434 79316 0 0 0 0 0 0 0 
_1.ptx 606 : 65536 415072 0 0 0 0 0 0 0 
_1.ptx 1430 : 10434 78465 0 0 0 0 0 0 0 
_1.ptx 607 : 65536 1721472 40960 0 0 0 0 0 0 
_1.ptx 1431 : 10434 118780 0 0 0 0 0 0 0 
_1.ptx 608 : 65536 419904 0 0 0 0 0 0 0 
_1.ptx 1432 : 10434 118692 0 0 0 0 0 0 0 
_1.ptx 609 : 65536 1752256 41344 0 0 0 0 0 0 
_1.ptx 1433 : 10434 80629 0 0 0 0 0 0 0 
_1.ptx 610 : 65536 421760 0 0 0 0 0 0 0 
_1.ptx 611 : 65536 2031200 41856 0 0 0 0 0 0 
_1.ptx 612 : 65536 419776 0 0 0 0 0 0 0 
_1.ptx 613 : 65536 1813440 67968 0 0 0 0 0 0 
_1.ptx 1437 : 15923 4235547 25728 0 0 0 0 0 0 
_1.ptx 614 : 65536 417600 0 0 0 0 0 0 0 
_1.ptx 1438 : 15923 4427226 18176 0 0 0 0 0 0 
_1.ptx 615 : 65536 1959648 81536 0 0 0 0 0 0 
_1.ptx 1439 : 15923 5002642 18944 0 0 0 0 0 0 
_1.ptx 616 : 65536 416800 0 0 0 0 0 0 0 
_1.ptx 1440 : 15923 4808020 0 0 0 0 0 0 0 
_1.ptx 617 : 65536 2078784 85120 0 0 0 0 0 0 
_1.ptx 1441 : 15923 5067666 128 0 0 0 0 0 0 
_1.ptx 618 : 65536 416864 0 0 0 0 0 0 0 
_1.ptx 1442 : 15923 4813875 640 0 0 0 0 0 0 
_1.ptx 619 : 65536 2133984 69376 0 0 0 0 0 0 
_1.ptx 1443 : 15923 5222098 26496 0 0 0 0 0 0 
_1.ptx 620 : 65536 418112 0 0 0 0 0 0 0 
_1.ptx 1444 : 15923 4490645 128 0 0 0 0 0 0 
_1.ptx 621 : 65536 2167104 93440 0 0 0 0 0 0 
_1.ptx 1445 : 15923 99240 0 0 0 0 0 0 0 
_1.ptx 622 : 65536 417312 0 0 0 0 0 0 0 
_1.ptx 1446 : 15923 145207 0 0 0 0 0 0 0 
_1.ptx 623 : 65536 2092640 83456 0 0 0 0 0 0 
_1.ptx 1447 : 15923 1309440 0 0 0 0 0 0 0 
_1.ptx 624 : 65536 418336 0 0 0 0 0 0 0 
_1.ptx 1448 : 15923 98396 0 0 0 0 0 0 0 
_1.ptx 625 : 65536 2183936 86912 0 0 0 0 0 0 
_1.ptx 1449 : 15923 146276 0 0 0 0 0 0 0 
_1.ptx 626 : 65536 418624 0 0 0 0 0 0 0 
_1.ptx 1450 : 15923 1037696 0 0 0 0 0 0 0 
_1.ptx 627 : 65536 1667040 101376 0 0 0 0 0 0 
_1.ptx 1451 : 15923 99216 0 0 0 0 0 0 0 
_1.ptx 628 : 65536 419552 0 0 0 0 0 0 0 
_1.ptx 1452 : 15923 146560 0 0 0 0 0 0 0 
_1.ptx 629 : 65536 1704224 82176 0 0 0 0 0 0 
_1.ptx 1453 : 15923 1032286 0 0 0 0 0 0 0 
_1.ptx 630 : 65536 419072 0 0 0 0 0 0 0 
_1.ptx 1454 : 15923 100562 0 0 0 0 0 0 0 
_1.ptx 631 : 65536 1798624 106880 0 0 0 0 0 0 
_1.ptx 1455 : 15923 147064 0 0 0 0 0 0 0 
_1.ptx 632 : 65536 420032 0 0 0 0 0 0 0 
_1.ptx 1456 : 15923 1034948 0 0 0 0 0 0 0 
_1.ptx 633 : 65536 1712512 96000 0 0 0 0 0 0 
_1.ptx 1457 : 15923 164455 0 0 0 0 0 0 0 
_1.ptx 634 : 65536 421920 0 0 0 0 0 0 0 
_1.ptx 1458 : 15923 165167 0 0 0 0 0 0 0 
_1.ptx 635 : 65536 1829088 87808 0 0 0 0 0 0 
_1.ptx 1459 : 15923 105556 0 0 0 0 0 0 0 
_1.ptx 636 : 65536 419072 0 0 0 0 0 0 0 
_1.ptx 1460 : 15923 133375 0 0 0 0 0 0 0 
_1.ptx 637 : 65536 1806528 108160 0 0 0 0 0 0 
_1.ptx 1461 : 15923 34849 0 0 0 0 0 0 386 
_1.ptx 638 : 65536 418976 0 0 0 0 0 0 0 
_1.ptx 639 : 65536 1804192 78208 0 0 0 0 0 0 
_1.ptx 640 : 65536 420192 0 0 0 0 0 0 0 
_1.ptx 1464 : 65536 20653728 33024 0 0 4096 2048 0 0 
_1.ptx 641 : 65536 1702592 115456 0 0 0 0 0 0 
_1.ptx 1465 : 65536 17221888 768 0 0 0 0 0 0 
_1.ptx 642 : 65536 421312 0 0 0 0 0 0 0 
_1.ptx 1466 : 65536 473984 0 0 0 0 0 0 0 
_1.ptx 643 : 65536 1607104 111872 0 0 0 0 0 0 
_1.ptx 1467 : 65536 410176 0 0 0 0 0 0 0 
_1.ptx 644 : 65536 426272 0 0 0 0 0 0 0 
_1.ptx 1468 : 65536 730112 0 0 0 0 0 0 0 
_1.ptx 645 : 65536 432032 0 0 0 0 0 0 0 
_1.ptx 1469 : 65536 472992 0 0 0 0 0 0 0 
_1.ptx 646 : 65536 549888 0 0 0 0 0 0 0 
_1.ptx 1470 : 65536 13984064 3072 0 0 0 0 0 0 
_1.ptx 647 : 65536 422624 0 0 0 0 0 0 0 
_1.ptx 1471 : 65536 477216 0 0 0 0 0 0 0 
_1.ptx 648 : 65536 424992 0 0 0 0 0 0 0 
_1.ptx 1472 : 65536 408800 0 0 0 0 0 0 0 
_1.ptx 649 : 65536 548064 0 0 0 0 0 0 0 
_1.ptx 1473 : 65536 732384 0 0 0 0 0 0 0 
_1.ptx 650 : 65536 426496 0 0 0 0 0 0 0 
_1.ptx 1474 : 65536 478048 0 0 0 0 0 0 0 
_1.ptx 651 : 65536 738944 0 0 0 0 0 0 0 
_1.ptx 1475 : 65536 477728 0 0 0 0 0 0 0 
_1.ptx 652 : 65536 423200 0 0 0 0 0 0 0 
_1.ptx 1476 : 65536 536992 0 0 0 0 0 0 0 
_1.ptx 653 : 65536 736288 0 0 0 0 0 0 0 
_1.ptx 1477 : 65536 12718944 1280 0 0 0 0 0 0 
_1.ptx 654 : 65536 2108800 128 0 0 0 0 0 0 
_1.ptx 1478 : 65536 482720 0 0 0 0 0 0 0 
_1.ptx 655 : 65536 1887328 0 0 0 0 0 0 0 
_1.ptx 1479 : 65536 418688 0 0 0 0 0 0 0 
_1.ptx 656 : 65536 544864 0 0 0 0 0 0 0 
_1.ptx 1480 : 65536 732544 0 0 0 0 0 0 0 
_1.ptx 657 : 65536 491392 0 0 0 0 0 0 0 
_1.ptx 1481 : 65536 478304 0 0 0 0 0 0 0 
_1.ptx 658 : 65536 546752 0 0 0 0 0 0 0 
_1.ptx 1482 : 65536 479424 0 0 0 0 0 0 0 
_1.ptx 659 : 65536 492448 0 0 0 0 0 0 0 
_1.ptx 1483 : 65536 12422400 3840 0 0 0 0 0 0 
_1.ptx 660 : 65536 552864 0 0 0 0 0 0 0 
_1.ptx 1484 : 65536 482688 0 0 0 0 0 0 0 
_1.ptx 661 : 65536 425568 0 0 0 0 0 0 0 
_1.ptx 1485 : 65536 420000 0 0 0 0 0 0 0 
_1.ptx 662 : 65536 546464 0 0 0 0 0 0 0 
_1.ptx 1486 : 65536 734624 0 0 0 0 0 0 0 
_1.ptx 663 : 65536 0 0 0 0 0 0 0 0 
_1.ptx 1487 : 65536 484928 0 0 0 0 0 0 0 
_1.ptx 1488 : 65536 482048 0 0 0 0 0 0 0 
_1.ptx 665 : 65536 800512 0 0 0 0 0 0 0 
_1.ptx 1489 : 65536 540576 0 0 0 0 0 0 0 
_1.ptx 666 : 65536 905376 0 0 0 0 0 0 0 
_1.ptx 1490 : 65536 540064 0 0 0 0 0 0 0 
_1.ptx 667 : 65536 739712 0 0 0 0 0 0 0 
_1.ptx 1491 : 65536 733504 0 0 0 0 0 0 0 
_1.ptx 668 : 65536 495872 0 0 0 0 0 0 0 
_1.ptx 1492 : 65536 2747136 0 0 0 4096 2048 0 0 
_1.ptx 669 : 65536 705216 0 0 0 0 0 0 0 
_1.ptx 670 : 65536 745248 0 0 0 0 0 0 0 
_1.ptx 671 : 65536 427776 0 0 0 0 0 0 0 
_1.ptx 1495 : 65536 410560 0 0 0 0 0 0 0 
_1.ptx 672 : 65536 1792160 156224 0 0 4096 2048 0 0 
_1.ptx 674 : 65536 2583552 128 0 0 0 0 0 0 
_1.ptx 675 : 65536 2383488 0 0 0 0 0 0 0 
_1.ptx 676 : 65536 775744 0 0 0 0 0 0 0 
_1.ptx 678 : 65536 527840 0 0 0 0 0 0 0 
_1.ptx 679 : 65536 581952 0 0 0 0 0 0 0 
_1.ptx 680 : 65536 745792 0 0 0 0 0 0 0 
_1.ptx 681 : 65536 1350048 0 0 0 0 0 0 0 
_1.ptx 682 : 65536 541536 0 0 0 0 0 0 0 
_1.ptx 683 : 65536 528288 0 0 0 0 0 0 0 
_1.ptx 684 : 65536 762208 0 0 0 0 0 0 0 
_1.ptx 685 : 65536 749248 0 0 0 0 0 0 0 
_1.ptx 686 : 65536 640768 0 0 0 0 0 0 0 
_1.ptx 687 : 65536 757472 0 0 0 0 0 0 0 
_1.ptx 688 : 65536 512864 0 0 0 0 0 0 0 
_1.ptx 689 : 65536 511840 0 0 0 0 0 0 0 
_1.ptx 690 : 65536 511040 0 0 0 0 0 0 0 
_1.ptx 691 : 65536 442144 0 0 0 0 0 0 0 
_1.ptx 692 : 65536 3111520 0 0 0 0 0 0 0 
_1.ptx 693 : 65536 420352 0 0 0 0 0 0 0 
_1.ptx 694 : 65536 742656 0 0 0 0 0 0 0 
_1.ptx 695 : 65536 751520 0 0 0 0 0 0 0 
_1.ptx 696 : 65536 430048 0 0 0 0 0 0 0 
_1.ptx 697 : 65536 744704 0 0 0 0 0 0 0 
_1.ptx 698 : 65536 742144 0 0 0 0 0 0 0 
_1.ptx 699 : 65536 790304 0 0 0 0 0 0 0 
_1.ptx 700 : 65536 740992 0 0 0 0 0 0 0 
_1.ptx 701 : 65536 709792 0 0 0 0 0 0 0 
_1.ptx 702 : 65536 740672 0 0 0 0 0 0 0 
_1.ptx 703 : 65536 591200 0 0 0 0 0 0 0 
_1.ptx 704 : 65536 740576 0 0 0 0 0 0 0 
_1.ptx 705 : 65536 497696 0 0 0 0 0 0 0 
_1.ptx 706 : 65536 742400 0 0 0 0 0 0 0 
_1.ptx 707 : 65536 510080 0 0 0 0 0 0 0 
_1.ptx 708 : 65536 743776 0 0 0 0 0 0 0 
_1.ptx 709 : 65536 497216 0 0 0 0 0 0 0 
_1.ptx 710 : 65536 751616 0 0 0 0 0 0 0 
_1.ptx 711 : 65536 767296 0 0 0 0 0 0 0 
_1.ptx 712 : 65536 775392 0 0 0 0 0 0 0 
_1.ptx 713 : 65536 787072 0 0 0 0 0 0 0 
_1.ptx 714 : 65536 782176 0 0 0 0 0 0 0 
_1.ptx 715 : 65536 798464 0 0 0 0 0 0 0 
_1.ptx 716 : 65536 804992 0 0 0 0 0 0 0 
_1.ptx 717 : 65536 790592 0 0 0 0 0 0 0 
_1.ptx 718 : 65536 784160 0 0 0 0 0 0 0 
_1.ptx 719 : 65536 783776 0 0 0 0 0 0 0 
_1.ptx 720 : 65536 774400 0 0 0 0 0 0 0 
_1.ptx 721 : 65536 774944 0 0 0 0 0 0 0 
_1.ptx 722 : 65536 771552 0 0 0 0 0 0 0 
_1.ptx 723 : 65536 784288 0 0 0 0 0 0 0 
_1.ptx 724 : 65536 630528 0 0 0 0 0 0 0 
_1.ptx 725 : 65536 610752 0 0 0 0 0 0 0 
_1.ptx 726 : 65536 1631136 0 0 0 0 0 0 0 
_1.ptx 727 : 65536 758816 0 0 0 0 0 0 0 
_1.ptx 728 : 65536 757696 0 0 0 0 0 0 0 
_1.ptx 729 : 65536 770112 0 0 0 0 0 0 0 
_1.ptx 731 : 65536 440800 0 0 0 0 0 0 0 
_1.ptx 733 : 65536 495904 0 0 0 0 0 0 0 
_1.ptx 734 : 65536 505568 0 0 0 0 0 0 0 
_1.ptx 735 : 65536 499520 0 0 0 0 0 0 0 
_1.ptx 736 : 65536 493152 0 0 0 0 0 0 0 
_1.ptx 738 : 127467 997542 0 0 0 0 0 0 0 
_1.ptx 739 : 127467 873532 0 0 0 0 0 0 0 
_1.ptx 740 : 127467 845793 0 0 0 0 0 0 0 
_1.ptx 744 : 509868 8213976 128 0 0 17236 17236 0 0 
_1.ptx 745 : 509868 7287896 0 0 0 17236 17236 0 0 
_1.ptx 746 : 509868 8388626 128 0 0 17236 17236 0 0 
_1.ptx 747 : 509868 6883771 0 0 0 17236 17236 0 0 
_1.ptx 748 : 509868 6201922 0 0 0 17236 17236 0 0 
_1.ptx 749 : 509868 3393587 0 0 0 0 0 0 0 
_1.ptx 750 : 509868 4389238 0 0 0 0 0 0 0 
_1.ptx 751 : 509868 2681513 0 0 0 0 0 0 0 
_1.ptx 753 : 127467 971856 0 0 0 0 0 0 0 
_1.ptx 754 : 127467 854277 0 0 0 0 0 0 0 
_1.ptx 755 : 127467 1078259 0 0 0 0 0 0 0 
_1.ptx 756 : 127467 853541 0 0 0 0 0 0 0 
_1.ptx 761 : 127467 1446310 0 0 0 0 0 0 0 
_1.ptx 762 : 127467 6157116 0 0 0 0 0 0 0 
_1.ptx 763 : 127467 830401 0 0 0 0 0 0 0 
_1.ptx 764 : 127467 845650 0 0 0 0 0 0 0 
_1.ptx 765 : 127467 1084898 0 0 0 0 0 0 0 
_1.ptx 766 : 127467 1203873 0 0 0 0 0 0 0 
_1.ptx 769 : 127467 1004011 0 0 0 0 0 0 0 
_1.ptx 770 : 127467 883734 0 0 0 0 0 0 0 
_1.ptx 773 : 382401 4468547 0 0 0 0 0 0 0 
_1.ptx 774 : 382401 2453706 0 0 0 0 0 0 0 
_1.ptx 775 : 382401 4506867 0 0 0 0 0 0 0 
_1.ptx 776 : 382401 4506605 0 0 0 0 0 0 0 
_1.ptx 777 : 382401 4544691 0 0 0 0 0 0 0 
_1.ptx 778 : 382401 4572178 0 0 0 0 0 0 0 
_1.ptx 779 : 382401 4574020 0 0 0 0 0 0 0 
_1.ptx 780 : 382401 4573829 0 0 0 0 0 0 0 
_1.ptx 781 : 382401 3737942 0 0 0 0 0 0 0 
_1.ptx 782 : 382401 3820096 0 0 0 0 0 0 0 
_1.ptx 783 : 382401 3712259 0 0 0 0 0 0 0 
_1.ptx 784 : 382401 3811034 0 0 0 0 0 0 0 
_1.ptx 785 : 382401 3386646 0 0 0 0 0 0 0 
_1.ptx 786 : 382401 3142687 0 0 0 0 0 0 0 
_1.ptx 787 : 382401 2738871 0 0 0 0 0 0 0 
_1.ptx 788 : 382401 3370320 0 0 0 0 0 0 0 
_1.ptx 789 : 382401 3117501 0 0 0 0 0 0 0 
_1.ptx 790 : 382401 3377766 0 0 0 0 0 0 0 
_1.ptx 791 : 382401 2737700 0 0 0 0 0 0 0 
_1.ptx 792 : 382401 3365536 0 0 0 0 0 0 0 
_1.ptx 793 : 382401 1970789 0 0 0 0 0 0 1523 
_1.ptx 794 : 105477 759698 0 0 0 0 0 0 0 
_1.ptx 795 : 105477 750312 0 0 0 0 0 0 0 
_1.ptx 797 : 276924 3267733 0 0 0 0 0 0 0 
_1.ptx 798 : 276924 3252470 0 0 0 0 0 0 0 
_1.ptx 799 : 276924 2422737 0 0 0 0 0 0 0 
_1.ptx 800 : 276924 140954 0 0 0 0 0 0 715 
_1.ptx 801 : 257599 1847976 0 0 0 0 0 0 0 
_1.ptx 802 : 257599 1864062 0 0 0 0 0 0 0 
_1.ptx 805 : 19325 226771 0 0 0 0 0 0 0 
_1.ptx 806 : 19325 356244 0 0 0 0 0 0 0 
_1.ptx 807 : 19325 226699 0 0 0 0 0 0 0 
_1.ptx 808 : 19325 230385 0 0 0 0 0 0 0 
_1.ptx 809 : 19325 187160 0 0 0 0 0 0 0 
_1.ptx 813 : 382401 3134988 0 0 0 0 0 0 0 
_1.ptx 815 : 509868 3603740 0 0 0 0 0 0 0 
_1.ptx 816 : 509868 4389465 0 0 0 0 0 0 0 
_1.ptx 817 : 509868 4052745 0 0 0 0 0 0 0 
_1.ptx 818 : 509868 4387822 0 0 0 0 0 0 0 
_1.ptx 819 : 509868 4053682 0 0 0 0 0 0 0 
_1.ptx 820 : 509868 4450434 0 0 0 0 0 0 0 
_1.ptx 821 : 509868 3532575 0 0 0 0 0 0 0 
_1.ptx 822 : 509868 4412577 0 0 0 0 0 0 0 
