kernel line : count latency dram_traffic smem_bk_conflicts smem_warp gmem_access_generated gmem_warp exposed_latency warp_divergence
_1.ptx 67 : 11796480 70971712 0 0 0 0 0 0 0 
_1.ptx 68 : 11796480 124250112 0 0 0 0 0 0 0 
_1.ptx 69 : 11796480 71376800 0 0 0 0 0 0 0 
_1.ptx 70 : 11796480 124882848 0 0 0 0 0 0 0 
_1.ptx 71 : 11796480 71789024 0 0 0 0 0 0 0 
_1.ptx 72 : 11796480 72415392 0 0 0 0 0 0 0 
_1.ptx 73 : 11796480 131353024 0 0 0 0 0 0 0 
_1.ptx 74 : 11796480 131572864 0 0 0 0 0 0 0 
_1.ptx 75 : 11796480 76903648 0 0 0 0 0 0 0 
_1.ptx 76 : 11796480 94731872 0 0 0 0 0 0 0 
_1.ptx 77 : 11796480 85403008 0 0 0 0 0 0 0 
_1.ptx 78 : 11796480 126780320 0 0 0 0 0 0 0 
_1.ptx 79 : 11796480 130946368 0 0 0 0 0 0 0 
_1.ptx 80 : 11796480 120572480 0 0 0 0 0 0 0 
_1.ptx 81 : 11796480 130737472 0 0 0 0 0 0 0 
_1.ptx 82 : 11796480 173432928 128 0 0 0 0 0 0 
_1.ptx 83 : 11796480 133725696 0 0 0 0 0 0 0 
_1.ptx 84 : 11796480 131657888 0 0 0 0 0 0 0 
_1.ptx 85 : 11796480 85014368 0 0 0 0 0 0 0 
_1.ptx 86 : 11796480 122756160 0 0 0 0 0 0 0 
_1.ptx 87 : 11796480 203825856 0 0 0 0 0 0 0 
_1.ptx 88 : 11796480 131477696 0 0 0 0 0 0 0 
_1.ptx 89 : 11796480 3882720992 94071424 0 0 737280 368640 0 0 
_1.ptx 90 : 11796480 219205792 0 737280 368640 0 0 0 0 
_1.ptx 91 : 11796480 1417952832 0 0 0 737280 368640 0 0 
_1.ptx 92 : 11796480 171866336 0 737280 368640 0 0 0 0 
_1.ptx 93 : 11796480 3564084608 83583744 0 0 737280 368640 0 0 
_1.ptx 94 : 11796480 156471008 0 737280 368640 0 0 0 0 
_1.ptx 95 : 11796480 1196976960 0 0 0 737280 368640 0 0 
_1.ptx 96 : 11796480 141084320 0 737280 368640 0 0 0 0 
_1.ptx 97 : 11796480 120398912 0 0 0 0 0 0 0 
_1.ptx 98 : 11796480 71581792 0 0 0 0 0 0 0 
_1.ptx 99 : 11796480 95560768 0 0 0 0 0 0 0 
_1.ptx 100 : 11796480 1480064 0 0 0 0 0 0 0 
_1.ptx 102 : 11550720 2356966816 10788096 0 0 721920 360960 0 0 
_1.ptx 103 : 11550720 69519008 0 0 0 0 0 0 0 
_1.ptx 105 : 245760 1479232 0 0 0 0 0 0 0 
_1.ptx 107 : 11796480 140615104 0 737280 368640 0 0 0 0 
_1.ptx 108 : 11796480 112195264 0 0 0 0 0 0 0 
_1.ptx 109 : 11796480 131359840 0 0 0 0 0 0 0 
_1.ptx 110 : 11796480 120277248 0 0 0 0 0 0 0 
_1.ptx 111 : 11796480 71452288 0 0 0 0 0 0 0 
_1.ptx 112 : 11796480 95835520 0 0 0 0 0 0 0 
_1.ptx 113 : 11796480 1480064 0 0 0 0 0 0 0 
_1.ptx 115 : 11550720 2209137088 300416 0 0 721920 360960 0 0 
_1.ptx 116 : 11550720 69505824 0 0 0 0 0 0 0 
_1.ptx 118 : 245760 1477728 0 0 0 0 0 0 0 
_1.ptx 120 : 11796480 146255648 0 737280 368640 0 0 0 0 
_1.ptx 122 : 11796480 70999904 0 0 0 0 0 0 0 
_1.ptx 124 : 11796480 71368288 0 0 0 0 0 0 0 
_1.ptx 125 : 11796480 109721248 128 0 0 0 0 0 0 
_1.ptx 126 : 11796480 161144256 0 737280 368640 0 0 0 0 
_1.ptx 127 : 11796480 106851328 0 0 0 0 0 0 0 
_1.ptx 128 : 11796480 133037280 0 0 0 0 0 0 0 
_1.ptx 129 : 11796480 172189376 0 737280 368640 0 0 0 0 
_1.ptx 130 : 11796480 107002944 0 0 0 0 0 0 0 
_1.ptx 131 : 11796480 124117440 0 0 0 0 0 0 0 
_1.ptx 132 : 11796480 168550304 0 737280 368640 0 0 0 0 
_1.ptx 133 : 11796480 106905408 0 0 0 0 0 0 0 
_1.ptx 134 : 11796480 130390624 0 0 0 0 0 0 0 
_1.ptx 135 : 11796480 172870720 0 737280 368640 0 0 0 0 
_1.ptx 136 : 11796480 106952000 0 0 0 0 0 0 0 
_1.ptx 137 : 11796480 131557728 0 0 0 0 0 0 0 
_1.ptx 138 : 11796480 176279104 0 737280 368640 0 0 0 0 
_1.ptx 139 : 11796480 106848384 0 0 0 0 0 0 0 
_1.ptx 140 : 11796480 139071968 0 0 0 0 0 0 0 
_1.ptx 141 : 11796480 176832960 0 737280 368640 0 0 0 0 
_1.ptx 142 : 11796480 106855008 0 0 0 0 0 0 0 
_1.ptx 143 : 11796480 150900736 0 0 0 0 0 0 0 
_1.ptx 144 : 11796480 184768800 0 737280 368640 0 0 0 0 
_1.ptx 145 : 11796480 106902432 0 0 0 0 0 0 0 
_1.ptx 146 : 11796480 139888512 0 0 0 0 0 0 0 
_1.ptx 147 : 11796480 179933152 0 737280 368640 0 0 0 0 
_1.ptx 148 : 11796480 106919424 0 0 0 0 0 0 0 
_1.ptx 149 : 11796480 140642144 0 0 0 0 0 0 0 
_1.ptx 150 : 11796480 182230528 0 737280 368640 0 0 0 0 
_1.ptx 151 : 11796480 106850656 0 0 0 0 0 0 0 
_1.ptx 152 : 11796480 147557728 0 0 0 0 0 0 0 
_1.ptx 153 : 11796480 185486656 0 737280 368640 0 0 0 0 
_1.ptx 154 : 11796480 106888064 0 0 0 0 0 0 0 
_1.ptx 155 : 11796480 146491776 0 0 0 0 0 0 0 
_1.ptx 156 : 11796480 188519072 0 737280 368640 0 0 0 0 
_1.ptx 157 : 11796480 106815680 0 0 0 0 0 0 0 
_1.ptx 158 : 11796480 150846592 0 0 0 0 0 0 0 
_1.ptx 159 : 11796480 187982304 0 737280 368640 0 0 0 0 
_1.ptx 160 : 11796480 106870336 0 0 0 0 0 0 0 
_1.ptx 161 : 11796480 148461952 0 0 0 0 0 0 0 
_1.ptx 162 : 11796480 189409216 0 737280 368640 0 0 0 0 
_1.ptx 163 : 11796480 106827584 0 0 0 0 0 0 0 
_1.ptx 164 : 11796480 150871968 0 0 0 0 0 0 0 
_1.ptx 165 : 11796480 187679648 0 737280 368640 0 0 0 0 
_1.ptx 166 : 11796480 106878464 0 0 0 0 0 0 0 
_1.ptx 167 : 11796480 145880256 0 0 0 0 0 0 0 
_1.ptx 168 : 11796480 187057664 0 737280 368640 0 0 0 0 
_1.ptx 169 : 11796480 106815840 0 0 0 0 0 0 0 
_1.ptx 170 : 11796480 147400864 0 0 0 0 0 0 0 
_1.ptx 171 : 11796480 186131776 0 737280 368640 0 0 0 0 
_1.ptx 172 : 11796480 106890368 0 0 0 0 0 0 0 
_1.ptx 173 : 11796480 142161216 0 0 0 0 0 0 0 
_1.ptx 174 : 11796480 187838880 0 737280 368640 0 0 0 0 
_1.ptx 175 : 11796480 106814624 0 0 0 0 0 0 0 
_1.ptx 177 : 11796480 146563520 0 0 0 0 0 0 0 
_1.ptx 178 : 11796480 131505376 0 0 0 0 0 0 0 
_1.ptx 179 : 11796480 477362784 47185920 0 0 737280 368640 0 0 
_1.ptx 181 : 11796480 71056800 0 0 0 0 0 0 0 
_1.ptx 182 : 11796480 349125760 0 0 0 0 0 0 0 
_1.ptx 183 : 11796480 329061312 0 737280 368640 0 0 0 0 
_1.ptx 184 : 11796480 106787808 0 0 0 0 0 0 0 
_1.ptx 185 : 11796480 152672224 0 0 0 0 0 0 0 
_1.ptx 186 : 11796480 191255328 0 737280 368640 0 0 0 0 
_1.ptx 187 : 11796480 106842304 0 0 0 0 0 0 0 
_1.ptx 188 : 11796480 146978944 0 0 0 0 0 0 0 
_1.ptx 189 : 11796480 186805376 0 737280 368640 0 0 0 0 
_1.ptx 190 : 11796480 106896800 0 0 0 0 0 0 0 
_1.ptx 191 : 11796480 145094784 0 0 0 0 0 0 0 
_1.ptx 192 : 11796480 190937600 0 737280 368640 0 0 0 0 
_1.ptx 193 : 11796480 106828704 0 0 0 0 0 0 0 
_1.ptx 194 : 11796480 155848480 0 0 0 0 0 0 0 
_1.ptx 195 : 11796480 194091616 0 737280 368640 0 0 0 0 
_1.ptx 196 : 11796480 106844992 0 0 0 0 0 0 0 
_1.ptx 197 : 11796480 152416128 0 0 0 0 0 0 0 
_1.ptx 198 : 11796480 195976832 0 737280 368640 0 0 0 0 
_1.ptx 199 : 11796480 106817760 0 0 0 0 0 0 0 
_1.ptx 200 : 11796480 159371648 0 0 0 0 0 0 0 
_1.ptx 201 : 11796480 196226496 0 737280 368640 0 0 0 0 
_1.ptx 202 : 11796480 106863328 0 0 0 0 0 0 0 
_1.ptx 203 : 11796480 152233728 0 0 0 0 0 0 0 
_1.ptx 204 : 11796480 195830208 0 737280 368640 0 0 0 0 
_1.ptx 205 : 11796480 106822624 0 0 0 0 0 0 0 
_1.ptx 206 : 11796480 162727552 0 0 0 0 0 0 0 
_1.ptx 207 : 11796480 198449376 0 737280 368640 0 0 0 0 
_1.ptx 208 : 11796480 106839712 0 0 0 0 0 0 0 
_1.ptx 209 : 11796480 161032128 0 0 0 0 0 0 0 
_1.ptx 210 : 11796480 201034976 0 737280 368640 0 0 0 0 
_1.ptx 211 : 11796480 106776960 0 0 0 0 0 0 0 
_1.ptx 212 : 11796480 158768896 0 0 0 0 0 0 0 
_1.ptx 213 : 11796480 194653856 0 737280 368640 0 0 0 0 
_1.ptx 214 : 11796480 106838496 0 0 0 0 0 0 0 
_1.ptx 215 : 11796480 151624288 0 0 0 0 0 0 0 
_1.ptx 216 : 11796480 196778272 0 737280 368640 0 0 0 0 
_1.ptx 217 : 11796480 106793856 0 0 0 0 0 0 0 
_1.ptx 218 : 11796480 162130720 0 0 0 0 0 0 0 
_1.ptx 219 : 11796480 199275392 0 737280 368640 0 0 0 0 
_1.ptx 220 : 11796480 106860160 0 0 0 0 0 0 0 
_1.ptx 221 : 11796480 154205152 0 0 0 0 0 0 0 
_1.ptx 222 : 11796480 197494848 0 737280 368640 0 0 0 0 
_1.ptx 223 : 11796480 106814976 0 0 0 0 0 0 0 
_1.ptx 224 : 11796480 162712736 0 0 0 0 0 0 0 
_1.ptx 225 : 11796480 200411360 0 737280 368640 0 0 0 0 
_1.ptx 226 : 11796480 106856800 0 0 0 0 0 0 0 
_1.ptx 227 : 11796480 153938528 0 0 0 0 0 0 0 
_1.ptx 228 : 11796480 200007008 0 737280 368640 0 0 0 0 
_1.ptx 229 : 11796480 106787776 0 0 0 0 0 0 0 
_1.ptx 230 : 11796480 162208640 0 0 0 0 0 0 0 
_1.ptx 231 : 11796480 199636928 0 737280 368640 0 0 0 0 
_1.ptx 232 : 11796480 106849376 0 0 0 0 0 0 0 
_1.ptx 234 : 11796480 491920576 5120 0 0 737280 368640 0 0 
_1.ptx 236 : 11796480 71074336 0 0 0 0 0 0 0 
_1.ptx 237 : 11796480 379969952 0 0 0 0 0 0 0 
_1.ptx 238 : 11796480 321117920 0 737280 368640 0 0 0 0 
_1.ptx 239 : 11796480 106750848 0 0 0 0 0 0 0 
_1.ptx 240 : 11796480 162567808 0 0 0 0 0 0 0 
_1.ptx 241 : 11796480 197786976 0 737280 368640 0 0 0 0 
_1.ptx 242 : 11796480 106873664 0 0 0 0 0 0 0 
_1.ptx 243 : 11796480 146139232 0 0 0 0 0 0 0 
_1.ptx 244 : 11796480 193034752 0 737280 368640 0 0 0 0 
_1.ptx 245 : 11796480 106820800 0 0 0 0 0 0 0 
_1.ptx 246 : 11796480 158517760 0 0 0 0 0 0 0 
_1.ptx 247 : 11796480 197330336 0 737280 368640 0 0 0 0 
_1.ptx 248 : 11796480 106830752 0 0 0 0 0 0 0 
_1.ptx 249 : 11796480 151747008 0 0 0 0 0 0 0 
_1.ptx 250 : 11796480 197035936 0 737280 368640 0 0 0 0 
_1.ptx 251 : 11796480 106790688 0 0 0 0 0 0 0 
_1.ptx 252 : 11796480 161188224 0 0 0 0 0 0 0 
_1.ptx 253 : 11796480 200253984 0 737280 368640 0 0 0 0 
_1.ptx 254 : 11796480 106861024 0 0 0 0 0 0 0 
_1.ptx 255 : 11796480 151598336 0 0 0 0 0 0 0 
_1.ptx 256 : 11796480 198024000 0 737280 368640 0 0 0 0 
_1.ptx 257 : 11796480 106806400 0 0 0 0 0 0 0 
_1.ptx 258 : 11796480 160849184 0 0 0 0 0 0 0 
_1.ptx 259 : 11796480 199828672 0 737280 368640 0 0 0 0 
_1.ptx 260 : 11796480 106875232 0 0 0 0 0 0 0 
_1.ptx 261 : 11796480 149102592 0 0 0 0 0 0 0 
_1.ptx 262 : 11796480 199620736 0 737280 368640 0 0 0 0 
_1.ptx 263 : 11796480 106776160 0 0 0 0 0 0 0 
_1.ptx 264 : 11796480 160805120 0 0 0 0 0 0 0 
_1.ptx 265 : 11796480 199965088 0 737280 368640 0 0 0 0 
_1.ptx 266 : 11796480 106819072 0 0 0 0 0 0 0 
_1.ptx 267 : 11796480 150730944 0 0 0 0 0 0 0 
_1.ptx 268 : 11796480 200108928 0 737280 368640 0 0 0 0 
_1.ptx 269 : 11796480 106809216 0 0 0 0 0 0 0 
_1.ptx 270 : 11796480 161179616 0 0 0 0 0 0 0 
_1.ptx 271 : 11796480 201302432 0 737280 368640 0 0 0 0 
_1.ptx 272 : 11796480 106823360 0 0 0 0 0 0 0 
_1.ptx 273 : 11796480 159790592 0 0 0 0 0 0 0 
_1.ptx 274 : 11796480 208340992 0 737280 368640 0 0 0 0 
_1.ptx 275 : 11796480 106798656 0 0 0 0 0 0 0 
_1.ptx 276 : 11796480 169386144 0 0 0 0 0 0 0 
_1.ptx 277 : 11796480 205321824 0 737280 368640 0 0 0 0 
_1.ptx 278 : 11796480 106839232 0 0 0 0 0 0 0 
_1.ptx 279 : 11796480 152309216 0 0 0 0 0 0 0 
_1.ptx 280 : 11796480 199450944 0 737280 368640 0 0 0 0 
_1.ptx 281 : 11796480 106780672 0 0 0 0 0 0 0 
_1.ptx 282 : 11796480 164637760 0 0 0 0 0 0 0 
_1.ptx 283 : 11796480 204072480 0 737280 368640 0 0 0 0 
_1.ptx 284 : 11796480 106808320 0 0 0 0 0 0 0 
_1.ptx 285 : 11796480 158014304 0 0 0 0 0 0 0 
_1.ptx 286 : 11796480 203274400 0 737280 368640 0 0 0 0 
_1.ptx 287 : 11796480 106822816 0 0 0 0 0 0 0 
_1.ptx 289 : 11796480 504024000 47185920 0 0 737280 368640 0 0 
_1.ptx 291 : 11796480 71062016 0 0 0 0 0 0 0 
_1.ptx 292 : 11796480 384404128 0 0 0 0 0 0 0 
_1.ptx 293 : 11796480 357786848 0 737280 368640 0 0 0 0 
_1.ptx 294 : 11796480 106723456 0 0 0 0 0 0 0 
_1.ptx 295 : 11796480 162188832 0 0 0 0 0 0 0 
_1.ptx 296 : 11796480 202845824 0 737280 368640 0 0 0 0 
_1.ptx 297 : 11796480 106785792 0 0 0 0 0 0 0 
_1.ptx 298 : 11796480 160367872 0 0 0 0 0 0 0 
_1.ptx 299 : 11796480 199675680 0 737280 368640 0 0 0 0 
_1.ptx 300 : 11796480 106830528 0 0 0 0 0 0 0 
_1.ptx 301 : 11796480 150784768 0 0 0 0 0 0 0 
_1.ptx 302 : 11796480 199519488 0 737280 368640 0 0 0 0 
_1.ptx 303 : 11796480 106753344 0 0 0 0 0 0 0 
_1.ptx 304 : 11796480 165284256 0 0 0 0 0 0 0 
_1.ptx 305 : 11796480 203307712 0 737280 368640 0 0 0 0 
_1.ptx 306 : 11796480 106849856 0 0 0 0 0 0 0 
_1.ptx 307 : 11796480 153076512 0 0 0 0 0 0 0 
_1.ptx 308 : 11796480 200024992 0 737280 368640 0 0 0 0 
_1.ptx 309 : 11796480 106781280 0 0 0 0 0 0 0 
_1.ptx 310 : 11796480 160056288 0 0 0 0 0 0 0 
_1.ptx 311 : 11796480 199874816 0 737280 368640 0 0 0 0 
_1.ptx 312 : 11796480 106840832 0 0 0 0 0 0 0 
_1.ptx 313 : 11796480 148342688 0 0 0 0 0 0 0 
_1.ptx 314 : 11796480 197710016 0 737280 368640 0 0 0 0 
_1.ptx 315 : 11796480 106776928 0 0 0 0 0 0 0 
_1.ptx 316 : 11796480 156245120 0 0 0 0 0 0 0 
_1.ptx 317 : 11796480 197113376 0 737280 368640 0 0 0 0 
_1.ptx 318 : 11796480 106803840 0 0 0 0 0 0 0 
_1.ptx 319 : 11796480 146573792 0 0 0 0 0 0 0 
_1.ptx 320 : 11796480 195072576 0 737280 368640 0 0 0 0 
_1.ptx 321 : 11796480 106786400 0 0 0 0 0 0 0 
_1.ptx 322 : 11796480 153639296 0 0 0 0 0 0 0 
_1.ptx 323 : 11796480 194892640 0 737280 368640 0 0 0 0 
_1.ptx 324 : 11796480 106852064 0 0 0 0 0 0 0 
_1.ptx 325 : 11796480 141925056 0 0 0 0 0 0 0 
_1.ptx 326 : 11796480 190554464 0 737280 368640 0 0 0 0 
_1.ptx 327 : 11796480 106779552 0 0 0 0 0 0 0 
_1.ptx 328 : 11796480 147651392 0 0 0 0 0 0 0 
_1.ptx 329 : 11796480 190811680 0 737280 368640 0 0 0 0 
_1.ptx 330 : 11796480 106828000 0 0 0 0 0 0 0 
_1.ptx 331 : 11796480 136637088 0 0 0 0 0 0 0 
_1.ptx 332 : 11796480 187321280 0 737280 368640 0 0 0 0 
_1.ptx 333 : 11796480 106765408 0 0 0 0 0 0 0 
_1.ptx 334 : 11796480 145801056 0 0 0 0 0 0 0 
_1.ptx 335 : 11796480 187564992 0 737280 368640 0 0 0 0 
_1.ptx 336 : 11796480 106843072 0 0 0 0 0 0 0 
_1.ptx 337 : 11796480 134408416 0 0 0 0 0 0 0 
_1.ptx 338 : 11796480 199927520 0 737280 368640 0 0 0 0 
_1.ptx 339 : 11796480 106773952 0 0 0 0 0 0 0 
_1.ptx 340 : 11796480 152986880 0 0 0 0 0 0 0 
_1.ptx 341 : 11796480 191812640 0 737280 368640 0 0 0 0 
_1.ptx 342 : 11796480 106817408 0 0 0 0 0 0 0 
_1.ptx 344 : 11796480 432739616 5312 0 0 737280 368640 0 0 
_1.ptx 346 : 11796480 70981664 0 0 0 0 0 0 0 
_1.ptx 365 : 11796480 71247840 0 0 0 0 0 0 0 
_1.ptx 366 : 11796480 130293024 0 0 0 0 0 0 0 
_1.ptx 367 : 11796480 71678560 0 0 0 0 0 0 0 
_1.ptx 368 : 11796480 130695328 0 0 0 0 0 0 0 
_1.ptx 369 : 11796480 345903104 0 0 0 0 0 0 0 
_1.ptx 370 : 11796480 71869920 0 0 0 0 0 0 0 
_1.ptx 371 : 11796480 71641440 0 0 0 0 0 0 0 
_1.ptx 372 : 11796480 131128832 0 0 0 0 0 0 0 
_1.ptx 373 : 11796480 119756032 0 0 0 0 0 0 0 
_1.ptx 374 : 11796480 125028704 0 0 0 0 0 0 0 
_1.ptx 375 : 11796480 85050144 0 0 0 0 0 0 0 
_1.ptx 376 : 11796480 125934080 0 0 0 0 0 0 0 
_1.ptx 377 : 11796480 72743616 0 0 0 0 0 0 0 
_1.ptx 378 : 11796480 85720960 0 0 0 0 0 0 0 
_1.ptx 379 : 11796480 85202784 0 0 0 0 0 0 0 
_1.ptx 380 : 11796480 126614528 0 0 0 0 0 0 0 
_1.ptx 381 : 11796480 131264128 0 0 0 0 0 0 0 
_1.ptx 382 : 11796480 124596960 0 0 0 0 0 0 0 
_1.ptx 383 : 11796480 130956896 0 0 0 0 0 0 0 
_1.ptx 384 : 11796480 134997792 0 0 0 0 0 0 0 
_1.ptx 385 : 11796480 131367168 0 0 0 0 0 0 0 
_1.ptx 386 : 11796480 131002848 0 0 0 0 0 0 0 
_1.ptx 387 : 11796480 84400256 0 0 0 0 0 0 0 
_1.ptx 388 : 11796480 123258272 0 0 0 0 0 0 0 
_1.ptx 389 : 11796480 340918464 0 0 0 0 0 0 0 
_1.ptx 390 : 11796480 131261632 0 0 0 0 0 0 0 
_1.ptx 391 : 11796480 131354432 0 0 0 0 0 0 0 
_1.ptx 392 : 11796480 2899381408 983168 0 0 737280 368640 0 0 
_1.ptx 393 : 11796480 360742976 0 737280 368640 0 0 0 0 
_1.ptx 394 : 11796480 120441760 0 0 0 0 0 0 0 
_1.ptx 395 : 11796480 84476000 0 0 0 0 0 0 0 
_1.ptx 396 : 11796480 121571808 0 0 0 0 0 0 0 
_1.ptx 397 : 11796480 131034112 0 0 0 0 0 0 0 
_1.ptx 398 : 11796480 3519344864 47185920 0 0 737280 368640 0 0 
_1.ptx 399 : 11796480 266205312 0 737280 368640 0 0 0 0 
_1.ptx 400 : 11796480 120351040 0 0 0 0 0 0 0 
_1.ptx 401 : 11796480 84437216 0 0 0 0 0 0 0 
_1.ptx 402 : 11796480 121370272 0 0 0 0 0 0 0 
_1.ptx 403 : 11796480 131073344 0 0 0 0 0 0 0 
_1.ptx 404 : 11796480 3428755008 47186176 0 0 737280 368640 0 0 
_1.ptx 405 : 11796480 209482752 0 737280 368640 0 0 0 0 
_1.ptx 406 : 11796480 120417696 0 0 0 0 0 0 0 
_1.ptx 407 : 11796480 84488032 0 0 0 0 0 0 0 
_1.ptx 408 : 11796480 121324896 0 0 0 0 0 0 0 
_1.ptx 409 : 11796480 131115008 0 0 0 0 0 0 0 
_1.ptx 410 : 11796480 3518887360 47186176 0 0 737280 368640 0 0 
_1.ptx 411 : 11796480 178339200 0 737280 368640 0 0 0 0 
_1.ptx 412 : 11796480 71322720 0 0 0 0 0 0 0 
_1.ptx 413 : 11796480 96441376 0 0 0 0 0 0 0 
_1.ptx 414 : 11796480 1490368 0 0 0 0 0 0 0 
_1.ptx 416 : 11550720 3288051648 46203136 0 0 721920 360960 0 0 
_1.ptx 417 : 11550720 69845184 0 0 0 0 0 0 0 
_1.ptx 419 : 245760 1489568 0 0 0 0 0 0 0 
_1.ptx 421 : 11796480 166460544 0 737280 368640 0 0 0 0 
_1.ptx 422 : 11796480 131056608 0 0 0 0 0 0 0 
_1.ptx 423 : 11796480 131343456 0 0 0 0 0 0 0 
_1.ptx 424 : 11796480 120419168 0 0 0 0 0 0 0 
_1.ptx 425 : 11796480 71701344 0 0 0 0 0 0 0 
_1.ptx 426 : 11796480 96193088 0 0 0 0 0 0 0 
_1.ptx 427 : 11796480 1484352 0 0 0 0 0 0 0 
_1.ptx 429 : 11550720 117538688 0 0 0 0 0 0 0 
_1.ptx 430 : 11550720 82818144 0 0 0 0 0 0 0 
_1.ptx 431 : 11550720 119007872 0 0 0 0 0 0 0 
_1.ptx 432 : 11550720 128192352 0 0 0 0 0 0 0 
_1.ptx 433 : 11550720 3257915616 46204416 0 0 721920 360960 0 0 
_1.ptx 434 : 11550720 69803520 0 0 0 0 0 0 0 
_1.ptx 436 : 245760 1480288 0 0 0 0 0 0 0 
_1.ptx 438 : 11796480 170070208 0 737280 368640 0 0 0 0 
_1.ptx 440 : 11796480 71257696 0 0 0 0 0 0 0 
_1.ptx 442 : 11796480 71919296 0 0 0 0 0 0 0 
_1.ptx 443 : 11796480 113680928 0 0 0 0 0 0 0 
_1.ptx 444 : 11796480 163284128 0 737280 368640 0 0 0 0 
_1.ptx 445 : 11796480 107162784 0 0 0 0 0 0 0 
_1.ptx 446 : 11796480 155947616 0 0 0 0 0 0 0 
_1.ptx 447 : 11796480 190667936 0 737280 368640 0 0 0 0 
_1.ptx 448 : 11796480 107112416 0 0 0 0 0 0 0 
_1.ptx 449 : 11796480 137191936 0 0 0 0 0 0 0 
_1.ptx 450 : 11796480 172799968 0 737280 368640 0 0 0 0 
_1.ptx 451 : 11796480 107102528 0 0 0 0 0 0 0 
_1.ptx 452 : 11796480 131374912 0 0 0 0 0 0 0 
_1.ptx 453 : 11796480 173850944 0 737280 368640 0 0 0 0 
_1.ptx 454 : 11796480 107021312 0 0 0 0 0 0 0 
_1.ptx 455 : 11796480 148652192 0 0 0 0 0 0 0 
_1.ptx 456 : 11796480 187363104 0 737280 368640 0 0 0 0 
_1.ptx 457 : 11796480 106962976 0 0 0 0 0 0 0 
_1.ptx 458 : 11796480 148261760 0 0 0 0 0 0 0 
_1.ptx 459 : 11796480 188744256 0 737280 368640 0 0 0 0 
_1.ptx 460 : 11796480 107056576 0 0 0 0 0 0 0 
_1.ptx 461 : 11796480 145637184 0 0 0 0 0 0 0 
_1.ptx 462 : 11796480 223410816 0 737280 368640 0 0 0 0 
_1.ptx 463 : 11796480 107110944 0 0 0 0 0 0 0 
_1.ptx 464 : 11796480 137575296 0 0 0 0 0 0 0 
_1.ptx 465 : 11796480 177667328 0 737280 368640 0 0 0 0 
_1.ptx 466 : 11796480 107160096 0 0 0 0 0 0 0 
_1.ptx 467 : 11796480 138324864 0 0 0 0 0 0 0 
_1.ptx 468 : 11796480 176957792 0 737280 368640 0 0 0 0 
_1.ptx 469 : 11796480 107033312 0 0 0 0 0 0 0 
_1.ptx 470 : 11796480 148051616 0 0 0 0 0 0 0 
_1.ptx 471 : 11796480 186058624 0 737280 368640 0 0 0 0 
_1.ptx 472 : 11796480 107009152 0 0 0 0 0 0 0 
_1.ptx 473 : 11796480 141803616 0 0 0 0 0 0 0 
_1.ptx 474 : 11796480 180765280 0 737280 368640 0 0 0 0 
_1.ptx 475 : 11796480 107026080 0 0 0 0 0 0 0 
_1.ptx 476 : 11796480 144578592 0 0 0 0 0 0 0 
_1.ptx 477 : 11796480 184551712 0 737280 368640 0 0 0 0 
_1.ptx 478 : 11796480 107116288 0 0 0 0 0 0 0 
_1.ptx 479 : 11796480 148158080 0 0 0 0 0 0 0 
_1.ptx 480 : 11796480 188098912 0 737280 368640 0 0 0 0 
_1.ptx 481 : 11796480 107060928 0 0 0 0 0 0 0 
_1.ptx 482 : 11796480 154542368 0 0 0 0 0 0 0 
_1.ptx 483 : 11796480 192950816 0 737280 368640 0 0 0 0 
_1.ptx 484 : 11796480 106970752 0 0 0 0 0 0 0 
_1.ptx 485 : 11796480 155244896 0 0 0 0 0 0 0 
_1.ptx 486 : 11796480 194018816 0 737280 368640 0 0 0 0 
_1.ptx 487 : 11796480 106904096 0 0 0 0 0 0 0 
_1.ptx 488 : 11796480 162543904 0 0 0 0 0 0 0 
_1.ptx 489 : 11796480 198872032 0 737280 368640 0 0 0 0 
_1.ptx 490 : 11796480 106950528 0 0 0 0 0 0 0 
_1.ptx 491 : 11796480 163227584 0 0 0 0 0 0 0 
_1.ptx 492 : 11796480 203499936 0 737280 368640 0 0 0 0 
_1.ptx 493 : 11796480 107004160 0 0 0 0 0 0 0 
_1.ptx 495 : 11796480 184865760 0 0 0 0 0 0 0 
_1.ptx 496 : 11796480 132824736 0 0 0 0 0 0 0 
_1.ptx 497 : 11796480 131518016 0 0 0 0 0 0 0 
_1.ptx 498 : 11796480 627546752 26211712 0 0 737280 368640 0 0 
_1.ptx 500 : 11796480 71469312 0 0 0 0 0 0 0 
_1.ptx 501 : 11796480 481124416 0 0 0 0 0 0 0 
_1.ptx 502 : 11796480 347354048 0 737280 368640 0 0 0 0 
_1.ptx 503 : 11796480 106992128 0 0 0 0 0 0 0 
_1.ptx 504 : 11796480 176118240 0 0 0 0 0 0 0 
_1.ptx 505 : 11796480 209124128 0 737280 368640 0 0 0 0 
_1.ptx 506 : 11796480 106978336 0 0 0 0 0 0 0 
_1.ptx 507 : 11796480 159694688 0 0 0 0 0 0 0 
_1.ptx 508 : 11796480 197625984 0 737280 368640 0 0 0 0 
_1.ptx 509 : 11796480 106891616 0 0 0 0 0 0 0 
_1.ptx 510 : 11796480 169537088 0 0 0 0 0 0 0 
_1.ptx 511 : 11796480 206240960 0 737280 368640 0 0 0 0 
_1.ptx 512 : 11796480 106889920 0 0 0 0 0 0 0 
_1.ptx 513 : 11796480 167662176 0 0 0 0 0 0 0 
_1.ptx 514 : 11796480 197950272 0 737280 368640 0 0 0 0 
_1.ptx 515 : 11796480 106964832 0 0 0 0 0 0 0 
_1.ptx 516 : 11796480 161709280 0 0 0 0 0 0 0 
_1.ptx 517 : 11796480 200695936 0 737280 368640 0 0 0 0 
_1.ptx 518 : 11796480 107056704 0 0 0 0 0 0 0 
_1.ptx 519 : 11796480 160397600 0 0 0 0 0 0 0 
_1.ptx 520 : 11796480 202443712 0 737280 368640 0 0 0 0 
_1.ptx 521 : 11796480 107038752 0 0 0 0 0 0 0 
_1.ptx 522 : 11796480 172819296 0 0 0 0 0 0 0 
_1.ptx 523 : 11796480 210007680 0 737280 368640 0 0 0 0 
_1.ptx 524 : 11796480 106964032 0 0 0 0 0 0 0 
_1.ptx 525 : 11796480 168395008 0 0 0 0 0 0 0 
_1.ptx 526 : 11796480 207397888 0 737280 368640 0 0 0 0 
_1.ptx 527 : 11796480 106891360 0 0 0 0 0 0 0 
_1.ptx 528 : 11796480 173354848 0 0 0 0 0 0 0 
_1.ptx 529 : 11796480 205666720 0 737280 368640 0 0 0 0 
_1.ptx 530 : 11796480 106919840 0 0 0 0 0 0 0 
_1.ptx 531 : 11796480 152690880 0 0 0 0 0 0 0 
_1.ptx 532 : 11796480 197261440 0 737280 368640 0 0 0 0 
_1.ptx 533 : 11796480 107049184 0 0 0 0 0 0 0 
_1.ptx 534 : 11796480 163832768 0 0 0 0 0 0 0 
_1.ptx 535 : 11796480 202583200 0 737280 368640 0 0 0 0 
_1.ptx 536 : 11796480 107120096 0 0 0 0 0 0 0 
_1.ptx 537 : 11796480 157445088 0 0 0 0 0 0 0 
_1.ptx 538 : 11796480 199372608 0 737280 368640 0 0 0 0 
_1.ptx 539 : 11796480 106995040 0 0 0 0 0 0 0 
_1.ptx 540 : 11796480 165437984 0 0 0 0 0 0 0 
_1.ptx 541 : 11796480 204549120 0 737280 368640 0 0 0 0 
_1.ptx 542 : 11796480 106934912 0 0 0 0 0 0 0 
_1.ptx 543 : 11796480 161749408 0 0 0 0 0 0 0 
_1.ptx 544 : 11796480 204038912 0 737280 368640 0 0 0 0 
_1.ptx 545 : 11796480 106908832 0 0 0 0 0 0 0 
_1.ptx 546 : 11796480 168424576 0 0 0 0 0 0 0 
_1.ptx 547 : 11796480 207061568 0 737280 368640 0 0 0 0 
_1.ptx 548 : 11796480 106995200 0 0 0 0 0 0 0 
_1.ptx 549 : 11796480 166271168 0 0 0 0 0 0 0 
_1.ptx 550 : 11796480 209945664 0 737280 368640 0 0 0 0 
_1.ptx 551 : 11796480 107094912 0 0 0 0 0 0 0 
_1.ptx 553 : 11796480 131930304 0 0 0 0 0 0 0 
_1.ptx 554 : 11796480 586926752 25975872 0 0 737280 368640 0 0 
_1.ptx 556 : 11796480 71349536 0 0 0 0 0 0 0 
_1.ptx 557 : 11796480 461018144 0 0 0 0 0 0 0 
_1.ptx 558 : 11796480 382004736 0 737280 368640 0 0 0 0 
_1.ptx 559 : 11796480 106937568 0 0 0 0 0 0 0 
_1.ptx 560 : 11796480 164916736 0 0 0 0 0 0 0 
_1.ptx 561 : 11796480 202921248 0 737280 368640 0 0 0 0 
_1.ptx 562 : 11796480 106881760 0 0 0 0 0 0 0 
_1.ptx 563 : 11796480 160098752 0 0 0 0 0 0 0 
_1.ptx 564 : 11796480 195397216 0 737280 368640 0 0 0 0 
_1.ptx 565 : 11796480 106900544 0 0 0 0 0 0 0 
_1.ptx 566 : 11796480 157443840 0 0 0 0 0 0 0 
_1.ptx 567 : 11796480 198878240 0 737280 368640 0 0 0 0 
_1.ptx 568 : 11796480 106965152 0 0 0 0 0 0 0 
_1.ptx 569 : 11796480 158218720 0 0 0 0 0 0 0 
_1.ptx 570 : 11796480 202532352 0 737280 368640 0 0 0 0 
_1.ptx 571 : 11796480 107017472 0 0 0 0 0 0 0 
_1.ptx 572 : 11796480 162667072 0 0 0 0 0 0 0 
_1.ptx 573 : 11796480 203385024 0 737280 368640 0 0 0 0 
_1.ptx 574 : 11796480 106981184 0 0 0 0 0 0 0 
_1.ptx 575 : 11796480 157065216 0 0 0 0 0 0 0 
_1.ptx 576 : 11796480 201939808 0 737280 368640 0 0 0 0 
_1.ptx 577 : 11796480 106912384 0 0 0 0 0 0 0 
_1.ptx 578 : 11796480 166750176 0 0 0 0 0 0 0 
_1.ptx 579 : 11796480 202700992 0 737280 368640 0 0 0 0 
_1.ptx 580 : 11796480 106848416 0 0 0 0 0 0 0 
_1.ptx 581 : 11796480 148635936 0 0 0 0 0 0 0 
_1.ptx 582 : 11796480 196003904 0 737280 368640 0 0 0 0 
_1.ptx 583 : 11796480 106906112 0 0 0 0 0 0 0 
_1.ptx 584 : 11796480 162548640 0 0 0 0 0 0 0 
_1.ptx 585 : 11796480 203135232 0 737280 368640 0 0 0 0 
_1.ptx 586 : 11796480 106987712 0 0 0 0 0 0 0 
_1.ptx 587 : 11796480 148959296 0 0 0 0 0 0 0 
_1.ptx 588 : 11796480 195529344 0 737280 368640 0 0 0 0 
_1.ptx 589 : 11796480 106966592 0 0 0 0 0 0 0 
_1.ptx 590 : 11796480 156845568 0 0 0 0 0 0 0 
_1.ptx 591 : 11796480 198265472 0 737280 368640 0 0 0 0 
_1.ptx 592 : 11796480 106961856 0 0 0 0 0 0 0 
_1.ptx 593 : 11796480 150830272 0 0 0 0 0 0 0 
_1.ptx 594 : 11796480 217186976 0 737280 368640 0 0 0 0 
_1.ptx 595 : 11796480 106886784 0 0 0 0 0 0 0 
_1.ptx 596 : 11796480 146837216 0 0 0 0 0 0 0 
_1.ptx 597 : 11796480 189683136 0 737280 368640 0 0 0 0 
_1.ptx 598 : 11796480 106908448 0 0 0 0 0 0 0 
_1.ptx 599 : 11796480 150549312 0 0 0 0 0 0 0 
_1.ptx 600 : 11796480 197293152 0 737280 368640 0 0 0 0 
_1.ptx 601 : 11796480 106930336 0 0 0 0 0 0 0 
_1.ptx 602 : 11796480 158631072 0 0 0 0 0 0 0 
_1.ptx 603 : 11796480 197667968 0 737280 368640 0 0 0 0 
_1.ptx 604 : 11796480 107025856 0 0 0 0 0 0 0 
_1.ptx 605 : 11796480 148568896 0 0 0 0 0 0 0 
_1.ptx 606 : 11796480 195014560 0 737280 368640 0 0 0 0 
_1.ptx 607 : 11796480 107048960 0 0 0 0 0 0 0 
_1.ptx 609 : 11796480 131143616 0 0 0 0 0 0 0 
_1.ptx 610 : 11796480 506112192 25731968 0 0 737280 368640 0 0 
_1.ptx 612 : 11796480 71309504 0 0 0 0 0 0 0 
_1.ptx 613 : 11796480 404628896 0 0 0 0 0 0 0 
_1.ptx 614 : 11796480 338590240 0 737280 368640 0 0 0 0 
_1.ptx 615 : 11796480 106843456 0 0 0 0 0 0 0 
_1.ptx 616 : 11796480 154316064 0 0 0 0 0 0 0 
_1.ptx 617 : 11796480 193480832 0 737280 368640 0 0 0 0 
_1.ptx 618 : 11796480 106869472 0 0 0 0 0 0 0 
_1.ptx 619 : 11796480 140465920 0 0 0 0 0 0 0 
_1.ptx 620 : 11796480 191409248 0 737280 368640 0 0 0 0 
_1.ptx 621 : 11796480 106909568 0 0 0 0 0 0 0 
_1.ptx 622 : 11796480 152138240 0 0 0 0 0 0 0 
_1.ptx 623 : 11796480 193037792 0 737280 368640 0 0 0 0 
_1.ptx 624 : 11796480 106996832 0 0 0 0 0 0 0 
_1.ptx 625 : 11796480 146139616 0 0 0 0 0 0 0 
_1.ptx 626 : 11796480 193011968 0 737280 368640 0 0 0 0 
_1.ptx 627 : 11796480 106985184 0 0 0 0 0 0 0 
_1.ptx 628 : 11796480 150880960 0 0 0 0 0 0 0 
_1.ptx 629 : 11796480 190947488 0 737280 368640 0 0 0 0 
_1.ptx 630 : 11796480 106822656 0 0 0 0 0 0 0 
_1.ptx 631 : 11796480 134050144 0 0 0 0 0 0 0 
_1.ptx 632 : 11796480 183666432 0 737280 368640 0 0 0 0 
_1.ptx 633 : 11796480 106887872 0 0 0 0 0 0 0 
_1.ptx 634 : 11796480 150582368 0 0 0 0 0 0 0 
_1.ptx 635 : 11796480 193167200 0 737280 368640 0 0 0 0 
_1.ptx 636 : 11796480 106879200 0 0 0 0 0 0 0 
_1.ptx 637 : 11796480 141030976 0 0 0 0 0 0 0 
_1.ptx 638 : 11796480 189646336 0 737280 368640 0 0 0 0 
_1.ptx 639 : 11796480 106908384 0 0 0 0 0 0 0 
_1.ptx 640 : 11796480 148485696 0 0 0 0 0 0 0 
_1.ptx 641 : 11796480 192910400 0 737280 368640 0 0 0 0 
_1.ptx 642 : 11796480 106931296 0 0 0 0 0 0 0 
_1.ptx 643 : 11796480 142502432 0 0 0 0 0 0 0 
_1.ptx 644 : 11796480 209108768 0 737280 368640 0 0 0 0 
_1.ptx 645 : 11796480 106914112 0 0 0 0 0 0 0 
_1.ptx 646 : 11796480 141876640 0 0 0 0 0 0 0 
_1.ptx 647 : 11796480 187109888 0 737280 368640 0 0 0 0 
_1.ptx 648 : 11796480 106845408 0 0 0 0 0 0 0 
_1.ptx 649 : 11796480 138273952 0 0 0 0 0 0 0 
_1.ptx 650 : 11796480 186737248 0 737280 368640 0 0 0 0 
_1.ptx 651 : 11796480 106852608 0 0 0 0 0 0 0 
_1.ptx 652 : 11796480 148106912 0 0 0 0 0 0 0 
_1.ptx 653 : 11796480 192204128 0 737280 368640 0 0 0 0 
_1.ptx 654 : 11796480 106899456 0 0 0 0 0 0 0 
_1.ptx 655 : 11796480 139436192 0 0 0 0 0 0 0 
_1.ptx 656 : 11796480 188153376 0 737280 368640 0 0 0 0 
_1.ptx 657 : 11796480 106901216 0 0 0 0 0 0 0 
_1.ptx 658 : 11796480 149887680 0 0 0 0 0 0 0 
_1.ptx 659 : 11796480 194659008 0 737280 368640 0 0 0 0 
_1.ptx 660 : 11796480 107017216 0 0 0 0 0 0 0 
_1.ptx 661 : 11796480 152564992 0 0 0 0 0 0 0 
_1.ptx 662 : 11796480 192284256 0 737280 368640 0 0 0 0 
_1.ptx 663 : 11796480 107097408 0 0 0 0 0 0 0 
_1.ptx 665 : 11796480 131290720 0 0 0 0 0 0 0 
_1.ptx 666 : 11796480 512379008 25641216 0 0 737280 368640 0 0 
_1.ptx 668 : 11796480 71459392 0 0 0 0 0 0 0 
