kernel line : count latency dram_traffic smem_bk_conflicts smem_warp gmem_access_generated gmem_warp exposed_latency warp_divergence
_1.ptx 823 : 4096 24576 0 0 0 0 0 0 0 
_1.ptx 824 : 4096 24576 0 0 0 0 0 0 0 
_1.ptx 825 : 4096 60672 0 0 0 0 0 0 0 
_1.ptx 826 : 4096 24576 0 0 0 0 0 0 0 
_1.ptx 827 : 4096 45536 0 0 0 0 0 0 0 
_1.ptx 828 : 4096 29472 0 0 0 0 0 0 0 
_1.ptx 829 : 4096 24576 0 0 0 0 0 0 0 
_1.ptx 830 : 4096 33376 0 0 0 0 0 0 0 
_1.ptx 831 : 4096 0 0 0 0 0 0 0 0 
_1.ptx 832 : 4096 12288 0 0 0 0 0 0 0 
_1.ptx 833 : 4096 24576 0 0 0 0 0 0 0 
_1.ptx 834 : 4096 32768 0 0 0 0 0 0 0 
_1.ptx 835 : 4096 12288 0 0 0 0 0 0 0 
_1.ptx 836 : 4096 26176 0 0 0 0 0 0 0 
_1.ptx 837 : 4096 35040 0 0 0 0 0 0 0 
_1.ptx 838 : 4096 47744 0 0 0 0 0 0 0 
_1.ptx 839 : 4096 12288 0 0 0 0 0 0 0 
_1.ptx 840 : 4096 30144 0 0 0 0 0 0 0 
_1.ptx 841 : 4096 36800 0 0 0 0 0 0 0 
_1.ptx 842 : 4096 35360 0 0 0 0 0 0 0 
_1.ptx 843 : 4096 45536 0 0 0 0 0 0 0 
_1.ptx 844 : 4096 30624 0 0 0 0 0 0 0 
_1.ptx 845 : 4096 51328 0 0 0 0 0 0 0 
_1.ptx 846 : 4096 30528 0 0 0 0 0 0 0 
_1.ptx 847 : 4096 35616 0 0 0 0 0 0 0 
_1.ptx 848 : 4096 46752 0 0 0 0 0 0 0 
_1.ptx 849 : 4096 33792 0 0 0 0 0 0 0 
_1.ptx 850 : 4096 46272 0 0 0 0 0 0 0 
_1.ptx 851 : 4096 30560 0 0 0 0 0 0 0 
_1.ptx 852 : 4096 25728 0 0 0 0 0 0 0 
_1.ptx 853 : 4096 34016 0 0 0 0 0 0 0 
_1.ptx 854 : 4096 26880 0 0 0 0 0 0 0 
_1.ptx 855 : 4096 34464 0 0 0 0 0 0 0 
_1.ptx 856 : 4096 12288 0 0 0 0 0 0 0 
_1.ptx 857 : 4096 47168 0 0 0 0 0 0 0 
_1.ptx 858 : 4096 44352 0 0 0 0 0 0 0 
_1.ptx 859 : 4096 12288 0 0 0 0 0 0 0 
_1.ptx 860 : 4096 46432 0 0 0 0 0 0 0 
_1.ptx 861 : 4096 29216 0 0 0 0 0 0 0 
_1.ptx 862 : 4096 30016 0 0 0 0 0 0 0 
_1.ptx 863 : 4096 29472 0 0 0 0 0 0 0 
_1.ptx 864 : 4096 29952 0 0 0 0 0 0 0 
_1.ptx 865 : 4096 28704 0 0 0 0 0 0 0 
_1.ptx 866 : 4096 30112 0 0 0 0 0 0 0 
_1.ptx 867 : 4096 24576 0 0 0 0 0 0 0 
_1.ptx 868 : 4096 24576 0 0 0 0 0 0 0 
_1.ptx 869 : 4096 25568 0 0 0 0 0 0 0 
_1.ptx 870 : 4096 25376 0 0 0 0 0 0 0 
_1.ptx 873 : 4096 0 0 0 0 0 0 0 0 
_1.ptx 874 : 4096 29120 0 0 0 0 0 0 0 
_1.ptx 875 : 4096 26528 0 0 0 0 0 0 0 
_1.ptx 876 : 4096 26464 0 0 0 0 0 0 0 
_1.ptx 877 : 4096 25024 0 0 0 0 0 0 0 
_1.ptx 878 : 4096 29696 0 0 0 0 0 0 0 
_1.ptx 882 : 327680 1971616 0 0 0 0 0 0 0 
_1.ptx 883 : 327680 30934656 1310720 0 0 0 0 0 0 
_1.ptx 885 : 327680 1969856 0 0 0 0 0 0 0 
_1.ptx 886 : 327680 31165280 1310720 0 0 0 0 0 0 
_1.ptx 887 : 327680 3285824 0 0 0 0 0 0 0 
_1.ptx 888 : 327680 3287200 0 0 0 0 0 0 0 
_1.ptx 889 : 327680 3295840 0 0 0 0 0 0 0 
_1.ptx 890 : 327680 2631392 0 0 0 0 0 0 0 
_1.ptx 891 : 327680 1951968 0 0 0 0 0 0 0 
_1.ptx 894 : 4096 0 0 0 0 0 0 0 0 
_1.ptx 895 : 4096 28704 0 0 0 0 0 0 0 
_1.ptx 896 : 4096 24864 0 0 0 0 0 0 0 
_1.ptx 897 : 4096 24576 0 0 0 0 0 0 0 
_1.ptx 898 : 4096 24608 0 0 0 0 0 0 0 
_1.ptx 899 : 4096 28832 0 0 0 0 0 0 0 
_1.ptx 903 : 327680 126830016 1310208 0 0 0 0 0 0 
_1.ptx 904 : 327680 5477248 1310720 0 0 0 0 0 0 
_1.ptx 905 : 327680 3286496 0 0 0 0 0 0 0 
_1.ptx 906 : 327680 3286912 0 0 0 0 0 0 0 
_1.ptx 907 : 327680 3315072 0 0 0 0 0 0 0 
_1.ptx 908 : 327680 2632960 0 0 0 0 0 0 0 
_1.ptx 909 : 327680 1957280 0 0 0 0 0 0 0 
_1.ptx 911 : 4096 0 0 0 0 0 0 0 0 
_1.ptx 912 : 4096 29376 0 0 0 0 0 0 0 
_1.ptx 913 : 4096 26208 0 0 0 0 0 0 0 
_1.ptx 914 : 4096 29504 0 0 0 0 0 0 0 
_1.ptx 918 : 163840 1712640 0 0 0 0 0 0 0 
_1.ptx 919 : 163840 1228032 0 0 0 0 0 0 0 
_1.ptx 920 : 163840 1372192 0 0 0 0 0 0 0 
_1.ptx 921 : 163840 0 0 0 0 0 0 0 0 
_1.ptx 922 : 163840 1863776 0 0 0 0 0 0 0 
_1.ptx 923 : 163840 1711680 0 0 0 0 0 0 0 
_1.ptx 924 : 163840 576672 0 0 0 0 0 0 0 
_1.ptx 925 : 163840 2418976 0 0 0 0 0 0 0 
_1.ptx 926 : 163840 2806752 0 0 0 0 0 0 0 
_1.ptx 927 : 163840 1848320 0 0 0 0 0 0 0 
_1.ptx 928 : 163840 1238976 0 0 0 0 0 0 0 
_1.ptx 929 : 163840 1768768 0 0 0 0 0 0 0 
_1.ptx 930 : 163840 1853280 0 0 0 0 0 0 0 
_1.ptx 931 : 163840 1254816 0 0 0 0 0 0 0 
_1.ptx 932 : 163840 1747456 0 0 0 0 0 0 0 
_1.ptx 933 : 163840 1845824 0 0 0 0 0 0 0 
_1.ptx 934 : 163840 49859936 655360 0 0 0 0 0 0 
_1.ptx 935 : 163840 1844608 0 0 0 0 0 0 0 
_1.ptx 936 : 163840 1235712 0 0 0 0 0 0 0 
_1.ptx 937 : 163840 1144064 0 0 0 0 0 0 0 
_1.ptx 938 : 163840 1242400 0 0 0 0 0 0 0 
_1.ptx 942 : 9748480 109842752 0 0 0 0 0 0 0 
_1.ptx 943 : 9748480 72965504 0 0 0 0 0 0 0 
_1.ptx 944 : 9748480 103187744 0 0 0 0 0 0 0 
_1.ptx 945 : 9748480 110277792 0 0 0 0 0 0 0 
_1.ptx 946 : 9748480 47487872 0 0 0 0 0 0 0 
_1.ptx 948 : 9748480 109762496 0 0 0 0 0 0 0 
_1.ptx 949 : 9748480 2885739392 38862592 0 0 0 0 0 0 
_1.ptx 950 : 9748480 110080288 0 0 0 0 0 0 0 
_1.ptx 951 : 9748480 110390400 0 0 0 0 0 0 0 
_1.ptx 952 : 9748480 73218144 0 0 0 0 0 0 0 
_1.ptx 953 : 9748480 65113824 0 0 0 0 0 0 0 
_1.ptx 954 : 9748480 149763232 0 0 0 0 0 0 0 
_1.ptx 955 : 9748480 72751104 0 0 0 0 0 0 0 
_1.ptx 956 : 9748480 455279424 0 0 0 0 0 0 0 
_1.ptx 957 : 9748480 110005088 0 0 0 0 0 0 0 
_1.ptx 959 : 9748480 110506112 0 0 0 0 0 0 0 
_1.ptx 960 : 9748480 73520992 0 0 0 0 0 0 0 
_1.ptx 961 : 9748480 74620128 0 0 0 0 0 0 0 
_1.ptx 962 : 9748480 75295648 0 0 0 0 0 0 0 
_1.ptx 963 : 9748480 68920544 0 0 0 0 0 0 0 
_1.ptx 964 : 9748480 150399392 0 0 0 0 0 0 0 
_1.ptx 965 : 9748480 149258496 0 0 0 0 0 0 0 
_1.ptx 966 : 9748480 157914784 0 0 0 0 0 0 0 
_1.ptx 967 : 9748480 73116832 0 0 0 0 0 0 0 
_1.ptx 968 : 9748480 64526720 0 0 0 0 0 0 0 
_1.ptx 969 : 9748480 111850336 0 0 0 0 0 0 0 
_1.ptx 970 : 9748480 144198432 0 0 0 0 0 0 0 
_1.ptx 971 : 9748480 110373440 0 0 0 0 0 0 0 
_1.ptx 972 : 9748480 59842432 0 0 0 0 0 0 0 
_1.ptx 974 : 9748480 109860768 0 0 0 0 0 0 0 
_1.ptx 975 : 9748480 73061472 0 0 0 0 0 0 0 
_1.ptx 976 : 9748480 104902752 0 0 0 0 0 0 0 
_1.ptx 977 : 9748480 109708096 0 0 0 0 0 0 0 
_1.ptx 978 : 9748480 61817568 38993920 0 0 0 0 0 0 
_1.ptx 979 : 9748480 100609280 0 0 0 0 0 0 0 
_1.ptx 980 : 9748480 101156992 0 0 0 0 0 0 0 
_1.ptx 981 : 9748480 81363680 0 0 0 0 0 0 0 
_1.ptx 982 : 9748480 62043584 0 0 0 0 0 0 0 
_1.ptx 984 : 163840 1221152 0 0 0 0 0 0 0 
_1.ptx 985 : 163840 1365792 0 0 0 0 0 0 0 
_1.ptx 986 : 163840 1039744 0 0 0 0 0 0 0 
_1.ptx 989 : 4096 0 0 0 0 0 0 0 0 
_1.ptx 990 : 4096 30528 0 0 0 0 0 0 0 
_1.ptx 991 : 4096 30784 0 0 0 0 0 0 0 
_1.ptx 992 : 4096 30624 0 0 0 0 0 0 0 
_1.ptx 993 : 4096 27360 0 0 0 0 0 0 0 
_1.ptx 994 : 4096 26560 0 0 0 0 0 0 0 
_1.ptx 995 : 4096 42048 0 0 0 0 0 0 0 
_1.ptx 996 : 4096 45408 0 0 0 0 0 0 0 
_1.ptx 997 : 4096 16128 0 0 0 0 0 0 0 
_1.ptx 998 : 4096 25728 0 0 0 0 0 0 0 
_1.ptx 999 : 4096 26464 0 0 0 0 0 0 0 
_1.ptx 1000 : 4096 30528 0 0 0 0 0 0 0 
_1.ptx 1004 : 163840 1182016 0 0 0 0 0 0 0 
_1.ptx 1005 : 163840 62316704 633216 0 0 0 0 0 0 
_1.ptx 1006 : 163840 1817472 0 0 0 0 0 0 0 
_1.ptx 1007 : 163840 1184096 0 0 0 0 0 0 0 
_1.ptx 1008 : 163840 1029760 0 0 0 0 0 0 0 
_1.ptx 1009 : 163840 2476800 0 0 0 0 0 0 0 
_1.ptx 1010 : 163840 1178624 0 0 0 0 0 0 0 
_1.ptx 1011 : 163840 7571072 0 0 0 0 0 0 0 
_1.ptx 1013 : 163840 1490112 0 0 0 0 0 0 0 
_1.ptx 1015 : 163840 1648992 655360 0 0 0 0 0 0 
_1.ptx 1017 : 163840 1782304 655360 0 0 0 0 0 0 
_1.ptx 1018 : 163840 1658944 0 0 0 0 0 0 0 
_1.ptx 1019 : 163840 1667648 0 0 0 0 0 0 0 
_1.ptx 1020 : 163840 1670720 0 0 0 0 0 0 0 
_1.ptx 1021 : 163840 1685952 0 0 0 0 0 0 0 
_1.ptx 1022 : 163840 1343168 0 0 0 0 0 0 0 
_1.ptx 1023 : 163840 990944 0 0 0 0 0 0 0 
_1.ptx 1025 : 4096 0 0 0 0 0 0 0 0 
_1.ptx 1026 : 4096 29248 0 0 0 0 0 0 0 
_1.ptx 1027 : 4096 25728 0 0 0 0 0 0 0 
_1.ptx 1028 : 4096 25248 0 0 0 0 0 0 0 
_1.ptx 1029 : 4096 25120 0 0 0 0 0 0 0 
_1.ptx 1030 : 4096 29696 0 0 0 0 0 0 0 
_1.ptx 1034 : 163840 1001280 0 0 0 0 0 0 0 
_1.ptx 1035 : 163840 2600256 655360 0 0 0 0 0 0 
_1.ptx 1037 : 163840 996992 0 0 0 0 0 0 0 
_1.ptx 1038 : 163840 2711072 655360 0 0 0 0 0 0 
_1.ptx 1039 : 163840 1653856 0 0 0 0 0 0 0 
_1.ptx 1040 : 163840 1655424 0 0 0 0 0 0 0 
_1.ptx 1041 : 163840 1664288 0 0 0 0 0 0 0 
_1.ptx 1042 : 163840 1326592 0 0 0 0 0 0 0 
_1.ptx 1043 : 163840 978144 0 0 0 0 0 0 0 
_1.ptx 1045 : 4096 0 0 0 0 0 0 0 0 
_1.ptx 1046 : 4096 29024 0 0 0 0 0 0 0 
_1.ptx 1047 : 4096 29312 0 0 0 0 0 0 0 
_1.ptx 1048 : 4096 29824 0 0 0 0 0 0 0 
_1.ptx 1049 : 4096 25984 0 0 0 0 0 0 0 
_1.ptx 1050 : 4096 25056 0 0 0 0 0 0 0 
_1.ptx 1051 : 4096 29056 0 0 0 0 0 0 0 
_1.ptx 1055 : 61440 482880 0 0 0 0 0 0 0 
_1.ptx 1056 : 61440 464704 0 0 0 0 0 0 0 
_1.ptx 1057 : 61440 435968 0 0 0 0 0 0 0 
_1.ptx 1058 : 61440 624800 0 0 0 0 0 0 0 
_1.ptx 1059 : 61440 680640 0 0 0 0 0 0 0 
_1.ptx 1060 : 61440 8672096 70144 0 0 0 0 0 0 
_1.ptx 1061 : 61440 680832 0 0 0 0 0 0 0 
_1.ptx 1062 : 61440 8552736 68608 0 0 0 0 0 0 
_1.ptx 1063 : 61440 557536 0 0 0 0 0 0 0 
_1.ptx 1064 : 61440 437088 0 0 0 0 0 0 0 
_1.ptx 1065 : 61440 377376 0 0 0 0 0 0 0 
_1.ptx 1066 : 61440 926560 0 0 0 0 0 0 0 
_1.ptx 1067 : 61440 439968 0 0 0 0 0 0 0 
_1.ptx 1068 : 61440 386976 0 0 0 0 0 0 0 
_1.ptx 1069 : 61440 495808 0 0 0 0 0 0 0 
_1.ptx 1070 : 61440 0 0 0 0 0 0 0 0 
_1.ptx 1072 : 61440 373952 0 0 0 0 0 0 0 
_1.ptx 1073 : 61440 556960 0 0 0 0 0 0 0 
_1.ptx 1075 : 61440 680448 0 0 0 0 0 0 0 
_1.ptx 1076 : 61440 4867264 7808 0 0 0 0 0 0 
_1.ptx 1077 : 61440 372640 0 0 0 0 0 0 0 
_1.ptx 1078 : 61440 557152 0 0 0 0 0 0 0 
_1.ptx 1079 : 61440 599680 0 0 0 0 0 0 0 
_1.ptx 1081 : 61440 682464 0 0 0 0 0 0 0 
_1.ptx 1082 : 61440 4712192 6656 0 0 0 0 0 0 
_1.ptx 1083 : 61440 373568 0 0 0 0 0 0 0 
_1.ptx 1084 : 61440 678848 0 0 0 0 0 0 0 
_1.ptx 1085 : 61440 500224 0 0 0 0 0 0 0 
_1.ptx 1087 : 61440 620160 0 0 0 0 0 0 0 
_1.ptx 1088 : 61440 620512 0 0 0 0 0 0 0 
_1.ptx 1089 : 61440 625504 0 0 0 0 0 0 0 
_1.ptx 1090 : 61440 496128 0 0 0 0 0 0 0 
_1.ptx 1091 : 61440 351488 0 0 0 0 0 0 0 
_1.ptx 1092 : 4096 24992 0 0 0 0 0 0 0 
_1.ptx 1096 : 4096 0 0 0 0 0 0 0 0 
_1.ptx 1097 : 4096 29280 0 0 0 0 0 0 0 
_1.ptx 1098 : 4096 45824 0 0 0 0 0 0 0 
_1.ptx 1099 : 4096 31872 0 0 0 0 0 0 0 
_1.ptx 1100 : 4096 41632 0 0 0 0 0 0 0 
_1.ptx 1101 : 4096 45536 0 0 0 0 0 0 0 
_1.ptx 1102 : 4096 45472 0 0 0 0 0 0 0 
_1.ptx 1103 : 4096 45792 0 0 0 0 0 0 0 
_1.ptx 1104 : 4096 30336 0 0 0 0 0 0 0 
_1.ptx 1105 : 4096 41504 0 0 0 0 0 0 0 
_1.ptx 1106 : 4096 45408 0 0 0 0 0 0 0 
_1.ptx 1107 : 4096 29120 0 0 0 0 0 0 0 
_1.ptx 1108 : 4096 29024 0 0 0 0 0 0 0 
_1.ptx 1112 : 163840 4512704 0 0 0 0 0 0 0 
_1.ptx 1113 : 163840 1160992 0 0 0 0 0 0 0 
_1.ptx 1114 : 163840 2940992 0 0 0 0 0 0 0 
_1.ptx 1115 : 163840 1482592 0 0 0 0 0 0 0 
_1.ptx 1116 : 163840 1632288 0 0 0 0 0 0 0 
_1.ptx 1118 : 163840 49937120 643712 0 0 0 0 0 0 
_1.ptx 1119 : 163840 1807776 0 0 0 0 0 0 0 
_1.ptx 1120 : 163840 1159200 0 0 0 0 0 0 0 
_1.ptx 1121 : 163840 997440 0 0 0 0 0 0 0 
_1.ptx 1122 : 163840 2465888 0 0 0 0 0 0 0 
_1.ptx 1123 : 163840 1157536 0 0 0 0 0 0 0 
_1.ptx 1124 : 163840 9965376 0 0 0 0 0 0 0 
_1.ptx 1125 : 163840 48638784 624000 0 0 0 0 0 0 
_1.ptx 1126 : 163840 1808352 0 0 0 0 0 0 0 
_1.ptx 1127 : 163840 1809152 0 0 0 0 0 0 0 
_1.ptx 1128 : 163840 1156896 0 0 0 0 0 0 0 
_1.ptx 1129 : 163840 1644832 0 0 0 0 0 0 0 
_1.ptx 1130 : 163840 1320736 0 0 0 0 0 0 0 
_1.ptx 1131 : 163840 24608 0 0 0 0 0 0 0 
_1.ptx 1133 : 159744 47578496 599936 0 0 0 0 0 0 
_1.ptx 1134 : 159744 1764288 0 0 0 0 0 0 0 
_1.ptx 1135 : 159744 2142400 0 0 0 0 0 0 0 
_1.ptx 1137 : 159744 48199648 599168 0 0 0 0 0 0 
_1.ptx 1138 : 159744 1764960 0 0 0 0 0 0 0 
_1.ptx 1139 : 159744 1134080 0 0 0 0 0 0 0 
_1.ptx 1140 : 159744 994528 0 0 0 0 0 0 0 
_1.ptx 1141 : 159744 2406176 0 0 0 0 0 0 0 
_1.ptx 1142 : 159744 1130144 0 0 0 0 0 0 0 
_1.ptx 1143 : 159744 9511456 0 0 0 0 0 0 0 
_1.ptx 1144 : 159744 1762656 0 0 0 0 0 0 0 
_1.ptx 1145 : 159744 1937184 0 0 0 0 0 0 0 
_1.ptx 1147 : 163840 1648224 0 0 0 0 0 0 0 
_1.ptx 1148 : 163840 1654720 0 0 0 0 0 0 0 
_1.ptx 1149 : 163840 1659200 0 0 0 0 0 0 0 
_1.ptx 1150 : 163840 1666496 0 0 0 0 0 0 0 
_1.ptx 1151 : 163840 1664288 0 0 0 0 0 0 0 
_1.ptx 1152 : 163840 1325376 0 0 0 0 0 0 0 
_1.ptx 1153 : 163840 973248 0 0 0 0 0 0 0 
_1.ptx 1155 : 4096 0 0 0 0 0 0 0 0 
_1.ptx 1156 : 4096 28864 0 0 0 0 0 0 0 
_1.ptx 1157 : 4096 25280 0 0 0 0 0 0 0 
_1.ptx 1158 : 4096 15616 0 0 0 0 0 0 0 
_1.ptx 1159 : 4096 24640 0 0 0 0 0 0 0 
_1.ptx 1160 : 4096 24672 0 0 0 0 0 0 0 
_1.ptx 1161 : 4096 28736 0 0 0 0 0 0 0 
_1.ptx 1165 : 163840 1148000 0 0 0 0 0 0 0 
_1.ptx 1166 : 163840 46393920 655360 0 0 0 0 0 0 
_1.ptx 1167 : 163840 1802880 0 0 0 0 0 0 0 
_1.ptx 1168 : 163840 1147616 0 0 0 0 0 0 0 
_1.ptx 1169 : 163840 983968 0 0 0 0 0 0 0 
_1.ptx 1170 : 163840 2458304 0 0 0 0 0 0 0 
_1.ptx 1171 : 163840 111480896 0 0 0 0 0 0 0 
_1.ptx 1172 : 163840 1147520 0 0 0 0 0 0 0 
_1.ptx 1173 : 163840 1638880 0 0 0 0 0 0 0 
_1.ptx 1174 : 163840 1638944 0 0 0 0 0 0 0 
_1.ptx 1175 : 163840 1311264 0 0 0 0 0 0 0 
_1.ptx 1176 : 163840 958880 0 0 0 0 0 0 0 
_1.ptx 1177 : 4096 24576 0 0 0 0 0 0 0 
_1.ptx 1182 : 4096 45056 0 0 0 0 0 0 0 
_1.ptx 1183 : 4096 0 0 0 0 0 0 0 0 
_1.ptx 1184 : 4096 28672 0 0 0 0 0 0 0 
_1.ptx 1185 : 4096 12288 0 0 0 0 0 0 0 
_1.ptx 1186 : 4096 45056 0 0 0 0 0 0 0 
_1.ptx 1187 : 4096 24576 0 0 0 0 0 0 0 
_1.ptx 1188 : 4096 28704 0 0 0 0 0 0 0 
_1.ptx 1189 : 4096 28832 0 0 0 0 0 0 0 
_1.ptx 1190 : 4096 24640 0 0 0 0 0 0 0 
_1.ptx 1191 : 4096 28736 0 0 0 0 0 0 0 
_1.ptx 1195 : 163840 35215072 314880 0 0 0 0 0 0 
_1.ptx 1196 : 163840 1803072 0 0 0 0 0 0 0 
_1.ptx 1197 : 163840 1148576 0 0 0 0 0 0 0 
_1.ptx 1198 : 163840 993728 0 0 0 0 0 0 0 
_1.ptx 1199 : 163840 2458112 0 0 0 0 0 0 0 
_1.ptx 1200 : 163840 121117792 0 0 0 0 0 0 0 
_1.ptx 1201 : 163840 1147584 0 0 0 0 0 0 0 
_1.ptx 1202 : 163840 922624 0 0 0 0 0 0 0 
_1.ptx 1203 : 163840 1638880 0 0 0 0 0 0 0 
_1.ptx 1204 : 163840 1639008 0 0 0 0 0 0 0 
_1.ptx 1205 : 163840 1311072 0 0 0 0 0 0 0 
_1.ptx 1206 : 163840 958688 0 0 0 0 0 0 0 
_1.ptx 1209 : 4096 28768 0 0 0 0 0 0 0 
_1.ptx 1210 : 4096 0 0 0 0 0 0 0 0 
_1.ptx 1211 : 4096 28672 0 0 0 0 0 0 0 
_1.ptx 1212 : 4096 28672 0 0 0 0 0 0 0 
_1.ptx 1213 : 4096 578784 0 0 0 0 0 0 0 
_1.ptx 1214 : 4096 45344 0 0 0 0 0 0 0 
_1.ptx 1215 : 4096 28768 0 0 0 0 0 0 0 
_1.ptx 1219 : 163840 47575104 654464 0 0 0 0 0 0 
_1.ptx 1220 : 163840 1806016 0 0 0 0 0 0 0 
_1.ptx 1221 : 163840 1209056 0 0 0 0 0 0 0 
_1.ptx 1222 : 163840 1641120 0 0 0 0 0 0 0 
_1.ptx 1223 : 163840 1643936 0 0 0 0 0 0 0 
_1.ptx 1224 : 163840 1315072 0 0 0 0 0 0 0 
_1.ptx 1225 : 163840 962560 0 0 0 0 0 0 0 
_1.ptx 1228 : 4096 33376 16384 0 0 128 128 0 0 
_1.ptx 1230 : 4096 28928 0 0 0 0 0 0 0 
_1.ptx 1231 : 4096 0 0 0 0 0 0 0 0 
_1.ptx 1232 : 4096 28832 0 0 0 0 0 0 0 
_1.ptx 1233 : 4096 41152 0 0 0 0 0 0 0 
_1.ptx 1234 : 4096 28896 0 0 0 0 0 0 0 
_1.ptx 1237 : 163840 1319360 0 0 0 0 0 0 0 
_1.ptx 1238 : 163840 0 0 0 0 0 0 0 0 
_1.ptx 1239 : 163840 1808800 0 0 0 0 0 0 0 
_1.ptx 1240 : 163840 1647136 0 0 0 0 0 0 0 
_1.ptx 1241 : 163840 1810624 0 0 0 0 0 0 0 
_1.ptx 1242 : 163840 1873280 0 0 0 0 0 0 0 
_1.ptx 1243 : 163840 1169248 0 0 0 0 0 0 0 
_1.ptx 1244 : 163840 1746368 0 0 0 0 0 0 0 
_1.ptx 1245 : 163840 1813440 0 0 0 0 0 0 0 
_1.ptx 1246 : 163840 1166528 0 0 0 0 0 0 0 
_1.ptx 1247 : 163840 1698304 0 0 0 0 0 0 0 
_1.ptx 1248 : 163840 1808704 0 0 0 0 0 0 0 
_1.ptx 1249 : 163840 1807424 0 0 0 0 0 0 0 
_1.ptx 1250 : 163840 1157920 0 0 0 0 0 0 0 
_1.ptx 1251 : 163840 1706208 0 0 0 0 0 0 0 
_1.ptx 1252 : 163840 1808608 0 0 0 0 0 0 0 
_1.ptx 1253 : 163840 1808640 0 0 0 0 0 0 0 
_1.ptx 1254 : 163840 1808768 0 0 0 0 0 0 0 
_1.ptx 1255 : 163840 1159936 0 0 0 0 0 0 0 
_1.ptx 1256 : 163840 1692224 0 0 0 0 0 0 0 
_1.ptx 1257 : 163840 1807680 0 0 0 0 0 0 0 
_1.ptx 1258 : 163840 1138464 0 0 0 0 0 0 0 
_1.ptx 1259 : 163840 993440 0 0 0 0 0 0 0 
_1.ptx 1260 : 163840 1174240 0 0 0 0 0 0 0 
_1.ptx 1264 : 9748480 2923070144 38683392 0 0 0 0 0 0 
_1.ptx 1265 : 9748480 103147328 0 0 0 0 0 0 0 
_1.ptx 1266 : 9748480 3041296192 38951936 0 0 0 0 0 0 
_1.ptx 1267 : 9748480 107646336 0 0 0 0 0 0 0 
_1.ptx 1268 : 9748480 88099968 0 0 0 0 0 0 0 
_1.ptx 1270 : 9748480 2920777376 38993920 0 0 0 0 0 0 
_1.ptx 1271 : 9748480 69248864 0 0 0 0 0 0 0 
_1.ptx 1272 : 9748480 107646336 0 0 0 0 0 0 0 
_1.ptx 1273 : 9748480 69082528 0 0 0 0 0 0 0 
_1.ptx 1274 : 9748480 61044544 0 0 0 0 0 0 0 
_1.ptx 1275 : 9748480 146620000 0 0 0 0 0 0 0 
_1.ptx 1276 : 9748480 69015040 0 0 0 0 0 0 0 
_1.ptx 1277 : 9748480 449772128 0 0 0 0 0 0 0 
_1.ptx 1279 : 9748480 107664672 0 0 0 0 0 0 0 
_1.ptx 1280 : 9748480 107548608 0 0 0 0 0 0 0 
_1.ptx 1281 : 9748480 107618912 0 0 0 0 0 0 0 
_1.ptx 1282 : 9748480 449548768 0 0 0 0 0 0 0 
_1.ptx 1283 : 9748480 88217824 0 0 0 0 0 0 0 
_1.ptx 1284 : 9748480 108415040 0 0 0 0 0 0 0 
_1.ptx 1285 : 9748480 97969184 0 0 0 0 0 0 0 
_1.ptx 1286 : 9748480 98340128 0 0 0 0 0 0 0 
_1.ptx 1287 : 9748480 98510336 0 0 0 0 0 0 0 
_1.ptx 1288 : 9748480 98696128 0 0 0 0 0 0 0 
_1.ptx 1289 : 9748480 98767840 0 0 0 0 0 0 0 
_1.ptx 1290 : 9748480 60331104 0 0 0 0 0 0 0 
_1.ptx 1291 : 9748480 78588064 0 0 0 0 0 0 0 
_1.ptx 1292 : 9748480 58105760 0 0 0 0 0 0 0 
_1.ptx 1294 : 163840 1649536 0 0 0 0 0 0 0 
_1.ptx 1295 : 163840 996800 0 0 0 0 0 0 0 
_1.ptx 1296 : 163840 1318752 0 0 0 0 0 0 0 
_1.ptx 1297 : 163840 966496 0 0 0 0 0 0 0 
_1.ptx 1300 : 4096 1152384 15744 0 0 0 0 0 0 
_1.ptx 1301 : 4096 37888 16384 0 0 128 128 0 0 
_1.ptx 1302 : 4096 45088 0 0 0 0 0 0 0 
_1.ptx 1303 : 4096 45152 0 0 0 0 0 0 0 
_1.ptx 1304 : 4096 45344 0 0 0 0 0 0 0 
_1.ptx 1305 : 4096 25120 0 0 0 0 0 0 0 
_1.ptx 1306 : 4096 32832 0 0 0 0 0 0 0 
_1.ptx 1307 : 4096 0 0 0 0 0 0 0 0 
_1.ptx 1310 : 4096 24736 0 0 0 0 0 0 0 
_1.ptx 1329 : 4096 24576 0 0 0 0 0 0 0 
_1.ptx 1330 : 4096 24576 0 0 0 0 0 0 0 
_1.ptx 1331 : 4096 60672 0 0 0 0 0 0 0 
_1.ptx 1332 : 4096 24576 0 0 0 0 0 0 0 
_1.ptx 1333 : 4096 45600 0 0 0 0 0 0 0 
_1.ptx 1334 : 4096 28800 0 0 0 0 0 0 0 
_1.ptx 1335 : 4096 24576 0 0 0 0 0 0 0 
_1.ptx 1336 : 4096 33152 0 0 0 0 0 0 0 
_1.ptx 1337 : 4096 0 0 0 0 0 0 0 0 
_1.ptx 1338 : 4096 1040992 128 0 0 0 0 0 0 
_1.ptx 1339 : 4096 24608 0 0 0 0 0 0 0 
_1.ptx 1340 : 4096 32896 0 0 0 0 0 0 0 
_1.ptx 1341 : 4096 12288 0 0 0 0 0 0 0 
_1.ptx 1342 : 4096 25056 0 0 0 0 0 0 0 
_1.ptx 1343 : 4096 33376 0 0 0 0 0 0 0 
_1.ptx 1344 : 4096 34464 0 0 0 0 0 0 0 
_1.ptx 1345 : 4096 1076352 128 0 0 0 0 0 0 
_1.ptx 1346 : 4096 24576 0 0 0 0 0 0 0 
_1.ptx 1347 : 4096 34240 0 0 0 0 0 0 0 
_1.ptx 1348 : 4096 24576 0 0 0 0 0 0 0 
_1.ptx 1349 : 4096 64352 0 0 0 0 0 0 0 
_1.ptx 1350 : 4096 28672 0 0 0 0 0 0 0 
_1.ptx 1351 : 4096 1043680 128 0 0 0 0 0 0 
_1.ptx 1352 : 4096 29024 0 0 0 0 0 0 0 
_1.ptx 1353 : 4096 47904 0 0 0 0 0 0 0 
_1.ptx 1354 : 4096 47072 0 0 0 0 0 0 0 
_1.ptx 1355 : 4096 43488 0 0 0 0 0 0 0 
_1.ptx 1356 : 4096 32640 0 0 0 0 0 0 0 
_1.ptx 1357 : 4096 30976 0 0 0 0 0 0 0 
_1.ptx 1358 : 4096 34688 0 0 0 0 0 0 0 
_1.ptx 1359 : 4096 35840 0 0 0 0 0 0 0 
_1.ptx 1360 : 4096 33056 0 0 0 0 0 0 0 
_1.ptx 1361 : 4096 32800 0 0 0 0 0 0 0 
_1.ptx 1362 : 4096 33056 0 0 0 0 0 0 0 
_1.ptx 1365 : 4096 0 0 0 0 0 0 0 0 
_1.ptx 1366 : 4096 35328 0 0 0 0 0 0 0 
_1.ptx 1367 : 4096 30016 0 0 0 0 0 0 0 
_1.ptx 1368 : 4096 31168 0 0 0 0 0 0 0 
_1.ptx 1369 : 4096 24864 0 0 0 0 0 0 0 
_1.ptx 1370 : 4096 29728 0 0 0 0 0 0 0 
_1.ptx 1374 : 327680 1992000 0 0 0 0 0 0 0 
_1.ptx 1375 : 327680 29952736 1310720 0 0 0 0 0 0 
_1.ptx 1377 : 327680 1991232 0 0 0 0 0 0 0 
_1.ptx 1378 : 327680 30575488 1310720 0 0 0 0 0 0 
_1.ptx 1379 : 327680 3299296 0 0 0 0 0 0 0 
_1.ptx 1380 : 327680 3312000 0 0 0 0 0 0 0 
_1.ptx 1381 : 327680 3316992 0 0 0 0 0 0 0 
_1.ptx 1382 : 327680 2648960 0 0 0 0 0 0 0 
_1.ptx 1383 : 327680 1972512 0 0 0 0 0 0 0 
_1.ptx 1386 : 4096 0 0 0 0 0 0 0 0 
_1.ptx 1387 : 4096 29056 0 0 0 0 0 0 0 
_1.ptx 1388 : 4096 25088 0 0 0 0 0 0 0 
_1.ptx 1389 : 4096 29344 0 0 0 0 0 0 0 
_1.ptx 1393 : 163840 1711232 0 0 0 0 0 0 0 
_1.ptx 1394 : 163840 1234912 0 0 0 0 0 0 0 
_1.ptx 1395 : 163840 1377344 0 0 0 0 0 0 0 
_1.ptx 1396 : 163840 0 0 0 0 0 0 0 0 
_1.ptx 1397 : 163840 1857792 0 0 0 0 0 0 0 
_1.ptx 1398 : 163840 1723872 0 0 0 0 0 0 0 
_1.ptx 1399 : 163840 796096 0 0 0 0 0 0 0 
_1.ptx 1400 : 163840 2513440 0 0 0 0 0 0 0 
_1.ptx 1401 : 163840 1242880 0 0 0 0 0 0 0 
_1.ptx 1402 : 163840 2722208 0 0 0 0 0 0 0 
_1.ptx 1403 : 163840 1866080 0 0 0 0 0 0 0 
_1.ptx 1404 : 163840 1283232 0 0 0 0 0 0 0 
_1.ptx 1405 : 163840 1835936 0 0 0 0 0 0 0 
_1.ptx 1406 : 163840 1863232 0 0 0 0 0 0 0 
_1.ptx 1407 : 163840 49595296 655360 0 0 0 0 0 0 
_1.ptx 1408 : 163840 1861888 0 0 0 0 0 0 0 
_1.ptx 1409 : 163840 1254688 0 0 0 0 0 0 0 
_1.ptx 1410 : 163840 1164480 0 0 0 0 0 0 0 
_1.ptx 1411 : 163840 1265056 0 0 0 0 0 0 0 
_1.ptx 1415 : 9748480 110751936 0 0 0 0 0 0 0 
_1.ptx 1416 : 9748480 72709824 0 0 0 0 0 0 0 
_1.ptx 1417 : 9748480 114395616 0 0 0 0 0 0 0 
_1.ptx 1418 : 9748480 110072768 0 0 0 0 0 0 0 
_1.ptx 1419 : 9748480 47787680 512 0 0 0 0 0 0 
_1.ptx 1421 : 9748480 109905664 0 0 0 0 0 0 0 
_1.ptx 1422 : 9748480 2462082656 29637248 0 0 0 0 0 0 
_1.ptx 1423 : 9748480 110703200 0 0 0 0 0 0 0 
_1.ptx 1424 : 9748480 110985216 0 0 0 0 0 0 0 
_1.ptx 1425 : 9748480 73572864 0 0 0 0 0 0 0 
_1.ptx 1426 : 9748480 65494784 0 0 0 0 0 0 0 
_1.ptx 1427 : 9748480 149849984 0 0 0 0 0 0 0 
_1.ptx 1428 : 9748480 72908384 0 0 0 0 0 0 0 
_1.ptx 1429 : 9748480 467530912 0 0 0 0 0 0 0 
_1.ptx 1430 : 9748480 110730880 0 0 0 0 0 0 0 
_1.ptx 1432 : 9748480 111291520 0 0 0 0 0 0 0 
_1.ptx 1433 : 9748480 74141408 0 0 0 0 0 0 0 
_1.ptx 1434 : 9748480 75381920 0 0 0 0 0 0 0 
_1.ptx 1435 : 9748480 75932576 0 0 0 0 0 0 0 
_1.ptx 1436 : 9748480 69580160 0 0 0 0 0 0 0 
_1.ptx 1437 : 9748480 150383968 0 0 0 0 0 0 0 
_1.ptx 1438 : 9748480 148970400 0 0 0 0 0 0 0 
_1.ptx 1439 : 9748480 157945536 0 0 0 0 0 0 0 
_1.ptx 1440 : 9748480 73159040 0 0 0 0 0 0 0 
_1.ptx 1441 : 9748480 64885856 0 0 0 0 0 0 0 
_1.ptx 1442 : 9748480 112785600 0 0 0 0 0 0 0 
_1.ptx 1443 : 9748480 153417792 0 0 0 0 0 0 0 
_1.ptx 1444 : 9748480 111290880 0 0 0 0 0 0 0 
_1.ptx 1445 : 9748480 58244832 0 0 0 0 0 0 0 
_1.ptx 1446 : 9748480 101793056 0 0 0 0 0 0 0 
_1.ptx 1447 : 9748480 102671616 0 0 0 0 0 0 0 
_1.ptx 1448 : 9748480 82273760 0 0 0 0 0 0 0 
_1.ptx 1449 : 9748480 62036064 0 0 0 0 0 0 0 
_1.ptx 1451 : 163840 1241344 0 0 0 0 0 0 0 
_1.ptx 1452 : 163840 1385280 0 0 0 0 0 0 0 
_1.ptx 1453 : 163840 1043616 0 0 0 0 0 0 0 
_1.ptx 1456 : 4096 0 0 0 0 0 0 0 0 
_1.ptx 1457 : 4096 45632 0 0 0 0 0 0 0 
_1.ptx 1458 : 4096 30208 0 0 0 0 0 0 0 
_1.ptx 1459 : 4096 27392 0 0 0 0 0 0 0 
_1.ptx 1460 : 4096 29760 0 0 0 0 0 0 0 
_1.ptx 1461 : 4096 388480 0 0 0 0 0 0 0 
_1.ptx 1462 : 4096 45952 0 0 0 0 0 0 0 
_1.ptx 1463 : 4096 30304 0 0 0 0 0 0 0 
_1.ptx 1464 : 4096 30752 0 0 0 0 0 0 0 
_1.ptx 1465 : 4096 14912 0 0 0 0 0 0 0 
_1.ptx 1466 : 4096 26656 0 0 0 0 0 0 0 
_1.ptx 1467 : 4096 27040 0 0 0 0 0 0 0 
_1.ptx 1468 : 4096 31584 0 0 0 0 0 0 0 
_1.ptx 1472 : 163840 1190720 0 0 0 0 0 0 0 
_1.ptx 1473 : 163840 37635936 385920 0 0 0 0 0 0 
_1.ptx 1474 : 163840 1822336 0 0 0 0 0 0 0 
_1.ptx 1475 : 163840 1178656 0 0 0 0 0 0 0 
_1.ptx 1476 : 163840 1026400 0 0 0 0 0 0 0 
_1.ptx 1477 : 163840 2480736 0 0 0 0 0 0 0 
_1.ptx 1478 : 163840 74431168 0 0 0 0 0 0 0 
_1.ptx 1479 : 163840 1162048 0 0 0 0 0 0 0 
_1.ptx 1481 : 163840 1485920 0 0 0 0 0 0 0 
_1.ptx 1483 : 163840 904096 655360 0 0 0 0 0 0 
_1.ptx 1485 : 163840 882144 655360 0 0 0 0 0 0 
_1.ptx 1486 : 163840 1663200 0 0 0 0 0 0 0 
_1.ptx 1487 : 163840 1667328 0 0 0 0 0 0 0 
_1.ptx 1488 : 163840 1671520 0 0 0 0 0 0 0 
_1.ptx 1489 : 163840 1678880 0 0 0 0 0 0 0 
_1.ptx 1490 : 163840 1465120 0 0 0 0 0 0 0 
_1.ptx 1491 : 163840 994176 0 0 0 0 0 0 0 
_1.ptx 1493 : 4096 0 0 0 0 0 0 0 0 
_1.ptx 1494 : 4096 28864 0 0 0 0 0 0 0 
_1.ptx 1495 : 4096 28896 0 0 0 0 0 0 0 
_1.ptx 1496 : 4096 28992 0 0 0 0 0 0 0 
_1.ptx 1497 : 4096 25344 0 0 0 0 0 0 0 
_1.ptx 1498 : 4096 24800 0 0 0 0 0 0 0 
_1.ptx 1499 : 4096 29056 0 0 0 0 0 0 0 
_1.ptx 1503 : 61440 325280 128 0 0 0 0 0 0 
_1.ptx 1504 : 61440 432320 0 0 0 0 0 0 0 
_1.ptx 1505 : 61440 9170688 0 0 0 0 0 0 0 
_1.ptx 1506 : 61440 677344 0 0 0 0 0 0 0 
_1.ptx 1507 : 61440 4326080 29952 0 0 0 0 0 0 
_1.ptx 1508 : 61440 336128 128 0 0 0 0 0 0 
_1.ptx 1509 : 61440 677696 0 0 0 0 0 0 0 
_1.ptx 1510 : 61440 4468480 32128 0 0 0 0 0 0 
_1.ptx 1511 : 61440 555328 0 0 0 0 0 0 0 
_1.ptx 1512 : 61440 435136 0 0 0 0 0 0 0 
_1.ptx 1513 : 61440 374080 0 0 0 0 0 0 0 
_1.ptx 1514 : 61440 925888 0 0 0 0 0 0 0 
_1.ptx 1515 : 61440 437472 0 0 0 0 0 0 0 
_1.ptx 1517 : 61440 438784 0 0 0 0 0 0 0 
_1.ptx 1518 : 61440 444704 0 0 0 0 0 0 0 
_1.ptx 1519 : 61440 395072 0 0 0 0 0 0 0 
_1.ptx 1520 : 61440 991712 0 0 0 0 0 0 0 
_1.ptx 1521 : 61440 440224 0 0 0 0 0 0 0 
_1.ptx 1522 : 61440 378592 0 0 0 0 0 0 0 
_1.ptx 1523 : 61440 496704 0 0 0 0 0 0 0 
_1.ptx 1524 : 61440 556352 0 0 0 0 0 0 0 
_1.ptx 1525 : 61440 618624 0 0 0 0 0 0 0 
_1.ptx 1526 : 61440 621888 0 0 0 0 0 0 0 
_1.ptx 1527 : 61440 623264 0 0 0 0 0 0 0 
_1.ptx 1528 : 61440 493920 0 0 0 0 0 0 0 
_1.ptx 1529 : 61440 346624 0 0 0 0 0 0 0 
_1.ptx 1530 : 4096 24864 0 0 0 0 0 0 0 
_1.ptx 1534 : 4096 0 0 0 0 0 0 0 0 
_1.ptx 1535 : 4096 28992 0 0 0 0 0 0 0 
_1.ptx 1536 : 4096 24832 0 0 0 0 0 0 0 
_1.ptx 1537 : 4096 17280 0 0 0 0 0 0 0 
_1.ptx 1538 : 4096 24640 0 0 0 0 0 0 0 
_1.ptx 1539 : 4096 24672 0 0 0 0 0 0 0 
_1.ptx 1540 : 4096 28928 0 0 0 0 0 0 0 
_1.ptx 1544 : 163840 1157216 0 0 0 0 0 0 0 
_1.ptx 1545 : 163840 46301696 655360 0 0 0 0 0 0 
_1.ptx 1546 : 163840 1806688 0 0 0 0 0 0 0 
_1.ptx 1547 : 163840 1153920 0 0 0 0 0 0 0 
_1.ptx 1548 : 163840 990432 0 0 0 0 0 0 0 
_1.ptx 1549 : 163840 2463168 0 0 0 0 0 0 0 
_1.ptx 1550 : 163840 72096352 0 0 0 0 0 0 0 
_1.ptx 1551 : 163840 1150080 0 0 0 0 0 0 0 
_1.ptx 1552 : 163840 1644896 0 0 0 0 0 0 0 
_1.ptx 1553 : 163840 1643008 0 0 0 0 0 0 0 
_1.ptx 1554 : 163840 1315648 0 0 0 0 0 0 0 
_1.ptx 1555 : 163840 967968 0 0 0 0 0 0 0 
_1.ptx 1556 : 4096 24576 0 0 0 0 0 0 0 
_1.ptx 1561 : 4096 45088 0 0 0 0 0 0 0 
_1.ptx 1563 : 4096 20512 16384 0 0 128 128 0 0 
_1.ptx 1564 : 4096 45120 0 0 0 0 0 0 0 
_1.ptx 1565 : 4096 45152 0 0 0 0 0 0 0 
_1.ptx 1566 : 4096 24896 0 0 0 0 0 0 0 
_1.ptx 1567 : 4096 32768 0 0 0 0 0 0 0 
_1.ptx 1568 : 4096 0 0 0 0 0 0 0 0 
_1.ptx 1571 : 4096 24576 0 0 0 0 0 0 0 
